purity	class_distance	pearson	geneSet	geneSize	min_TimePoint	max_TimePoint
0.0	0.00861888181655	0.722667440551	824970,818822,818899,826914,829995,831528,838079,841447	8	87	98
0.0923076923077	0.0411001326867	0.521836455933	827307,835398,841558,820827,823831	5	85	97
0.087962962963	0.0436775502675	0.735800304365	838851,822517,843903,820827,841558,827307	6	66	77
0.00854700854701	0.03208858785	0.577834886706	831832,816546,818599,839642,823859,831377	6	65	77
0.0	0.00760277891837	0.625600486563	818069,832070,829995,831472,841652	5	98	107
0.0299145299145	0.0442061964909	0.679878147092	839433,816545,820041,837974,823859,3770591	6	75	87
0.00416666666667	0.0245017167585	0.658607512958	818822,843903,841468,823831,827307,838807,816768,832247	8	98	107
0.269005847953	0.155524574311	0.862637459016	830593,841919,821657,831888,830699,817174	6	61	79
0.4	0.358765509693	0.861217377081	817467,844378,816394,829438,820665	5	59	69
0.0	0.00642211373584	0.655469754137	822055,837265,827001,837179,834212	5	60	72
0.0	0.00368719797129	0.338189918153	827830,838984,818672,841984,828595	5	82	93
0.0	0.00713272245342	0.810733784539	824970,830101,826914,831528,829995,841447	6	58	67
0.0	0.0150308674821	0.763856743068	824970,832070,838984,843903,830128,829995,831472	7	60	69
0.273333333333	0.210999980163	0.744037333056	817467,844378,816394,829438,838259	5	98	107
0.0	0.00610480127566	0.680257221382	838984,830128,818903,839930,828595	5	63	72
0.0	0.110523747762	0.317789980904	833979,832070,827727,836043,832136,832057,831861,835375,843095,844343,827001,825208,837778,818069,817272,825714,822266,818672,816270,841534,837974,831377,830101,817646,822517,818343,844264,843596,838364,826914,831151,821840,841892,839566,831832,834212,843903,820211,841652,843048,837996,824937,817499,817221,834232,827307,841558,839869,816545,824970,841843,816546,837265,827830,824699,829995,838079,839433,843810,838151,831122,842985,831472	63	51	60
0.0564102564103	0.0191582956097	-0.0873861676157	843110,816692,827727,841467,838362	5	91	103
0.0222222222222	0.0136476674918	0.557208516095	818069,833471,816768,831472,841652	5	88	99
0.133333333333	0.0859050139604	0.78227159457	820041,817620,817499,838259,843095	5	87	99
0.0533333333333	0.0462839171469	-0.149673430248	831910,814643,830128,829966,843747	5	97	106
0.0	0.00389202968552	0.724682001799	840894,827921,837179,827564,828577	5	56	65
0.00666666666667	0.0125502966845	0.646656817336	829730,818672,841652,837179,834212	5	68	77
0.020202020202	0.0259459042561	0.75385680546	835355,817646,832057,831861,831910,831377	6	75	85
0.0	0.00228147422597	0.669245115128	822055,829730,818672,824937,837265	5	55	70
0.0	0.0105650167296	0.572700246141	830157,838455,827564,820741,831151	5	77	86
0.0	0.0304035768515	0.686862518726	837040,839392,838250,841920,844230	5	79	96
0.00701754385965	0.0100243049796	0.585903698001	842985,817272,825714,837778,817646	5	49	67
0.0925925925926	0.0902927481933	0.749711060847	816545,820041,839433,843095,817499,838259	6	89	103
0.0	0.00434158468095	0.690489201947	822055,837265,816768,838151,832247	5	68	78
0.0	0.0270556490988	0.523191701948	833979,839642,3770591,831151,823859	5	69	80
0.0	0.00528279502266	0.146614852457	837179,821840,820741,820176,830157,839869	6	94	105
0.025641025641	0.0167383142665	0.573803711209	832070,841468,841652,831472,818069,816768	6	86	98
0.040404040404	0.0323922266528	0.592579790303	820211,844264,841652,820176,827001,844010,818069,835320,822266	9	56	66
0.00416666666667	0.00604450126129	0.667274447814	818899,831528,826914,838079,818822	5	83	98
0.0031746031746	0.028015879127	0.677276197235	838779,839392,822205,824524,838250,818316,816651	7	61	75
0.0	0.0244281568275	0.784688300468	837040,839392,838250,841920,838779	5	65	80
0.0	0.00895454771917	0.0666869483888	829283,818903,818599,841468,822205,827564,823859,816936,840894,819107,837179	11	51	61
0.0	0.00974022251833	0.836106721377	824970,832070,829995,830101,831472	5	70	80
0.0190476190476	0.0295964641001	0.803476276179	824970,838851,836043,830101,829995,838807,842103	7	63	72
0.0277777777778	0.0533255855126	0.60813720346	820041,818343,839433,833471,3770591,819107	6	80	89
0.849122807018	3.26891770953	0.94504857812	817176,821051,820665,828697,829834	5	68	86
0.0	0.00464629804447	0.418943015479	837179,821840,827830,818903,824937,827001,831122,818672,839869,831151	10	98	107
0.0	0.00588104631689	0.552994599808	831151,820741,843048,838364,829730,827921	6	93	103
0.0	0.046703879739	0.69256205643	839566,816545,820741,837974,817499,838455	6	54	63
0.0	0.00388118731527	0.293054572555	844264,827001,818903,838151,828595	5	88	98
0.0	0.00948258003246	0.677595134683	825714,817646,844010,837778,842985,817272,834286	7	58	67
0.0757575757576	0.176335458262	0.775483707348	839566,816545,820041,817620,818343,820741,843095,817499,834232,821143	10	62	72
0.0	0.00694269950584	0.214439894057	828884,838984,844264,835431,828213	5	97	107
0.0	0.00672432043131	0.60383913564	818899,831122,841447,832247,818822	5	72	92
0.160173160173	0.113620975227	0.900927417366	830593,841919,838250,821657,831888,817174,839392	7	58	68
0.00555555555556	0.009979415512	0.822682951555	832454,820775,824937,830101,816546	5	84	95
0.121212121212	0.104906542778	0.929949591938	817174,831888,830593,821657,841919	5	96	106
0.00555555555556	0.0530199295898	0.655571327898	832057,816545,817221,831861,839642,837974,828489,836393,823859,816270	10	79	90
0.0	0.00536271972862	0.711388988803	835375,837265,832454,831122,822055,816936	6	88	97
0.834920634921	3.14340645666	0.953672292834	817176,821051,818766,829834,828697	5	57	77
0.151515151515	0.0209460978895	0.313779997001	843110,816692,841467,843827,829966	5	65	75
0.0	0.00278336965958	0.426861296865	816651,828595,828917,844264,822205,844283	6	75	84
0.00555555555556	0.0149583243468	0.678731123865	834212,842985,838364,829730,843596,841984	6	73	82
0.0	0.00240293199283	0.424157938964	837179,828577,839930,828213,828595	5	54	63
0.00673400673401	0.0207637899336	0.642833791214	841892,824970,832070,830101,835431,829995,831472,831528,824524	9	76	86
0.0233333333333	0.0544852247208	0.434631015498	844230,842833,838250,818316,838779	5	86	105
0.0153846153846	0.0247777339981	0.737257955835	843903,838807,838851,836043,822517	5	90	102
0.00606060606061	0.00614804289706	0.660434387949	822055,837265,824699,840894,838151	5	64	74
0.00740740740741	0.0109908120701	0.621118374143	818069,822266,820211,841652,827001	5	49	66
0.00952380952381	0.0146819471559	0.580149619652	841900,833979,829283,841843,820211,838021,830157	7	81	90
0.0181818181818	0.0233318384058	0.807301227632	822132,843903,841558,841468,822517	5	64	74
0.0	0.00760496673751	0.780930388255	818899,820775,826914,841447,831528	5	62	73
0.0541666666667	0.0273276885146	0.048557011501	841892,843110,3768499,838779,814643,843827,836393,824524	8	56	65
0.0111111111111	0.031395201218	0.266421719117	844230,842833,827727,818316,838779	5	95	106
0.254166666667	0.308880217154	0.701046354188	842830,817196,843491,824770,841033	5	50	65
0.00925925925926	0.0204774477167	0.466148893697	820775,816546,839930,827830,835375,840894,824937,832454,825208,838151,818300,839869	12	79	90
0.0	0.0033358947256	0.427825608737	828595,835375,837265,838151,831122,822055	6	91	103
0.0	0.0530601651879	0.756079755719	839433,837996,839566,817499,816545	5	96	105
0.0	0.0190220925191	0.677772967661	818599,828489,836393,839642,837974	5	80	91
0.509090909091	0.834323639309	0.87473145629	829266,828608,843687,823814,839449	5	52	62
0.0148148148148	0.0349700623252	0.871676882034	832057,844343,818343,837778,816270	5	86	103
0.0	0.00919562009138	0.653397841128	818899,830128,826914,818903,831122	5	69	79
0.0	0.00733602317668	0.761144419403	818903,818899,826914,831122,831528,841447	6	66	75
0.0	0.00675778402739	0.423975749147	842985,817272,843596,828213,843048	5	81	91
0.0252525252525	0.0644481663696	0.441074300726	828595,844264,841652,830128,842103,844283	6	78	88
0.0242424242424	0.0172823540138	0.819467605297	830157,844343,832057,841984,817646	5	59	69
0.015873015873	0.0165219344595	0.655437766362	824970,841892,832070,829995,831472,831528,816768	7	77	91
0.00694444444444	0.010597991621	0.593086858628	832070,841652,826914,829995,831472,818069,831528,816936	8	94	105
0.0277777777778	0.0296610929333	0.785954159522	822132,822517,843903,841468,820827,841558	6	65	74
0.00555555555556	0.0112003173212	0.635943022589	840894,816768,825208,838151,835375	5	61	72
0.113333333333	0.0472911948301	0.307419660479	822132,827307,835398,841892,823831	5	84	93
0.0	0.0271286613733	0.658724118939	837040,838779,841920,839392,822205,824524,838250,818316	8	68	80
0.0	0.0146619787547	0.747181136783	822132,841892,832070,841468,829995,831472	6	69	78
0.0	0.00750521317847	0.392668344317	832136,821840,827830,843903,841558,824937,829995	7	49	64
0.0	0.00673717634059	0.389111376812	827727,817272,834286,837778,843048	5	60	69
0.00666666666667	0.0132142318076	0.766844496052	827001,816768,825208,832247,835375	5	64	73
0.0358974358974	0.132802059628	0.249202720707	841892,843110,841467,838779,838672,820827,843827,842833,844230,816692,838250,818316,838362	13	98	107
0.0	0.0162837227381	0.756844585616	839433,835355,818731,819107,817221	5	59	75
0.116161616162	0.0585199850611	0.683579514273	822132,822517,843903,841558,827307,835320	6	63	73
0.0	0.01123103184	0.342466774791	841900,841843,835355,838021,842985,831377,822266	7	91	102
0.0666666666667	0.0344647399459	0.565133507602	824970,830101,838984,830754,829995,835320	6	61	70
0.142857142857	0.127018975138	0.567461508452	830593,841919,821657,831888,828917,817174,835320	7	97	106
0.406593406593	0.405194969728	0.899018063296	816394,817467,844378,838259,834232,821483,829438	7	72	84
0.0	0.0260774834916	0.731247136173	837974,823859,836393,3770591,816545	5	76	88
0.0	0.00799740619977	0.6996211797	816936,824699,835375,824937,834212	5	71	80
0.0	0.0125035486399	0.701384514269	824970,836043,830101,835375,826914,825208,831122	7	49	65
0.00505050505051	0.0182501605036	0.637963549357	821143,818599,832057,817221,818731,3768499	6	77	87
0.0	0.0244180703518	0.525871906919	838455,817646,843596,824699,843048,837555,838364,829730,817272	9	97	107
0.0	0.0548212199789	0.759565777977	839433,835355,837974,828489,833471,817221,838455,818731,3770591,819107	10	63	72
0.0	0.00781406094254	0.414656264366	818903,816546,827830,824937,827001,832454,818672,841984,843810	9	94	103
0.0	0.00420261982517	0.515814422356	818903,821840,827830,824937,827001,831122,818672,839869,837179	9	96	107
0.0	0.00624903888563	0.650549552216	837179,828577,821840,824699,828213,829730	6	91	101
0.335648148148	0.256813198885	0.767062219032	830593,841919,821657,831888,830699,842830,817174,835320	8	73	90
0.00555555555556	0.0286427440804	0.57908908525	821143,834212,817620,837974,844010,825714	6	94	103
0.00595238095238	0.0150979142692	0.689888508067	824970,836043,830101,835375,835398,826914,825208,831122	8	52	65
0.15	0.162704398628	0.604508833234	839566,820041,837996,838259,834232,842103	6	97	106
0.0598290598291	0.0835338575779	0.618078721442	820041,817620,839433,817499,830754,819107	6	84	96
0.0641025641026	0.0396447373668	0.708886662316	822132,838851,836043,822517,843903,828884	6	85	97
0.00292397660819	0.0080574463878	0.719317760849	818903,837265,827001,831122,822055,841447	6	76	94
0.0488888888889	0.0620464794978	0.709326008789	820041,817499,816545,820741,821143	5	63	77
0.0	0.00591540045286	0.354116358053	820176,827921,840894,837555,843048	5	87	98
0.0	0.0163015780198	0.597655099558	837974,825714,821143,834212,817221	5	91	102
0.0026455026455	0.0130508041412	0.670960233048	818903,818822,837265,818899,827001,841447,831122,822055,832247	9	77	90
0.0	0.0109829513852	0.674053769188	821143,817646,817221,823859,825714,818731	6	82	92
0.0	0.0065508096332	0.815266699273	824970,829995,832070,816768,831472	5	84	95
0.0222222222222	0.0115798018114	0.630306823756	837265,820775,816768,840894,832247	5	66	77
0.0	0.00755507469823	0.0502301294706	818903,818599,841468,827564,823859,816936,840894,819107,837179	9	49	61
0.0	0.0057648573953	0.712222982219	821840,824699,835375,824937,816936,840006	6	68	77
0.0	0.0302421683423	0.67829137526	816545,837974,828489,836393,823859,816270	6	78	90
0.0	0.00872409399278	0.640594030116	837179,834212,824699,837265,827001,822055,832247	7	61	71
0.0355555555556	0.0496391401487	0.29436481093	837040,814643,839392,830128,841920	5	91	105
0.025	0.0200294178103	0.672845947818	820211,838021,838364,832454,830157,817272,841984,842985	8	70	79
0.0	0.0164267320213	0.657149219179	832136,829283,843596,831832,817646,833979,820211,823859,838455	9	92	102
0.00555555555556	0.0457054107442	0.730381922849	816545,830754,816270,844010,837778,819107	6	72	81
0.0	0.00514931251304	0.168750858732	837040,814643,842833,841920,838779	5	74	91
0.0606060606061	0.0822517151704	0.6679687152	817620,838455,817499,816545,839566	5	59	69
0.0181818181818	0.0427854324945	0.730114319948	838455,817499,816545,839566,3768499	5	58	68
0.0428571428571	0.0409415361706	0.735074271804	822132,838851,836043,822517,843903,828884,838807	7	88	97
0.0	0.00880512953379	0.622998164804	841900,832136,841843,833979,820211,823859,842985	7	96	107
0.0	0.0334432511737	0.71700666936	818343,818599,832057,844343,837778,3770591,816270	7	94	103
0.0	0.011699603959	0.56896925869	837179,834286,844283,825208,830101	5	87	96
0.0	0.00808806595807	0.427816324734	838364,842985,844264,831832,841652	5	60	69
0.030303030303	0.0199776728782	0.343833109339	838851,830593,834286,831888,841447	5	50	60
0.0	0.0013744334738	0.586108374355	827830,844264,818300,839869,839930	5	70	81
0.0111111111111	0.0092686372703	0.474919736766	818069,832070,826914,841652,841447	5	95	106
0.0	0.01682645204	0.706210489519	832136,825714,827564,817646,818633	5	85	94
0.0	0.014164975211	0.433940194466	837040,838779,841920,842833,844230,839392	6	73	84
0.0	0.00406301232385	0.253967210225	829283,843048,843810,827921,840006,834286	6	72	81
0.0	0.0073927831546	0.533858522537	832136,828577,820211,820176,827564,822266	6	60	69
0.0	0.00515793185902	0.869902196803	824970,829995,826914,830101,841447	5	55	67
0.0277777777778	0.0662193458742	0.452488690258	838672,838779,842833,844230,838250,818316	6	92	105
0.0564102564103	0.0196127718101	0.27534211006	836393,818300,816651,839930,830699	5	95	107
0.0	0.0274117940783	0.595790551648	3770591,828489,821143,839642,823859	5	73	83
0.0	0.00856923355775	0.531479825756	838984,829730,818672,837555,834212	5	74	89
0.00606060606061	0.0126025461539	0.774769359362	841900,833979,829283,820211,831832	5	84	94
0.00512820512821	0.0276918471683	0.642057736956	818599,831377,839642,817646,823859	5	64	76
0.02	0.0478715687405	0.662075829598	835355,832454,3770591,843827,3768499	5	49	58
0.0	0.0098431510258	0.574890296168	838672,843747,816768,825208,838079	5	75	84
0.0333333333333	0.161769233922	0.773089031138	837974,835355,816545,820041,3768499,818343,820741,839433,828489,817499,817221,834232,833471,838455,818731,3770591,819107,821143	18	64	73
0.0	0.0474482626357	0.630688632948	833471,818343,817499,839642,838362	5	76	86
0.0	0.0100534218981	0.0588063967069	829283,818903,818599,814643,841468,822205,827564,823859,816936,840894,819107,837179	12	52	61
0.0	0.00902219309961	0.577601201805	837179,834212,824699,837265,827001,822055,818300,832247	8	62	72
0.0	0.00640149622671	0.516008316876	817272,828577,843048,828213,827921,822266	6	85	95
0.00808080808081	0.0256449162569	0.412868067174	820775,839930,816546,828595,827830,835375,841652,839869,844264,824937,832454,825208,838151,818300,840894	15	80	90
0.0266666666667	0.0127766387798	0.555146874891	830157,820211,817272,832454,843810	5	68	77
0.0933333333333	0.0511043024744	0.85271042643	839433,820041,844343,832057,831861	5	70	79
0.0	0.00895586629556	0.768612805908	820775,818899,826914,831122,831528,841447	6	63	73
0.0	0.00867266124022	0.857890516788	829730,824699,837179,841984,821840	5	80	90
0.0	0.0285206738861	0.407056932282	828595,827830,838984,830128,818672,841984,839869	7	83	93
0.0	0.00214506615035	0.311807976479	827830,843810,824937,832454,818903	5	92	103
0.00416666666667	0.0155791051036	0.199096697577	818633,818899,820176,844378,844010,822055,830157,818300	8	52	61
0.0	0.00267061881387	0.200588527463	822055,818899,820176,830157,844010	5	51	63
0.0	0.00595580386891	0.650150796017	825714,817646,837778,842985,817272,834286	6	52	67
0.0410256410256	0.0254373016191	0.149430830319	816692,838672,818316,838362,830699	5	49	61
0.05	0.0411884509243	0.410328541338	818822,841468,841652,835398,826914,831472,818069,832247	8	93	102
0.00606060606061	0.0130923742828	0.567793585024	824970,831528,826914,830101,841892	5	72	82
0.0259259259259	0.0160868485534	0.660480582169	824970,832070,841468,829995,831472,818069	6	78	92
0.0	0.0215971336758	0.777698154141	822132,841534,818822,841468,823831,820827	6	60	69
0.0	0.00372674865425	0.62055873206	818903,837265,838151,822055,818300,839869	6	73	86
0.188888888889	0.17360454648	0.951985109941	837996,843095,817467,816394,839566	5	81	92
0.0444444444444	0.0767403731832	0.844496480529	837996,820041,843095,3770591,821143	5	59	70
0.0	0.0212606658633	0.72005055265	828489,818731,3770591,817646,831151	5	68	78
0.003367003367	0.0413831158988	0.496327098835	832136,831151,816546,828577,833979,839642,818633,823859,3770591	9	70	80
0.0133333333333	0.00760248186208	-0.0657196288274	841467,842833,836393,816651,844230	5	49	63
0.1	0.0347451244814	0.0738102919489	841892,843110,841467,843827,842833,829966,816692,838362	8	58	67
0.011396011396	0.0129904784413	0.504469584386	820775,816546,827830,835375,840894,824937,832454,838151,839869	9	78	90
0.0	0.00556613554241	0.584475018305	818899,826914,838079,832247,818822	5	81	97
0.0	0.00223172720269	0.269319632077	840006,822266,834286,828213,843048	5	73	84
0.0238095238095	0.018459940111	0.572412250951	832070,841468,841652,831472,818069,816768,832247	7	87	98
0.0	0.00648195421102	0.224906252819	843810,836393,827921,822266,834286	5	69	78
0.0160256410256	0.0265663012977	0.690932791638	817646,818633,844343,832454,844010,830157,825714,841984	8	60	72
0.0	0.011365221644	0.33796145195	3768499,841843,820741,831910,830157,843596,840006,842985	8	87	96
0.0808080808081	0.038141229766	0.798868731122	836043,822517,820827,841558,828884,838807	6	69	79
0.0	0.00624413809274	0.285662625653	820176,837555,834286,828213,828577	5	84	94
0.0142857142857	0.0295845073596	0.644411099663	833979,831832,841843,830754,820211,838021,827564	7	76	85
0.0	0.0171651177889	0.653531555493	832136,829283,843596,831832,817646,833979,820211,838455	8	91	102
0.0333333333333	0.036516370273	0.472213577519	838807,835398,836043,823831,841534	5	75	84
0.00555555555556	0.00916353201953	0.460672246887	832070,841652,822055,826914,818069,841447	6	97	106
0.0	0.0118709213232	0.435268625259	832136,831377,833979,820211,838455,822266	6	95	105
0.138095238095	0.0991906320314	0.542991249408	820041,817620,817499,838259,830754	5	85	98
0.00865800865801	0.0356523728248	0.00327153602602	837040,841920,839392,839642,836393,822205,838250	7	59	69
0.030303030303	0.0275996755756	0.80387521314	838807,838851,836043,842103,822517	5	60	70
0.0128205128205	0.00895682284134	0.568595614297	820775,818903,835375,837265,838151,822055,818300,839869	8	74	86
0.0	0.0287174177595	0.798723284579	844343,818343,837778,816270,831861	5	95	104
0.0	0.0069389880858	0.381393770306	837040,844230,842833,841920,838779	5	70	84
0.00512820512821	0.021290413852	0.51775869895	818599,833979,831151,816270,841843	5	57	69
0.0	0.00657530985489	0.777804408152	830157,832136,817272,825714,827564	5	64	74
0.0	0.0236576723524	0.525735238276	818343,839433,843810,817221,833471,843596	6	54	66
0.0190476190476	0.0486984799279	0.653688626511	832057,817499,816545,820741,821143	5	65	78
0.0	0.00984528460722	0.476704408484	816546,828577,820741,837265,843810,838151,832454	7	97	107
0.0363636363636	0.0168271625891	0.801883037658	830157,832454,817272,820211,841984	5	69	79
0.0142857142857	0.0320896858449	0.727061922795	838779,841920,818822,838021,817174,824524,839392	7	53	62
0.003367003367	0.0151533654694	0.311315443365	820775,818633,818899,820176,838851,833471,844010,822055,830157	9	53	63
0.0	0.00251401633076	0.597021444533	839930,828595,838984,827830,837555,818300	6	67	76
0.025974025974	0.0274946372422	0.162093299885	818903,841920,839392,838021,823859,817174,840006	7	55	65
0.0277777777778	0.0334475107764	0.786280939646	838851,836043,822517,843903,838807,842103	6	61	70
0.003663003663	0.0229654719462	0.523341090916	831377,843596,818599,835355,827564,831910,825714	7	68	80
0.0888888888889	0.0644255138548	0.772824486617	822132,830593,841919,830754,821657,823831	6	56	65
0.0555555555556	0.0906919084237	0.737800955491	839566,816545,817620,818343,820741,817499	6	60	72
0.0047619047619	0.0213553943698	0.817303410444	827307,841558,836043,843903,822517	5	92	105
0.0	0.0108922591617	0.601133290521	822132,828917,818300,816651,822205	5	92	101
0.0	0.00953497979105	0.587202340108	821143,817646,835355,831377,818731,3768499	6	81	91
0.0	0.0402389263935	0.668417255762	833471,818343,817499,839642,819107	5	78	87
0.0	0.00246406318595	0.432347724502	838079,844283,840006,818903,828595	5	59	68
0.0	0.00374287986062	0.484655320394	841900,821840,838984,820176,837555,828213	6	72	81
0.0363636363636	0.049450935286	0.666315772235	839433,820041,818343,833471,819107	5	79	89
0.0	0.0325106031909	0.402607355106	818903,828595,827830,834286,838984,830128,838151,839869,844283	9	86	95
0.0	0.00501015069862	0.515521206766	838364,827921,831151,820741,843048	5	92	103
0.0940170940171	0.0269304988712	-0.0475869554908	841892,843110,841467,829966,816692,838362	6	57	69
0.00555555555556	0.0109284286101	0.471207163236	824937,832454,841652,816546,828595	5	76	87
0.0	0.00514193599171	0.542174243011	821840,827830,841652,824937,829730,818672	6	61	72
0.00555555555556	0.0163915659816	0.620144771213	843903,841468,816768,823831,818822	5	96	107
0.0	0.00193090819039	0.308240548164	818903,828595,827830,838984,838151,839869	6	87	97
0.303703703704	0.278727484402	0.674552520548	816394,817467,844378,829438,834232,842103	6	91	105
0.0	0.00538648295785	0.748954944854	824970,832070,818899,829995,831528,838079,841447	7	91	102
0.0333333333333	0.0364131983181	0.628254481331	837974,844343,844010,837778,3770591	5	84	93
0.00888888888889	0.0134767795933	0.617396441779	841892,831528,829995,830101,831472	5	73	87
0.0	0.0137653770211	0.574039157181	817272,834212,843048,842985,838364,843596,822266	7	83	92
0.0	0.0020659138264	0.252610688727	827830,840006,844264,837555,818300	5	65	74
0.0166666666667	0.0153903451239	0.54804649595	818822,841652,833471,831472,818069,816768	6	90	99
0.108225108225	0.0535475975453	0.754666431771	838851,822517,843903,820827,841558,828884,827307	7	67	77
0.0	0.00225121049585	0.00123500826622	830157,818899,820176,818300,844010	5	49	62
0.04	0.0448281795259	0.220197422082	828884,837555,844378,834286,838021	5	49	58
0.0	0.00670567208042	0.853870448163	824524,838672,838079,835431,843747	5	74	83
0.0	0.00742844537772	0.60844464924	835355,831377,818731,3768499,817646	5	80	91
0.0111111111111	0.0216931041915	0.515195536228	818599,831377,838455,816546,835355	5	67	78
0.0	0.00288667682486	0.412991403209	837265,843810,832454,838151,816546	5	95	107
0.0	0.0114910039276	0.674893521682	839642,820775,841984,825208,816546	5	88	99
0.0	0.0171075339997	0.604566467153	821143,818599,817221,828489,836393,823859,818731	7	83	94
0.0617283950617	0.141726942809	0.776072352731	839566,816545,820041,817620,818343,820741,843095,817499,821143	9	61	72
0.0	0.0224173846544	0.745564211069	835355,839433,828489,817221,818731,819107	6	62	75
0.102564102564	0.0161253521546	0.187505989308	843110,816692,827727,841467,843827	5	89	101
0.0	0.00617072104507	0.548381035305	837179,821840,838984,824699,837555,818672	6	73	87
0.0047619047619	0.00859063578271	0.593908053306	838364,842985,817272,840006,843048	5	75	88
0.0	0.0163766062136	0.697466185288	832070,841534,843903,841558,838807,842103	6	55	65
0.0	0.00241198378628	0.692512644234	838984,837555,818300,839930,828595	5	66	76
0.0	0.00251094272902	0.550713142359	839930,844283,838079,838021,828595	5	57	67
0.0277777777778	0.0222053114447	-0.0291383875874	843110,816692,841467,838362,843827	5	96	107
0.0	0.0165928516699	0.429114124992	816546,828577,835355,832454,835375,820741,837265,843810,838151,830157,831528,838079	12	98	107
0.0	0.0173027665214	0.87677693221	833979,832057,831377,831151,831861	5	63	72
0.379166666667	0.255779458449	0.888230372223	834232,817467,844378,816394,829438	5	69	84
0.00701754385965	0.0176263889927	0.506118438321	834232,833979,831151,816270,841843	5	49	67
0.0	0.00926889967364	0.423841275664	838364,837555,840894,820741,843048	5	91	102
0.0	0.0311914077609	0.675424351667	837040,838779,841920,839392,822205,824524,838250,818316,841534	9	69	80
0.00666666666667	0.00834738118406	0.745249949845	820176,829730,818672,837179,841652	5	67	76
0.025641025641	0.0130956101453	0.776337163167	818899,835398,826914,841447,831528	5	60	72
0.0666666666667	0.0783343466802	0.812547777918	837996,843095,821143,828884,3770591	5	58	68
0.0787878787879	0.0856021475263	0.856084897014	839566,817620,818343,817499,838362	5	75	85
0.128888888889	0.0127197421989	0.0295409640058	843110,816692,827727,841467,829966	5	80	94
0.0	0.00628145700924	0.262135409643	3768499,841843,843048,820176,837555,828213,827921	7	90	99
0.0	0.0264344196638	0.661438056685	836043,841534,822517,843903,823831,841558,827307,816768	8	95	105
0.0	0.0302733521393	0.626153313067	835355,818343,839433,843810,817221,833471,843596,818731	8	57	66
0.00826446280992	0.0212947057957	0.557086176552	832136,831832,816546,820211,844264,841652,818069,820176,827001,838364,834212	11	58	68
0.226666666667	0.206181588093	0.809542826061	837996,839566,817467,816394,842103	5	85	99
0.00416666666667	0.0361875022376	0.0585401357551	837040,841920,843747,838250,839642,836393,822205,839392	8	60	69
0.0	0.0225040759271	0.614164439177	818599,844343,837778,816270,3770591	5	96	105
0.0	0.00572863577786	0.392033650342	821840,827830,841652,844264,824937,829730,818672	7	62	71
0.0	0.00577595746832	0.125795491745	837179,821840,827830,820741,820176,830157,839869	7	95	105
0.0128205128205	0.0149431683855	0.377055694712	835431,828577,831910,817174,824524,844283	6	49	61
0.0	0.00893378427762	0.575307171452	829730,820176,837555,824699,840894	5	86	96
0.0	0.0083410283606	0.0565493950471	818903,818599,841468,822205,827564,823859,816936,840894,819107,837179	10	50	61
0.0	0.00959720864385	0.662054503166	832136,829283,838455,817646,833979	5	88	102
0.0444444444444	0.0837565866745	0.780617995356	3768499,820041,843095,837996,3770591,821143	6	60	69
0.0	0.00711097986854	0.592452133991	824699,843048,837555,838364,829730,817272	6	95	107
0.0	0.00789305975209	0.508785064481	818903,816546,824937,832454,827001,841984,843810	7	91	101
0.0324074074074	0.0296823788275	0.513806555169	820741,832247,829730,838807,835320,842103	6	51	62
0.0	0.0228210487034	0.598629052435	828489,818731,831832,817646,830754	5	69	79
0.0121212121212	0.020285244894	0.780525842723	827307,838807,841534,842103,841558	5	58	68
0.0133333333333	0.013161261446	0.66847618975	818069,827001,820176,820211,841652	5	54	68
0.0111111111111	0.0213683565187	0.373905815776	828489,823859,818731,827564,818633	5	89	100
0.0666666666667	0.0267568249821	0.701356941673	818672,824937,827001,835398,831122	5	95	104
0.0247933884298	0.0359643431863	0.266941446024	837040,841920,839930,818300,830699,818633,840006,836393,816651,824524,839392	11	97	107
0.0	0.0113263377577	0.598964468199	841900,832136,829283,831377,817646,833979,835355,838455	8	90	99
0.0	0.0085294297311	0.542232184355	831151,820741,838364,830157,817272,822266	6	88	98
0.0	0.018495005605	0.688196283104	837974,825714,821143,834212,844010	5	92	103
0.0111111111111	0.0243838189535	0.277069265383	818633,828489,836393,827564,823859,818731	6	91	100
0.0274509803922	0.00994878912346	0.468100388085	840894,820775,835375,838151,839869	5	75	91
0.0	0.014690442958	0.569318206291	824970,835375,818899,829995,831472,831528,816936,841984,838079,825208	10	97	106
0.0121212121212	0.0118373635044	0.64954400692	830157,833979,829283,820211,838021	5	80	90
0.0	0.00539470967832	0.706961719086	837265,832247,838151,822055,816768,841447	6	69	78
0.0	0.0106134053464	0.625789160966	834286,843596,838021,817646,831832	5	95	105
0.0	0.0380669029654	0.654898281794	837974,839566,817499,816545,820741	5	52	63
0.0	0.0411915460835	0.607392360542	817646,830754,837974,833471,816270,819107	6	70	80
0.397619047619	0.750952388181	0.867390327532	843491,824770,844245,823814,841033	5	49	104
0.0	0.0152779872223	0.643887171281	841900,838455,831832,841843,823859,843596,822266	7	94	103
0.0	0.0177134941588	0.760435740983	832070,841534,843903,841558,831472,838807,842103	7	56	65
0.0133333333333	0.0247495167656	0.628530854001	818822,818899,830128,826914,832247,831122,827001,816768,840894,841447	10	74	83
0.04	0.0274319757692	0.762703941012	838807,841558,836043,820827,822517	5	83	92
0.0	0.0067727399571	0.709964075152	822055,837265,816936,827001,831122	5	79	96
0.0	0.013896346442	0.636864221984	824970,818899,829995,825208,831528,816936,841984,838079,831472	9	95	106
0.0	0.0115695491817	0.617599179919	842985,843596,820211,831832,838021	5	90	101
0.00833333333333	0.022462969833	0.551034046369	832136,831832,816546,820211,820176,841652,818069,844264,827001,827564,838364,834212	12	59	68
0.0	0.00384007125608	0.564851149473	829283,816936,840006,828213,821840	5	69	78
0.408888888889	0.745763007311	0.953262192076	842830,824770,843491,844245,841033	5	59	73
0.0	0.0176823213589	0.713398177024	828489,818731,821143,820741,817221	5	70	81
0.225641025641	0.184265489725	0.92228013197	837996,843095,817467,816394,838259	5	78	90
0.0466666666667	0.0160987911646	0.643717992931	827001,820775,816768,840894,832247	5	70	79
0.157407407407	0.0989803272598	0.894012414151	830593,841919,839392,821657,817174,838250	6	57	68
0.0	0.00934947648201	0.747386810929	837179,832454,838364,829730,818672,822266	6	72	81
0.188888888889	0.225803847204	0.816423954004	839566,816394,843095,817467,837996,842103	6	83	92
0.0	0.00222510676021	0.540607601192	827830,829730,818672,824937,821840	5	58	72
0.0166666666667	0.0261142006164	0.589509794201	831151,830754,820211,838021,827564,830157	6	78	87
0.0	0.00493525632823	0.624124770026	824970,818899,835375,841447,838079	5	89	99
0.0	0.00432289869799	0.286467249551	821840,839642,827001,828213,818672,839869	6	93	102
0.0	0.0254467135849	0.842139342847	822132,838807,841468,836043,842103	5	66	75
0.0277777777778	0.0287419917415	0.836182452017	832136,831151,844343,837778,830157,825714	6	76	85
0.0333333333333	0.0161290028933	0.631932104581	842985,820211,830157,817272,841984	5	72	81
0.0151515151515	0.0712087246906	0.258767955727	837179,821840,828595,824699,830128,841652,844264,822205,844283,842103,816651	11	79	88
0.0333333333333	0.0518687159961	0.923630804084	832057,831861,844343,844010,837778,816270	6	82	91
0.0	0.00186791988247	0.23249568207	837040,831910,839930,828213,828595	5	53	62
0.0	0.00778151755178	0.148729321977	837040,841920,838779,814643,842833,844230	6	77	91
0.00666666666667	0.00474815301168	0.0836880377781	843810,820176,841984,834286,822205	5	76	85
0.0121212121212	0.0125899422091	0.720368672207	841900,833979,829283,820211,838021	5	83	93
0.0	0.00766074838721	0.498220633395	820775,816546,824937,843810,818672,841984	6	86	98
0.0	0.00655184639073	0.360089222201	818903,839930,828595,844264,827001,838151,831122,832454	8	89	98
0.922807017544	5.41024219718	0.945092384723	817176,821051,823899,828697,829834	5	89	107
0.0166666666667	0.0315289005402	0.502953755666	841892,841919,820741,838807,835320,832247	6	49	58
0.0	0.00459431935622	0.322794755342	843810,820176,822266,834286,828577	5	80	90
0.1	0.0488674814325	0.639924421949	827307,835398,841558,836043,822517	5	77	88
0.0	0.00630689661481	0.492398557799	835355,833979,829283,831377,841900	5	87	101
0.037037037037	0.0532053019513	0.312090808418	837040,841920,814643,830128,824524,839392	6	94	105
0.0	0.00712622723031	0.343899147856	830157,842985,843596,840006,841843	5	85	96
0.0	0.0129893056001	0.63075182615	820775,818903,816546,827001,825208,841984	6	90	100
0.010101010101	0.0357670336667	0.553509201764	841892,827727,838779,839392,822205,824524,838250,818316,816651	9	63	73
0.0	0.00442319523823	0.538480039183	818300,829995,816768,841447,821840	5	54	65
0.0	0.00620764707726	0.630065341349	837040,828917,841920,835431,838079	5	62	72
0.0111111111111	0.0403346771015	0.444199479101	839433,818343,843810,843596,817221	5	49	66
0.0	0.00503787998101	0.712536062127	822055,837265,816936,835375,831122	5	82	97
0.0	0.0191558352916	0.637732590099	832136,843596,828577,818633,831910,827564,830157,825714	8	66	76
0.0388888888889	0.020920969108	-0.0280472106238	843110,827727,841467,843827,816692,838362	6	94	103
0.0	0.00682461731302	0.439809902622	828595,835375,837265,825208,838151,831122,822055	7	92	103
0.003663003663	0.0263342392847	0.676120609379	836043,822517,843903,823831,841558,827307,816768	7	93	105
0.0	0.0103656849306	0.810816398964	824970,832070,830101,818822,829995,831472	6	65	74
0.0	0.0139836724087	0.729038417119	833979,831377,831151,841843,831861	5	60	71
0.0	0.00329586116524	0.269013914411	837040,829283,840006,818903,835431	5	56	67
0.0	0.0128489473967	0.641094485983	831377,3768499,818599,835355,831910,825714	6	73	82
0.0	0.0050722359188	0.525503177097	841534,822517,818899,826914,822055,816936,841447	7	98	107
0.0	0.010835304991	0.389149924273	834212,828577,838984,820176,837555,843810,818672,822266,834286	9	81	90
0.0	0.00912487422022	0.688267204678	817272,824699,830101,837555,840894	5	93	105
0.0	0.0118657286191	0.495537700186	832136,821840,827830,843903,841558,824937,829995,842103,838807,841447	10	52	64
0.0	0.0186509335517	0.748073597786	3768499,818599,828489,836393,817221,821143	6	75	84
0.0047619047619	0.0396347784188	0.895478263295	818343,832057,831861,816270,816545	5	84	97
0.00297619047619	0.028702482203	0.572951346399	827727,838779,839392,822205,824524,838250,818316,816651	8	62	75
0.0375	0.0149278115258	-0.179255861497	842833,816692,841467,838362,829966	5	53	68
0.0266666666667	0.0218623958043	0.644571773288	828884,827307,841558,820827,823831	5	90	99
0.0757575757576	0.0169043034481	0.0806576942267	843110,827727,841467,838779,814643,842833,829966,816692	8	84	94
0.0	0.0103516985212	0.598125227976	827307,841558,841534,832247,822517	5	96	106
0.08	0.07107607752	0.894960136742	839433,817620,818343,844343,838362	5	72	81
0.0	0.00588432509992	0.672365141428	838364,832136,834212,831832,816546	5	56	68
0.0	0.00883741218387	0.336420411455	829730,836393,822266,837179,843810	5	70	80
0.0	0.0108192385413	0.413325380396	837179,821840,838984,824699,843810,829730,818672,841984,844283	9	85	94
0.0	0.00206018537054	0.435753694606	818672,834286,840006,820176,843048	5	70	79
0.0	0.0182121371982	0.660717560679	821143,818599,837974,844010,817221,3770591	6	88	99
0.0	0.00486539462422	0.468317754979	832454,818672,824937,843810,830101	5	90	99
0.0	0.0070205139201	0.472912027629	837179,821840,824699,843810,829730,844283	6	84	94
0.0102564102564	0.0132375062745	0.781855894767	820775,832454,830101,816546,840894	5	82	94
0.021645021645	0.015136408823	0.677569590912	824970,832070,841468,829995,831472,818069,816768	7	85	95
0.0396825396825	0.0763266952099	0.496437750237	841892,838672,838779,842833,844230,838250,818316	7	94	105
0.0	0.0289290336318	0.761675291055	828489,818731,833471,816270,817221	5	65	77
0.0333333333333	0.0378428284718	0.609147263927	831910,832136,844343,825714,830754	5	80	89
0.141666666667	0.0206060362151	0.14737299717	816692,827727,841467,843827,829966	5	73	88
0.0	0.0372855651574	0.772235800491	839433,843095,817499,816545,819107	5	94	104
0.030303030303	0.040343257321	0.340923965434	838851,816768,3770591,831888,821143	5	52	62
0.0	0.00674636995806	0.274266083641	835431,828595,838984,828884,844264,828213	6	98	107
0.0	0.00142307654694	0.552734397	827830,844264,818300,839930,828595	5	69	80
0.0	0.012825531263	0.30779773053	820775,816546,827830,839642,838984,825208,841984,839869	8	89	99
0.0	0.0124354163256	0.610026230544	837974,825714,844010,827564,817221	5	97	107
0.0	0.00609906818834	0.819691086374	829730,828577,824699,837179,821840	5	89	101
0.0	0.00727910204356	0.679926971934	824699,816768,835375,832247,840894	5	59	69
0.0	0.00859022086824	0.309513752019	841900,838672,838779,843747,814643,824524	6	57	67
0.0656565656566	0.115515394466	0.904005719927	839566,817620,818343,843095,837996,838362	6	74	84
0.112820512821	0.124054754144	0.611766633855	837996,820041,839566,838259,830754	5	92	104
0.0	0.0275113969181	0.617705546844	832057,834212,818599,818343,844343,3770591,816270	7	98	107
0.0	0.0261346924022	0.59752186135	818343,839433,833471,817221,843810,843596,818731	7	55	66
0.0	0.0142755563941	0.741310505435	818599,837974,821143,3770591,817221	5	86	99
0.00833333333333	0.0275106960995	0.410222585893	820775,839930,816546,828595,827830,835375,841652,840894,844264,824937,832454,825208,838151,818300,839869,844283	16	81	90
0.0	0.00272416564722	0.521871597314	822055,837265,816936,838151,831122	5	90	101
0.0	0.0187119044067	0.880238433585	824970,836043,838807,829995,842103	5	62	72
0.0	0.00599443984586	0.61454370886	837179,834212,821840,820176,824937,829730,818672	7	65	74
0.0	0.00197418216497	0.502509256632	837265,818672,824699,839869,838151	5	49	68
0.0	0.0056160890246	0.735653494029	824970,832070,818899,829995,831528,816936,838079,841447	8	93	102
0.00666666666667	0.0559673510276	0.665185650152	830754,844343,818343,3770591,837778	5	97	106
0.0	0.011177520607	0.708258675703	837179,834212,824699,835375,824937,829730,818672	7	69	78
0.0	0.0117646382172	0.710646598902	818899,830128,816768,841447,832247	5	71	83
0.0298245614035	0.0874227647882	0.168513644798	837040,841920,839930,843747,822205,818300,814643,830699,839642,818633,840006,836393,816651,829966,830128,831910,824524,839392,844283	19	98	107
0.0	0.00148066140848	0.662929949411	827830,839930,818300,839869,838151	5	71	83
0.0	0.0309891064051	0.487609602783	838455,831377,830101,817646,843596,824699,843048,837555,838364,829730,817272,840894,831832	13	98	107
0.0277777777778	0.0309732452055	0.442630856973	824970,828595,837265,835375,818899,835398,825208,838151,831122,822055,838079,841447	12	94	103
0.0	0.0347678092434	0.72525585654	828489,833471,837778,817221,818731,816270	6	66	77
0.0	0.0102558289278	0.355056101156	837179,836393,829730,818672,822266,843810	6	71	80
0.0	0.00337807652234	0.355227648084	829283,827921,840006,834286,843048	5	71	81
0.0444444444444	0.0301988147682	0.921212703992	844010,844343,832057,831151,831861	5	64	75
0.0	0.0158294088231	0.707834657848	818822,818899,830128,841447,831122,816768,832247	7	73	83
0.0	0.0196235262493	0.70671935522	841984,832454,837778,817646,818633	5	63	74
0.0	0.00505998061821	-0.0932616979317	818300,836393,816651,831910,818731,822205	6	93	104
0.0363636363636	0.0285632431092	0.899169245169	832136,844343,825714,831151,837778	5	75	85
0.311688311688	0.214468036322	0.870657074967	830593,841919,821657,831888,830699,842830,817174	7	69	79
0.0	0.0066723461391	0.534849642913	832136,817646,833979,820211,838021,831377	6	94	103
0.0	0.00618341301517	0.787294272719	828917,838672,838079,835431,843747	5	63	78
0.0277777777778	0.0443310533615	0.874377926039	816545,820041,837974,816270,818731,819107	6	74	85
0.0	0.0165785949055	0.590390697143	841984,832454,843810,817646,818633	5	62	73
0.00666666666667	0.0267999484291	0.571332806939	841900,832136,829283,821143,841843,833979,820211,823859,842985,822266	10	98	107
0.004329004329	0.0175305651258	0.638538085566	830754,835375,837555,825208,838151,816768,840894	7	62	72
0.0	0.00960218493028	0.569154015744	843596,834212,843048,842985,817272,822266	6	82	92
0.00793650793651	0.0360102227028	0.548380790265	833979,831832,816546,818599,839642,823859,831377	7	66	77
0.0	0.0237288291758	0.66711476378	833979,831832,841843,830754,838021,827564	6	75	85
0.0424242424242	0.0540512947616	0.844249118526	839433,820041,818343,816545,819107	5	82	92
0.01	0.0216016306835	0.3911346682	835431,841920,828595,818822,828213,828577,831910,817174,824524,844283	10	52	61
0.010101010101	0.00909628032388	0.638861895854	837265,838151,822055,816768,840894,832247	6	65	75
0.0	0.00381386414445	0.474793503424	824699,837265,838151,829730,818672,839869,832247	7	52	68
0.00833333333333	0.0986140478791	0.694347563219	816545,832057,820741,837974,844010,833471,819107,837778,817221,817499,816270,821143	12	69	78
0.0	0.0149279432665	0.513794560305	837179,834212,821840,827830,824699,841652,837265,844264,824937,827001,822055,829730,818672,818300,832247	15	63	72
0.0	0.00283458863817	0.566235555918	838364,829730,827921,831151,843048	5	94	104
0.0	0.012313299003	0.793364151117	838672,835431,843747,823831,828917,838079	6	68	78
0.0	0.0228416932911	0.680469991637	818599,839642,837974,828489,836393,3770591	6	81	91
0.0974358974359	0.0409150055722	0.800917057583	828884,827307,838851,843903,841558	5	71	83
0.0	0.0102532371366	0.668908508226	832136,825714,831910,843810,827564,830157,817272	7	65	74
0.0	0.0269941672181	0.59363593693	837040,844230,838250,841920,843747	5	83	97
0.0111111111111	0.0399065185624	0.586446817879	837040,844230,838250,818316,841920	5	85	102
0.0	0.00999668564404	0.625350830982	838672,841534,828917,822205,824524,818300	6	88	100
0.0042735042735	0.0126652901895	0.546594900294	834212,838984,837555,829730,818672,841984	6	77	89
0.0694444444444	0.0333205217347	0.358355151424	818822,835398,826914,831472,818069,832247	6	91	102
0.0	0.00503413203482	0.697732090242	827921,829283,816936,828213,821840	5	70	79
0.0	0.00715291811883	0.664681643163	818822,818899,826914,832247,831528,838079,841447	7	86	95
0.0	0.0114596439994	0.684371741161	833979,843596,843810,831151,841843	5	58	70
0.0181818181818	0.0242833315863	0.804194420553	827307,838807,841558,842103,830754	5	59	69
0.0	0.0080506773716	0.629737866864	841900,838672,838779,816651,824524,818316	6	58	71
