131255
189
212
213
222
224
226
229
246
250
258
276
300
98378
453
459
474
475
476
477
478
163686
521
537
540
544
548
558
566
599
606
131687
131688
131690
131694
185805
744
745
746
747
131820
185810
131822
131823
131829
131830
131832
131834
770
790
796
131922
855
860
862
863
866
120294
889
905
131979
131988
928
929
930
132015
951
132024
132033
965
132039
24037
973
984
1008
1010
132113
132116
1065
132138
132142
1093
1120
1125
1126
1134
1151
120346
174961
1218
1221
1222
1225
1235
1237
1251
132364
1298
1308
132542
175015
175017
132610
132616
1573
175025
175027
1595
132751
132766
175045
175047
175057
175058
1795
175070
1890
109545
1952
1953
1956
1957
1958
1960
1961
1965
1976
1978
1979
1980
1985
1986
1991
1994
1996
1997
1999
2006
2012
2014
2032
2038
2044
133155
133156
133171
133177
133178
133188
44050
44052
44053
137561
115739
44094
133507
133648
133657
133658
44122
133665
133668
133870
133876
133887
133889
133894
133906
133917
133922
133923
133931
133942
133946
133947
133954
133959
133966
133970
133978
134013
134099
134100
134106
134111
134124
134126
134163
134166
134167
134170
131599
50298
98839
98840
98843
98849
134367
98855
134389
134414
134444
134486
134489
134490
134562
134565
69099
69100
69101
69103
69105
69108
69109
69110
69111
69112
69113
69115
69118
69119
69132
69133
69134
69136
69139
134678
134681
134682
134683
69150
69151
69152
69153
69172
69179
69186
69281
134822
134825
134827
69296
69310
69319
3785
3786
69324
69325
69327
3792
3794
69331
69332
3813
69354
3828
134927
134928
69418
135011
175420
175423
69519
109892
30382
109902
44370
44374
69729
175480
69847
69848
69850
69858
69860
69864
135458
69931
69934
69937
69938
69939
69940
69949
69956
69958
69959
69961
69967
69974
69981
69985
135530
135537
135539
135551
135559
135560
135561
135562
70085
70090
175522
70094
135663
135666
175541
88162
135800
135808
135810
135978
135980
70479
70491
70496
136078
70567
136105
70584
136131
70620
70621
131921
136173
136182
88247
136269
136270
136275
70839
70907
121048
33675
186598
121063
136579
5578
5579
5582
5583
5585
5591
5592
5594
5600
5603
5613
5630
5635
5636
71180
186627
5654
71193
71194
136733
186631
71218
71219
121097
153866
5763
136837
136839
136841
136846
136847
136849
5806
5811
5826
5827
5829
5860
5865
5893
5921
5922
5938
88371
5957
5972
71557
6072
71641
71642
71647
71662
71665
71666
71667
6132
71669
6134
6135
6136
71673
6139
6151
6178
6186
6195
6229
6232
6240
6241
137386
137387
6320
137395
137396
6330
6333
137407
137410
137411
137427
137430
137433
137437
137441
137442
137447
137451
137454
137457
137467
6398
137482
137483
137490
71959
6424
137502
137515
137522
6452
6507
6509
137587
137591
137592
137615
137618
137619
137621
6557
6569
6570
6585
72175
6648
6649
6652
6664
6669
6673
132191
6729
6732
6737
6759
6764
6765
72307
72433
6902
6903
6913
6915
72465
72471
6939
72482
6977
6983
6985
6993
7018
7019
99486
7137
72676
7144
7146
72703
7175
7177
7181
7183
7185
7225
7229
138334
7321
7322
7364
7370
73095
7573
7574
138715
138716
73188
73195
73216
7697
73264
73279
73334
73340
73358
73397
73399
73400
7876
7896
7902
7907
7916
7918
73503
73523
8027
73570
73626
73676
73678
73680
73682
73683
8237
8238
8291
139379
8314
34159
8368
8370
8371
8519
74087
8563
8566
74109
74118
74156
8645
8655
8672
8697
8715
8720
74310
74312
74317
74323
74331
74351
74354
74357
74359
74362
74363
74364
74366
74367
74368
74370
74372
74373
74377
74378
74381
74385
74389
74391
74394
74399
74402
74408
74409
8893
8898
8908
139981
8910
8917
8919
74476
74481
74501
8966
74504
74507
74509
74513
74514
9002
9003
9021
74572
176280
140255
9245
74794
74796
88933
74896
74897
74898
74900
74901
74906
165415
91970
165428
99896
75110
75114
75125
9612
9613
9756
9758
75304
140943
140950
9889
140971
140974
140986
141010
9939
141013
141014
141016
141017
141019
141020
141022
141024
141028
141031
141032
141037
141047
141052
75537
141077
141078
141079
141080
141081
75556
75559
141101
75566
75571
24339
23520
141135
141136
141148
75647
188011
141231
141241
141245
141264
100009
154629
176475
141357
10302
10307
10309
141437
75926
75934
75936
75946
75953
75960
75997
10477
10480
10514
10515
10516
141707
111002
141736
141745
141747
141870
165643
165646
24367
76591
187537
76675
154795
76877
142481
77345
11812
11823
142912
133054
142970
142984
142985
77463
12106
12123
12124
12126
77716
143308
165883
77830
77858
187745
23968
23969
23970
23974
187817
187820
143891
143898
45832
122291
187841
70264
13162
13163
109554
45920
144579
144586
144606
144620
144630
144631
144636
144637
144638
144642
44097
144843
144847
144854
187984
144882
188002
79456
79464
188008
188009
188015
188016
188024
79578
79588
79590
79591
79597
100648
188030
163687
188032
79621
79649
79662
79666
79667
79668
79673
79674
79678
79681
79682
79696
79697
79700
79703
79704
79708
79722
79723
79725
79728
79729
79733
79746
79755
79757
79895
166260
80077
155348
155349
100736
137579
100749
188137
145794
89964
80298
80331
80381
80385
80390
80391
80392
80399
80401
80404
80416
80418
80420
80425
80429
80433
80434
80438
80443
80445
80454
14960
14961
14963
15003
80556
155439
15164
15233
15237
71679
80787
15260
15305
15327
15353
15358
15359
15363
15369
15372
15380
15381
80920
15400
15448
146557
122734
81062
81069
81173
81178
81180
81188
81196
81201
15697
90003
15735
81279
81280
15746
81284
81303
81333
81339
81367
146923
81514
81521
15995
16017
16109
16112
81669
81672
81675
147212
81683
81691
81735
81736
81738
81749
147291
147297
177467
46399
81805
16290
16291
16292
16314
16316
81929
81938
147498
16455
16456
82044
16517
82062
16528
90145
16612
16616
82190
82225
16777
16941
16946
16953
16956
16957
16958
16959
148033
148034
16998
109679
17012
17014
17015
166686
82616
82629
148208
148226
82692
82709
82730
82731
82736
82737
82741
148280
148284
82752
148294
148296
148302
148305
148308
148311
148329
148331
148332
17282
148367
148382
148472
82956
118423
83000
148579
17515
17567
17571
83254
83257
83260
79459
149082
18052
18054
83670
57647
188721
18334
83876
18411
18540
18546
84147
18908
18970
18972
18974
18975
18980
18994
18997
18998
18999
19005
19013
19014
19020
84763
19279
19318
63929
118486
19496
178014
178017
167100
85116
85126
85174
85175
19708
19713
150942
19915
112603
86239
151779
86279
86282
20820
86394
151978
151986
152007
152027
152052
152059
152088
152095
152099
86568
86571
152110
86580
86591
86592
86594
86600
86602
86603
86605
152163
86632
86634
152181
86646
86657
86666
86669
86677
86708
86710
152248
86720
86747
86754
86762
86767
86771
86829
86830
86834
152376
86842
86846
86854
86855
86857
86859
152411
86883
134641
134642
86966
86969
86970
152514
152523
152526
152529
152531
152574
112816
44363
87136
69137
112829
69142
152747
87220
178384
152909
87435
87436
87442
87449
87450
87470
153114
87582
87596
87600
153180
153184
153187
87669
87749
87758
153335
87821
131678
87877
87879
87880
87881
87884
87888
87889
87893
162232
87925
87944
87959
153507
153509
87982
87992
87997
88001
153544
153546
153562
153571
69298
88111
88116
88117
88123
153698
153699
88191
88210
88227
88233
88244
88256
88261
88262
88264
3788
3789
3791
153835
153840
3796
88335
88336
88337
88346
88361
153916
88388
88392
109874
153933
153938
153956
88432
153998
109877
154022
154025
154069
23144
154219
23174
23183
23207
23223
154318
23313
23322
23338
23362
88916
88920
23397
88934
23421
23427
23454
23455
89032
89049
23515
23516
89056
89059
89074
89081
154624
154628
154630
154633
23565
23581
89120
89176
135012
23688
23691
23737
23763
23771
23848
23849
23855
23865
23902
89461
23935
23945
23962
23963
23964
23971
23973
89518
155084
155093
155094
155095
89568
89571
89575
89577
24043
89585
155131
24129
155208
24146
24212
24214
155330
155340
155354
155356
155358
155361
155366
155370
155379
155386
155387
155388
155389
155390
155393
155394
155395
155397
155398
155399
155400
155403
155404
155407
155410
155411
155413
155414
155416
155417
155419
155422
155424
155425
155428
155429
155430
155431
24364
155445
155446
155458
24428
89969
89972
155527
155528
14999
155534
155537
155538
155539
155540
155542
24520
24542
24547
24575
24578
24579
24601
24610
24612
24620
24621
90178
90201
155738
155747
90298
90315
90316
124284
155885
124293
58761
124299
90459
24936
90501
90506
118674
24997
25015
25016
25019
25035
90580
90593
90609
25091
25095
25142
25172
25175
25176
25183
25186
25187
25208
90765
25231
25233
25234
90777
124357
90885
58840
25385
25390
118688
25416
25426
25436
58853
25444
25451
25453
58861
25493
25505
25506
25514
25517
25518
25519
25523
25524
25526
25529
25603
25607
91239
91254
25760
91322
91328
25795
25800
25804
25811
25813
25815
188535
25865
91413
25890
25892
157011
91517
91554
91589
91651
91652
91773
26239
91777
91782
91783
26249
157353
91844
26314
91898
26373
91919
91931
91973
28109
92052
92055
26596
137222
92152
80917
92312
92314
26790
26796
26808
26813
26816
26833
26836
26837
26843
26846
157980
158007
158009
158010
124652
27042
27049
92661
92709
92722
179301
27375
27396
27416
27423
92966
92970
92972
92973
92979
110027
92998
93011
93013
93021
93028
93034
93037
93039
93040
93042
93046
93047
93048
93052
93053
93054
93059
93063
93087
93094
93095
93097
93099
93100
93101
93102
93105
93106
93107
93110
93113
93114
93115
93116
93129
93159
27634
27635
93172
93212
158799
158802
158818
93284
158836
158850
158853
158859
158861
158867
158873
158881
158890
158910
158911
158923
158924
158925
158926
158927
93400
93445
1059
93541
159086
159088
159090
159092
93558
159096
159112
28110
28127
28131
28134
28141
28142
28146
28147
159225
28155
28160
28162
28163
28164
28169
28175
28177
28180
93736
159325
28260
93813
28287
28294
81176
28362
135802
28389
28391
93928
28395
28401
28436
28440
93991
28456
28542
28551
28556
94140
28612
28619
28624
94170
28654
28656
168619
94231
94233
28742
28746
28759
28760
28761
28762
28763
28773
94351
28875
28884
94428
94429
94432
94436
28943
94503
94504
94505
94527
29034
29062
179611
94649
94651
94658
29123
29124
29128
94670
94678
94680
94687
29177
29178
29182
94727
118814
29211
29212
29246
29259
29279
29363
29366
160444
160447
160452
29441
29459
29468
29495
29511
29512
29518
118825
29535
29610
29613
118830
95218
29692
118832
160851
160857
95358
160955
160956
160957
160959
160964
29920
95475
29940
95494
95520
95523
29997
95566
30065
30083
30084
30085
30087
30093
30150
70581
30329
30330
95899
30373
30376
95929
30394
30398
95980
44659
95992
95993
95996
95999
96001
30472
30488
30490
161585
30528
44662
125240
49522
161632
30568
96212
30722
161826
30835
96434
162003
162014
162035
125310
162038
162066
125316
162079
162089
162094
162096
162097
162098
162112
162114
162115
162119
162146
162154
162155
96624
162168
96673
96679
31162
96706
96707
96713
162256
162261
162275
162281
147200
31245
96796
96798
96803
96806
162375
162416
162419
162420
162447
96975
162653
97123
97129
97132
97134
97146
162869
162873
31807
31822
31824
31831
31845
31853
31861
31863
31865
121087
163052
1066
32068
81809
163204
163205
97731
163331
163370
97852
97905
97907
163475
32413
32418
32423
32425
32428
32433
97987
163526
32457
97995
32460
32470
98012
98027
98034
32499
98040
98045
98048
98135
98141
98148
163685
98150
98155
98166
98167
98173
32653
98241
98250
98252
32737
32739
32740
98373
98376
98377
163936
164066
164069
98548
98551
98553
98554
33029
164184
33123
98678
33157
62208
16457
98745
98748
164288
33254
33275
33291
33292
33293
33294
33296
33304
33306
98846
98854
98859
33334
33335
33337
33347
33348
33349
33350
33355
33368
33369
33371
33372
33392
33394
33410
33423
33461
33468
33476
33478
33479
33480
164613
33549
33557
164636
82057
82061
99168
99171
99172
164736
33671
33677
33679
164758
33710
33715
33721
164828
164835
33802
33846
33856
164952
33909
33912
33923
33925
33930
99493
33983
33987
33991
33995
33998
34000
99569
99589
99590
99602
99604
99605
99623
99634
34101
27532
34129
165212
165221
165222
93073
165225
165231
165232
165234
99699
99701
165239
99707
165248
27542
165256
165259
165260
165262
165264
165265
165266
165267
165275
165276
165277
165278
165280
165284
165288
165295
165301
165302
165303
165322
165325
165328
165354
165360
165365
165374
99866
99868
99870
99879
99883
99884
99889
99895
99897
99898
99899
99900
99901
99902
99904
99905
99906
165443
99908
99910
99911
99912
99913
99915
99916
34382
99922
165460
99925
99960
99961
99962
99977
99979
99988
99992
99993
99994
100007
100010
100013
100014
100016
100020
165558
165566
165583
165584
165638
165642
136835
34630
34631
136845
34642
100180
34649
100187
100188
34656
165814
165820
165821
165824
100290
165827
165828
100293
100298
100357
100375
34860
165936
165941
165945
165984
165987
166044
166048
166049
166053
166056
166060
166061
166062
166069
166076
166081
166087
166112
166117
166123
166127
166129
166133
166137
100608
100637
180613
100642
100652
100653
166238
166241
166242
166249
166251
166258
35188
35190
166265
100737
100743
100746
100752
100785
100786
100787
100795
100801
100802
166355
166357
166358
166359
166360
166361
166362
166363
166364
166368
166373
166374
166375
166377
166378
166379
166380
166381
166382
166383
166385
166388
166390
166391
166392
166393
166411
166415
166417
166425
166430
166435
166436
166442
100914
166452
166453
100920
100928
100929
166517
166522
166523
101029
101071
101074
101079
166674
35613
35616
5942
166755
35686
35694
166790
166825
166841
166865
35800
166909
166913
166917
166966
166967
166968
167021
167022
167029
167032
93375
35965
93378
36011
36028
167107
9930
36085
166091
167228
167229
167242
167243
167245
167246
167250
137115
167485
102036
36515
36518
36537
167622
27951
102185
6133
71675
137223
102461
168018
93552
168153
168155
168160
175816
102638
168196
168198
168201
168236
168289
168299
168300
168301
168353
168518
168527
168529
168535
168549
168551
168563
168568
168580
168581
168582
168585
168588
168589
168592
168593
168599
168604
168605
168610
168612
168613
168615
168616
168618
28103
168620
168622
168623
168624
168626
168627
168628
168629
168630
168632
168633
168635
168637
168642
168650
168651
168671
168672
168681
168687
168864
168878
168880
168881
168882
168884
168886
28168
103504
103505
103510
71866
148328
169147
159311
137470
38459
28262
71953
93808
38705
38736
169831
38765
38769
169850
169869
50167
38876
137556
38935
6497
38990
6499
39003
39070
39088
39089
39091
39092
39093
28370
50237
50243
115780
50248
39361
39365
39479
39487
39489
39509
39513
39514
39552
39576
181367
28457
170756
170768
39733
170879
181406
170999
171014
171019
181423
72210
181439
40121
40122
40123
181470
181475
181479
170559
181483
40393
181503
28604
171689
171740
148786
171912
40865
171972
171994
171996
172011
172024
40958
172035
172037
172038
172121
172135
41066
106622
106623
106624
106630
106634
106636
106637
106638
106640
106643
106652
106653
106655
106658
106659
106661
106663
106666
106713
106753
106761
106788
41258
172389
106866
106870
106877
172434
172450
106952
41500
107109
107112
107149
107162
107183
107184
93043
172893
172895
41824
41825
41826
172900
172903
172914
172916
172976
173005
173024
173032
42050
173135
107716
173296
173299
107817
42325
107938
173502
107987
108088
108094
108099
108104
173662
125808
173736
108226
173799
108272
173840
173843
108329
108331
108358
108363
108366
7145
72685
174059
29012
174077
174087
174088
174090
108604
99636
29031
174216
108747
108748
108773
108789
108794
108799
108856
108857
108858
108860
108866
108869
108871
108873
108882
174423
94607
174641
174728
174736
29126
174798
174799
174950
174966
174969
174974
174985
175006
175009
175012
175019
175020
175023
175024
175028
175029
175032
175033
175037
175038
175044
175049
175050
175053
175054
175056
175059
175060
175062
175063
175064
175065
175068
109534
175071
175078
109543
109548
175094
175105
109571
109572
109574
109578
109580
109581
109586
44067
44073
44077
44080
44081
44082
44083
44100
44101
44102
44104
44107
44109
44113
44114
44116
44117
44119
109666
109677
109680
175239
44181
44182
44184
44201
44202
44204
44207
44223
44257
44276
44277
44296
44307
44315
44317
44318
44320
109862
175404
175413
175417
44348
44351
175426
109893
109894
109899
44365
109903
44369
44373
109913
109920
109926
109931
109932
175481
175490
44423
175529
175540
110011
110038
44529
44532
175626
44561
44569
44584
44642
110181
110191
44664
44689
175770
175792
44744
62095
44920
44921
44922
44923
44951
44954
176107
110573
45061
45107
136803
182295
176285
176286
110758
110761
110766
110769
110770
110771
176328
176332
176333
45271
110821
110834
110844
110846
110848
110849
110860
110864
110865
110870
45369
45372
176476
110951
176498
176511
110995
110998
111046
111055
111057
111059
111060
111064
111065
111069
111071
111073
111074
111077
111082
176637
45638
111228
111229
111230
111231
111232
111233
111234
111236
111237
111238
45715
45717
29469
51325
111359
45831
111368
111386
111387
111391
111392
111429
111444
45918
111511
177055
111532
111555
177105
29520
95059
111615
111618
177167
177170
111701
111703
111706
111709
111712
111715
111719
46222
111764
62321
111807
111829
111832
111833
177390
177407
177408
177428
177431
177432
177434
177435
177436
177437
177439
177446
177451
177452
177453
177454
177455
177463
111933
111935
46400
111938
46458
177550
112023
112025
112026
112028
177679
177688
177689
177741
112225
112374
112375
112432
112437
112443
112452
112457
112460
112467
112470
112472
178010
178011
112476
112479
112482
178022
178026
112491
112523
112526
112532
95220
112586
112594
112598
112599
112600
112601
112604
112605
112609
112610
112611
112773
112774
112782
112787
112792
112793
112795
112797
112799
112803
112804
112807
112808
112809
112810
112812
112813
112817
112818
112819
112820
112821
112823
112827
112828
112832
112833
112834
112835
112836
178373
112838
112841
93715
112847
112848
112854
112856
112859
112864
112865
112873
112876
112877
112878
112885
112890
112894
112898
112905
112912
112914
112924
178602
113087
113145
113146
178719
47728
113309
113316
113369
113372
113375
113377
113386
113388
113391
113421
113430
113431
113469
113539
113548
48098
179302
179351
179352
113863
48355
113907
3793
29919
114016
114017
179566
179568
179578
179583
179590
179594
179602
179605
179606
179607
179608
114074
179612
179615
179618
179624
179637
179644
179645
179649
179650
179652
179656
179659
179660
179662
179663
179666
179669
179675
179706
179718
114193
179737
179742
179743
179747
179755
179758
179759
179763
179764
179776
179788
114350
179970
29998
30001
180182
49164
49216
49232
180332
117441
45288
180439
114932
114934
114950
114957
49431
114975
49463
115044
115050
115053
115054
49523
115062
115063
115064
115068
62869
115072
180610
180611
115076
115077
180616
180617
180618
62871
180621
180624
62872
180638
49583
49588
106599
183058
115333
180873
183069
99864
49977
181107
115694
115701
50173
50198
115737
50203
115751
50216
115754
115757
50228
115779
50244
115781
115786
115789
50264
50266
50267
50270
50271
50273
50281
50283
181370
50300
181380
50310
50319
181392
50322
181409
115879
115883
115887
181425
115891
115894
181438
50367
50370
50381
50385
50386
50387
181462
181476
181478
50407
50411
181484
181488
181495
181497
181500
181501
181502
181507
50475
50480
50481
50489
50490
50492
50496
181603
116079
116092
116097
116110
116111
116115
116124
116171
116195
50674
116216
181805
181806
50741
50866
106796
182087
182093
182101
51034
51035
51053
51066
51067
51096
182175
95912
182268
182355
30397
30399
116861
116867
116877
51342
182449
116944
116952
128731
117034
51523
117071
117150
117152
117154
117157
93374
182705
51698
117278
117279
117280
117281
117282
117283
117286
117399
117418
117419
117420
51904
51905
51907
117482
183025
183033
117533
183086
8671
183102
183106
183111
183116
8674
183120
117605
183142
183152
183153
30529
52111
52114
183187
183191
183201
183205
117687
117697
117700
117701
117703
117704
183262
161618
183298
183313
30564
183392
183394
52337
52342
183418
52353
183440
183443
75941
117978
183515
117980
183524
183560
52492
183598
118109
183663
183666
118142
118143
118145
118147
183684
183694
183730
74316
183766
118252
118264
183834
52767
52771
52772
52773
183869
52812
118384
8307
52915
118484
118485
118487
118492
118495
118497
118498
118499
118501
118502
118504
118505
52973
184069
184114
184120
8846
184156
184181
165438
184210
184211
184212
184213
184225
184228
118694
118697
118701
118710
118716
118718
118723
118724
118728
118730
118732
118734
118736
118737
118738
118742
118744
118746
118747
118748
118750
118754
118763
118768
8873
118776
118778
118779
118780
118781
118782
118783
118785
118786
118788
118789
118790
118791
118793
118795
118798
118799
118800
118807
118811
118815
118816
118818
184355
118821
184366
118831
184380
184386
118853
118855
118856
184395
118861
118863
184403
184404
184405
184408
184410
184414
184415
184417
184418
184420
184421
184422
184426
184427
184429
184431
184432
118898
184439
184451
184452
184457
184458
184463
184465
184468
184499
184500
184501
184502
184515
8909
184537
184545
53532
184606
184607
53540
184680
184681
184732
119201
8945
119213
184798
184819
184821
119293
184839
184879
184892
184893
184897
119369
119370
119371
184923
184931
184932
184968
184978
119473
119479
119488
119492
185066
185068
119593
119598
185152
119620
119622
119626
119659
63634
119681
119682
119683
119698
119713
54217
119758
119767
185514
120054
185603
185605
185606
120076
120078
185616
185626
185634
185635
185640
185647
185657
185666
185669
185672
185673
185674
185678
185680
185681
185683
185686
185696
185697
185698
185700
185703
185704
185705
185709
185710
185724
185727
185736
185737
185738
120224
120229
120235
120264
185801
120266
185807
120276
120283
120285
120288
120293
185830
120295
185833
120298
185849
162049
120335
120336
120337
120340
120343
120345
120357
120360
120367
185904
120376
52837
186030
186035
186042
120573
120574
186112
186212
120680
120683
186243
120708
186245
120715
186254
186258
186259
120750
186288
186290
120785
186380
186382
186384
186386
186477
186531
186538
186559
186561
186562
121029
186570
186573
186574
186577
186578
186579
186580
186583
186584
186586
186590
186593
121058
186596
186597
121062
186599
186603
186604
186605
186606
186610
186611
186612
121077
121080
186623
186624
186625
121095
186632
55561
186638
55568
186660
186662
186685
121181
121182
121183
121191
121194
121196
186804
186805
186814
162216
121367
121384
121388
121400
121413
121415
121418
121425
121427
121430
121431
121440
121444
31165
162241
187092
186613
56252
56262
121813
121845
121851
56318
56319
56321
56324
56334
56335
56337
56338
56350
56353
56354
56355
56356
56357
56360
56365
56366
187444
56374
56380
56385
56387
187465
56394
56413
56414
56415
187504
187518
187522
187530
187557
56584
187709
187710
187715
187724
122209
187748
187794
56732
122271
122274
122284
122296
187840
187843
187844
56819
122390
122394
56859
56865
56876
187949
56879
187954
187955
56892
56894
187978
56907
187982
56914
56923
56925
56926
188005
56937
56939
56940
56942
56943
56944
188017
188018
188019
188020
188022
188023
122488
188025
188034
188036
188037
188040
188041
188042
188043
188052
188058
188060
188061
188063
188064
188065
188069
118727
188086
122577
122580
122581
122583
122587
122592
122596
122601
188139
122604
118745
121926
188212
122729
122731
122733
122736
188339
188345
57279
188456
188457
188458
188480
188520
188528
188541
188544
123009
188547
123013
188564
188565
188566
188578
188582
188601
188602
188604
188640
188642
188645
188646
118824
188658
57597
123141
123143
123146
123147
188705
118833
57649
57651
118838
118843
188825
188828
188829
188831
188837
188842
188844
188849
188856
188861
188863
188870
188873
188875
188876
188881
188882
188883
188884
188886
188887
188889
188891
188893
188894
188895
188897
188898
188899
188900
188901
188902
188903
188904
188905
188906
188909
188911
184409
57892
123570
123581
123596
123603
123621
123733
123741
123752
58231
58314
58321
58329
123873
123883
123893
123895
97109
123951
58476
124020
124022
124025
124028
124029
124034
124035
124036
124037
124041
124042
124043
124044
162674
184540
124222
124229
124235
124240
124251
124253
124256
124257
124264
124267
124268
124269
124274
124276
124277
58742
124279
124282
58748
58749
58750
124288
124289
124291
124292
58757
124295
124296
124297
124298
58764
124301
124303
58770
124310
124311
124323
124328
124333
124334
124337
124338
124339
124341
124346
58811
124349
124350
124351
124352
124353
124355
124358
124364
124365
124366
58841
124379
124387
58852
124396
124401
58867
58874
58966
58967
119058
53526
59023
59024
124644
124645
124657
124659
124662
124671
124682
124723
124752
124756
124757
124761
124766
124782
124789
124790
124796
124816
124817
124909
124943
124944
124945
124946
124955
124956
125049
125078
125079
125080
125086
59580
125118
125130
125133
125139
125143
125145
9937
125181
17262
125206
125217
59696
125237
59704
125258
125260
125263
125275
125279
125287
125288
125289
125291
125309
59774
59776
59777
125317
59782
125320
125322
125323
125327
125328
125335
125339
125340
125341
125343
125344
125345
125347
125348
125349
125361
125362
125370
125371
125373
125423
125577
125637
125639
188510
125690
125695
125701
125709
125717
125718
125720
125722
125724
125728
75568
125730
125735
125763
125766
125769
125796
125798
125804
125807
125814
125845
119292
125982
125983
183141
126053
126056
126072
126080
126083
126095
126107
126111
126116
60600
60604
60605
60606
126169
126208
126210
126212
126214
126215
126216
126217
86574
60774
86590
126359
126423
126424
126433
126434
126435
126440
126442
126443
126447
126448
126464
126466
126504
126506
126576
126588
126682
126683
126685
126686
126746
126749
86663
126855
126865
126933
126936
126946
126947
59705
23872
127138
127188
127258
127263
127274
127275
127277
127280
127283
127285
127286
127287
127288
61754
127340
127358
127365
127368
127374
127380
127406
127549
127553
127558
127559
127560
127561
127563
127565
127566
127567
127569
62057
127607
127612
62089
127636
62105
127677
127678
62143
127743
127746
127748
23895
86840
86841
127842
127865
127867
127887
127899
127982
127985
58820
128079
128086
128088
163344
128169
128171
128172
128174
128228
62699
128323
128329
62808
62838
62845
62865
62867
62868
128405
62870
128409
128414
128416
62894
62919
62921
62922
62923
62937
62963
62965
119727
128597
128604
128610
128611
128612
10517
128692
128700
128713
128725
128729
128730
63195
63297
63301
63306
63308
128862
159236
129022
129023
129025
129031
129035
129036
129037
129038
129045
129048
129053
129067
129071
129072
129074
129122
129232
129236
129241
129242
129243
129246
129250
129253
129258
129259
129415
32498
129457
129460
129464
129465
129467
129472
129474
129476
129479
129483
129485
163576
129495
129499
129504
129506
129515
129516
129518
129519
129521
129522
129525
129526
129528
129534
129535
129536
129537
129538
129539
129542
129544
129545
129546
129547
129549
129551
129552
129553
129554
129556
129557
129558
129559
129560
129561
129562
129563
129564
129569
129578
129590
129591
129597
129599
129600
129603
129605
129606
129607
129608
129620
129623
129663
129679
129697
129700
129768
129776
129778
124347
129838
129861
129866
129882
129906
129912
129943
129983
129984
163662
124354
32609
64613
64618
64622
130183
32622
163695
130228
130260
130262
130270
130281
130282
130283
130284
130301
130374
130423
130445
130527
130530
130543
130554
65032
65041
130624
130628
65100
65102
65110
65111
65113
65120
130673
130676
130678
163795
124380
130834
130843
130846
130855
130856
130863
130866
130867
130870
130873
130874
130907
130989
