parent	child
0	40970
0	41018
0	147523
0	106581
0	65678
0	65679
0	22373
0	131230
0	65696
0	65697
0	65698
0	65699
0	65700
0	65701
0	65703
0	65704
0	65705
0	65706
0	65707
0	65708
0	65709
0	65710
0	65711
0	82096
0	65713
0	65714
0	65716
0	65717
0	82102
0	65719
0	184
0	131257
0	65722
0	187
0	82108
0	82110
0	82111
0	65730
0	82117
0	65735
0	131278
0	131280
0	131281
0	82132
0	82133
0	82134
0	82136
0	41177
0	82142
0	82153
0	82158
0	82159
0	82160
0	82164
0	82165
0	82166
0	155900
0	82173
0	155906
0	283
0	155938
0	155965
0	155977
0	155978
0	155982
0	161165
0	155990
0	139632
0	161172
0	156028
0	156030
0	82320
0	82324
0	161177
0	82330
0	70356
0	82367
0	16841
0	156154
0	82523
0	82525
0	139890
0	139933
0	139937
0	139938
0	139949
0	139957
0	156348
0	82635
0	82639
0	139984
0	139985
0	139986
0	139987
0	139988
0	139990
0	139992
0	139993
0	139994
0	139995
0	140001
0	140002
0	99131
0	131906
0	131908
0	131910
0	157155
0	99161
0	99162
0	144869
0	99172
0	25477
0	134239
0	25483
0	25484
0	25485
0	25491
0	25493
0	25497
0	25498
0	25500
0	25501
0	25502
0	25503
0	25504
0	25505
0	25506
0	25507
0	25508
0	25509
0	25510
0	25511
0	25512
0	131229
0	65694
0	157173
0	131233
0	131236
0	65702
0	25577
0	25580
0	25591
0	155818
0	25598
0	25601
0	131243
0	82092
0	131245
0	82094
0	82095
0	65712
0	82097
0	50217
0	131250
0	50236
0	50237
0	50238
0	131253
0	50240
0	50241
0	50242
0	50245
0	50248
0	17481
0	17482
0	17483
0	50252
0	50254
0	50255
0	50256
0	131256
0	50258
0	50259
0	50260
0	50261
0	50262
0	50263
0	17496
0	50265
0	186
0	82109
0	25714
0	191
0	105323
0	193
0	76653
0	17553
0	17555
0	65732
0	65736
0	25821
0	25840
0	17683
0	127193
0	17698
0	101483
0	83240
0	116011
0	83244
0	17709
0	116014
0	116015
0	116017
0	116018
0	116020
0	116021
0	17721
0	116028
0	116032
0	116033
0	116034
0	116035
0	116036
0	116037
0	25938
0	131254
0	25964
0	25965
0	82157
0	116116
0	124311
0	158807
0	76699
0	76700
0	76701
0	132531
0	76702
0	76703
0	76705
0	157136
0	97447
0	157138
0	157141
0	131258
0	157154
0	159995
0	159996
0	158810
0	157175
0	42488
0	42490
0	158811
0	158812
0	160008
0	140853
0	119055
0	119056
0	119057
0	158814
0	119062
0	119063
0	26252
0	119064
0	158659
0	26261
0	119065
0	26264
0	1690
0	1691
0	1692
0	1693
0	119067
0	1700
0	158816
0	45341
0	1713
0	45342
0	158667
0	158817
0	157387
0	157392
0	119075
0	134243
0	158818
0	157419
0	50925
0	141061
0	119087
0	149318
0	149319
0	149325
0	149329
0	157541
0	157546
0	157547
0	157548
0	157552
0	157553
0	157554
0	157556
0	157557
0	157558
0	157559
0	157560
0	157561
0	157562
0	158823
0	157565
0	157568
0	157569
0	157570
0	157576
0	157577
0	149405
0	149406
0	149407
0	149408
0	149409
0	149410
0	149411
0	149413
0	149432
0	149433
0	149435
0	149437
0	149438
0	97275
0	134143
0	134144
0	92169
0	134149
0	134150
0	157745
0	134155
0	158732
0	149604
0	157816
0	157819
0	149628
0	158741
0	141470
0	158748
0	125103
0	125106
0	125107
0	125108
0	125109
0	92345
0	125115
0	92348
0	92350
0	92355
0	92356
0	125125
0	125126
0	92359
0	92361
0	92364
0	92368
0	125140
0	125143
0	92378
0	14533
0	92402
0	92403
0	92406
0	92411
0	92412
0	92415
0	92442
0	92443
0	149807
0	149809
0	158771
0	149813
0	149817
0	158029
0	134210
0	120558
0	125344
0	92585
0	158796
0	158798
0	134223
0	92644
0	35301
0	35302
0	35304
0	35308
0	35310
0	35312
0	35327
0	92674
0	35334
0	35335
0	35336
0	35337
0	158808
0	35347
0	158809
0	10776
0	10780
0	10781
0	35358
0	35359
0	35363
0	35368
0	10794
0	35373
0	35379
0	35380
0	134238
0	35382
0	43575
0	35385
0	35390
0	35392
0	134241
0	35412
0	158820
0	158821
0	101478
0	109163
0	109164
0	109165
0	109166
0	109167
0	109168
0	109169
0	109172
0	109173
0	109196
0	109197
0	109198
0	109201
0	134258
0	158447
0	158450
0	158458
0	133903
0	109333
0	92953
0	109350
0	109353
0	93015
0	93032
0	93034
0	35693
0	93038
0	109440
0	109443
0	109448
0	76686
0	76687
0	76690
0	76691
0	76692
0	76693
0	76694
0	76695
0	76696
0	76697
0	76698
0	109467
0	109468
0	109470
0	109471
0	76704
0	76706
0	76707
0	76709
0	76714
0	76716
0	76719
0	76720
0	76721
0	76725
0	76726
0	76727
0	76728
0	76729
0	76730
0	76733
0	76734
0	76735
0	76736
0	76737
0	76738
0	76739
0	76740
0	76742
0	76744
0	76747
0	76748
0	76749
0	76750
0	76751
0	76752
0	76753
0	158677
0	158678
0	101347
0	101353
0	101354
0	101355
0	101356
0	101369
0	101371
0	134142
0	101375
0	101376
0	101377
0	101378
0	101379
0	101380
0	101381
0	101382
0	101383
0	101384
0	101385
0	101386
0	101387
0	101388
0	101389
0	101390
0	101391
0	101392
0	101393
0	101394
0	101395
0	101396
0	101397
0	101400
0	101401
0	101402
0	85019
0	101404
0	101406
0	101407
0	101408
0	158755
0	161632
0	158788
0	158794
0	93259
0	134226
0	60499
0	60500
0	60501
0	3158
0	60503
0	60504
0	60505
0	60506
0	3163
0	60508
0	158813
0	3166
0	158815
0	134240
0	134242
0	158819
0	158825
0	76906
0	60523
0	158834
0	158835
0	158836
0	158837
0	60543
0	60551
0	93322
0	134284
0	134285
0	101522
0	142492
0	134341
0	60614
0	142537
0	142538
0	60630
0	60635
0	158942
0	60639
0	60643
0	142565
0	142574
0	60660
0	60665
0	60667
0	142593
0	142594
0	142599
0	142600
0	60682
0	60684
0	60685
0	60687
0	142608
0	60689
0	60690
0	60691
0	60693
0	60696
0	77089
0	60708
0	60709
0	60712
0	60717
0	60719
0	60724
0	60728
0	60731
0	60732
0	150854
0	60750
0	60756
0	60757
0	60759
0	159072
0	60769
0	60771
0	85348
0	85349
0	77160
0	60793
0	60795
0	60796
0	60797
0	60803
0	60805
0	60806
0	60810
0	60813
0	60815
0	60819
0	60820
0	60833
0	60834
0	60835
0	60836
0	60846
0	159164
0	60879
0	142872
0	142874
0	142875
0	60679
0	151120
0	151124
0	36464
0	151160
0	151163
0	77445
0	77455
0	151192
0	151204
0	151205
0	151206
0	151207
0	151208
0	102061
0	151222
0	151223
0	151224
0	151225
0	102078
0	151234
0	143115
0	61271
0	159595
0	159597
0	159602
0	159605
0	159606
0	159607
0	190
0	61342
0	61345
0	61348
0	161777
0	61361
0	61364
0	155893
0	119068
0	60768
0	161805
0	143497
0	159954
0	159955
0	159960
0	159961
0	159962
0	139983
0	159967
0	159969
0	159971
0	159976
0	159977
0	159978
0	159979
0	159982
0	159984
0	45298
0	45301
0	45302
0	45303
0	45306
0	45307
0	45308
0	45310
0	45311
0	45313
0	45315
0	45316
0	45321
0	45322
0	45323
0	45324
0	45325
0	45326
0	45327
0	45328
0	45329
0	45330
0	45331
0	45332
0	45333
0	45334
0	45336
0	119069
0	45346
0	45347
0	45348
0	45349
0	45350
0	45352
0	45354
0	45355
0	45356
0	45359
0	45360
0	45361
0	45364
0	45365
0	45366
0	45372
0	45374
0	160112
0	119214
0	119215
0	119217
0	119218
0	119227
0	45551
0	45555
0	45584
0	45585
0	45612
0	45613
0	45614
0	94812
0	94815
0	4740
0	4742
0	4743
0	4744
0	4762
0	70306
0	70307
0	4774
0	70313
0	70314
0	70318
0	70319
0	70320
0	70323
0	70324
0	70325
0	70326
0	70327
0	70328
0	21188
0	21194
0	21196
0	21198
0	70353
0	70354
0	21207
0	21214
0	21218
0	21219
0	70373
0	70387
0	160500
0	160504
0	160505
0	160509
0	160513
0	160514
0	160518
0	21267
0	21273
0	95004
0	21287
0	21288
0	128099
0	21320
0	21324
0	21331
0	21332
0	21335
0	21336
0	21361
0	119667
0	21373
0	21375
0	21385
0	3167
0	21387
0	21388
0	95123
0	95124
0	21402
0	127902
0	21407
0	21409
0	21410
0	21417
0	21420
0	70578
0	160719
0	21462
0	70618
0	70619
0	160732
0	32250
0	160738
0	70629
0	160742
0	160743
0	70637
0	70638
0	70645
0	70649
0	70661
0	70662
0	21542
0	92338
0	119858
0	21561
0	21563
0	21568
0	21569
0	21573
0	21574
0	21575
0	160852
0	21589
0	21590
0	125113
0	21592
0	158660
0	160866
0	92347
0	128101
0	160874
0	160878
0	160879
0	160880
0	160884
0	160887
0	160888
0	160912
0	125123
0	160917
0	160920
0	125124
0	160922
0	160923
0	160924
0	160925
0	92357
0	160928
0	160929
0	21666
0	160931
0	125128
0	21683
0	128183
0	128184
0	128205
0	87246
0	87247
0	87249
0	87250
0	87251
0	87252
0	87255
0	21721
0	87261
0	87267
0	87268
0	87269
0	87270
0	87273
0	87274
0	87275
0	87276
0	87277
0	87278
0	87279
0	87280
0	87281
0	87282
0	87283
0	87284
0	87286
0	87287
0	87288
0	112852
0	87293
0	87294
0	87295
0	87296
0	87297
0	87302
0	87304
0	87305
0	87306
0	87307
0	87308
0	87309
0	87310
0	87312
0	87313
0	87315
0	87316
0	87317
0	87319
0	87320
0	87324
0	87326
0	87327
0	87328
0	87330
0	128293
0	152874
0	152875
0	152878
0	152888
0	22751
0	25482
0	70990
0	70993
0	70995
0	128342
0	128343
0	30073
0	30074
0	30079
0	30082
0	161157
0	30087
0	30088
0	30089
0	30090
0	30091
0	30093
0	30094
0	30095
0	30096
0	30097
0	30098
0	30099
0	30100
0	30101
0	30104
0	30105
0	21918
0	21919
0	30114
0	71078
0	30120
0	21929
0	71083
0	21932
0	157938
0	71087
0	71091
0	71093
0	71095
0	71096
0	185
0	144844
0	127906
0	13778
0	13781
0	13782
0	13783
0	13784
0	13785
0	13786
0	13787
0	13788
0	13791
0	13796
0	13798
0	13799
0	21415
0	144876
0	30205
0	87552
0	188
0	144918
0	46618
0	153119
0	22791
0	189
0	144949
0	144956
0	144957
0	144958
0	144959
0	144960
0	144961
0	144962
0	144973
0	144974
0	144975
0	144976
0	144979
0	161387
0	161390
0	30319
0	161393
0	161398
0	161402
0	161404
0	161406
0	161407
0	30340
0	30341
0	145061
0	145065
0	161477
0	153295
0	153296
0	161489
0	112854
0	161513
0	161514
0	161515
0	161516
0	161517
0	161518
0	161519
0	161520
0	161522
0	161524
0	160726
0	161593
0	161594
0	161600
0	161601
0	161602
0	161603
0	161606
0	161608
0	161618
0	161619
0	161622
0	161623
0	161625
0	161627
0	161629
0	22368
0	22372
0	70630
0	161642
0	21479
0	137096
0	137110
0	30208
0	82104
0	161725
0	161734
0	161763
0	70309
0	161780
0	161781
0	161787
0	161790
0	30727
0	137228
0	137229
0	137231
0	137239
0	137240
0	137241
0	137242
0	137243
0	137244
0	137245
0	137246
0	137247
0	137248
0	137249
0	137255
0	43579
0	147128
0	30819
0	208
0	63607
0	55455
0	55456
0	55459
0	55462
0	145577
0	55475
0	63673
0	63675
0	71875
0	55493
0	55494
0	55495
0	55499
0	55500
0	55508
0	55509
0	55510
0	112855
0	112856
0	112858
0	112859
0	112860
0	112861
0	112862
0	112863
0	112864
0	112865
0	112866
0	112867
0	112868
0	112869
0	112870
0	112871
0	112872
0	122579
0	22772
0	14583
0	102072
0	22798
0	42031
0	112958
0	50233
0	40677
0	23403
0	60502
0	40689
0	50253
0	50257
0	17492
0	21591
0	50264
0	60507
0	147204
0	147205
0	14897
0	154168
0	154171
0	128159
0	154195
0	160873
0	154246
0	154248
0	154255
0	137883
0	154268
0	154269
0	154271
0	154272
0	154279
0	154282
0	154283
0	154284
0	154285
0	154287
0	15024
0	23219
0	23220
0	64183
0	160885
0	23253
0	105207
0	105209
0	105210
0	105211
0	105217
0	105218
0	105221
0	105222
0	105223
0	105224
0	105225
0	105226
0	105229
0	105230
0	105231
0	105232
0	105233
0	105234
0	105235
0	105236
0	105237
0	105239
0	105240
0	105241
0	105242
0	105243
0	105244
0	105245
0	105248
0	105267
0	72508
0	154452
0	128144
0	105317
0	105318
0	105320
0	105321
0	35303
0	105324
0	35309
0	160921
0	92658
0	154546
0	154548
0	21663
0	160930
0	97269
0	97270
0	97271
0	97272
0	97273
0	97274
0	97276
0	97277
0	97278
0	97279
0	97280
0	97281
0	97282
0	97283
0	97284
0	97285
0	97286
0	97287
0	97288
0	97289
0	97291
0	97292
0	97293
0	97297
0	97298
0	97300
0	97301
0	97302
0	128177
0	128186
0	105567
0	25789
0	35357
0	10782
0	97475
0	97478
0	65715
0	21719
0	122155
0	122160
0	122161
0	122162
0	122164
0	122165
0	122166
0	122167
0	122177
0	122182
0	122183
0	122184
0	122186
0	122187
0	122188
0	122189
0	122192
0	122193
0	17708
0	65718
0	122208
0	35387
0	146789
0	122214
0	122217
0	122228
0	21737
0	105851
0	82086
0	21741
0	97680
0	70357
0	97685
0	65720
0	82087
0	128242
0	65721
0	40405
0	40406
0	87289
0	40408
0	40409
0	122330
0	40411
0	122332
0	122338
0	122339
0	122340
0	93274
0	65723
0	40442
0	40453
0	40454
0	40460
0	65724
0	65725
0	40513
0	40515
0	65726
0	82093
0	155218
0	7764
0	7765
0	40540
0	7776
0	7777
0	7778
0	40548
0	65727
0	40566
0	122487
0	122499
0	65728
0	147086
0	147089
0	147092
0	65729
0	87325
0	40636
0	40641
0	40642
0	122566
0	21793
0	122570
0	122572
0	147152
0	40658
0	87331
0	40660
0	122581
0	122583
0	152870
0	65731
0	82098
0	147176
0	147177
0	40682
0	152871
0	147180
0	147183
0	40691
0	152873
0	147196
0	147198
0	147200
0	147202
0	89860
0	82099
0	116012
0	152879
0	82100
0	155428
0	82101
0	116022
0	158348
0	116023
0	116026
0	82103
0	101471
0	155558
0	155560
0	155562
0	82105
0	23199
0	101473
0	82106
0	76651
0	40948
0	82107
0	40950
109228	109431
98309	99181
98348	98739
62196	62380
62196	62462
98360	98739
98364	101147
98370	99121
98371	99121
98372	98737
98372	98739
109242	109417
109242	109429
98406	99160
98406	99173
98414	101147
98414	98462
98414	98454
98323	99163
98448	98618
131229	131282
131233	131263
65702	65763
65702	65781
131243	131584
131243	131585
65708	65805
65708	65807
65708	65780
65708	65974
65708	65783
65708	65976
65708	65972
65708	65978
65708	65756
65710	65805
65710	65807
65710	65780
65710	65974
65710	65783
65710	65976
65710	65972
65710	65978
65710	65756
65712	65976
65712	65978
65712	65783
65712	65780
65712	65807
131254	131584
131254	131360
131254	131362
131254	131364
131254	131366
131254	131306
131254	131357
65732	65939
197	216
197	219
198	217
198	213
65735	65939
201	216
201	211
201	219
131274	131577
131274	131381
131280	131763
211	231
216	251
217	250
65756	66038
65756	66000
65756	65983
222	241
225	243
131306	131440
241	660
241	1048
241	281
241	879
241	290
241	1074
241	690
241	1077
241	1334
241	1335
241	698
241	1333
241	708
241	965
241	969
241	930
241	464
241	465
241	466
241	471
241	472
241	477
241	479
241	484
241	486
241	491
65780	66117
65780	66118
65783	65987
65783	65991
65783	66001
65783	66003
65783	66025
65783	66029
65783	66042
65783	66045
256	272
256	274
256	267
256	269
267	930
267	293
267	295
267	299
267	1077
267	1334
267	1335
267	1333
269	282
269	276
269	1093
272	288
272	282
272	293
272	278
272	295
276	416
276	409
281	411
281	454
281	407
87429	87732
288	464
288	466
288	411
288	460
288	454
290	464
290	466
290	411
290	460
290	454
131364	131508
293	464
293	465
293	466
293	467
293	469
131366	131652
295	465
295	466
295	355
295	469
295	467
131380	131761
131380	131886
131381	131604
61323	61751
98618	98736
47355	47489
47355	48013
47355	48014
47355	47509
344	492
344	487
355	480
355	488
357	489
357	483
357	476
131440	132196
131440	131583
38291	38943
98367	99121
407	595
407	1227
411	595
411	494
416	1211
131508	131615
131510	131618
65976	66015
65976	66022
65976	66031
65978	66016
65978	66024
65983	66355
65983	66908
65987	66352
65987	66282
65987	66291
65987	66332
65987	66346
454	494
454	502
65991	66425
65991	66906
65991	66911
65991	67044
65991	67335
98380	98448
98380	98739
460	506
460	627
460	499
460	502
460	503
464	506
464	627
464	503
66001	66761
66001	66762
66001	66772
66001	66767
466	512
466	514
466	627
466	503
467	512
467	514
467	1030
467	1026
467	1040
467	627
467	503
471	512
471	514
471	1030
471	1040
471	650
471	1026
471	656
471	627
471	503
472	512
472	514
472	1030
472	1040
472	650
472	1026
472	656
472	627
472	503
66011	67462
66011	67463
477	728
477	724
477	726
477	664
66014	67462
66014	67463
66014	69644
66014	70004
66014	67452
484	664
484	724
484	726
484	728
486	700
491	700
492	579
492	588
499	609
499	602
499	598
66038	66368
503	612
131577	132063
66042	66370
131585	132198
514	622
21932	22797
21932	23216
21932	22321
131604	131769
98400	98898
98400	99180
98400	99175
579	721
579	719
131652	131852
66117	66374
66117	66359
588	719
598	733
598	1094
98404	98566
602	1218
602	1095
609	1213
612	1016
612	1214
621	1018
62215	63119
627	1016
103871	104133
109333	109451
103872	104134
650	1039
656	1039
660	880
660	886
664	1034
664	1035
664	1036
664	909
664	1039
664	912
103876	104131
131761	131889
690	874
690	885
131763	131891
698	912
698	920
698	909
698	903
161356	161441
700	903
700	909
700	912
700	920
708	920
708	919
708	903
724	1034
724	1035
724	1036
724	909
724	1039
724	912
726	912
726	1036
726	1039
728	912
728	1036
728	1039
733	1215
51724	52238
66282	67034
66291	66773
66291	66910
109353	109473
109353	109438
109356	109428
109356	109434
109356	109412
109356	109423
66332	67037
66346	66758
131886	132054
66359	66912
66359	66915
73547	73884
99131	99445
99135	99376
66368	66916
66368	66919
131908	134219
131910	132552
99149	100348
99156	99302
99156	99307
99156	100055
99156	99343
99156	99319
99156	100333
99156	99324
99156	99327
99161	99342
99162	99336
99173	99298
99173	99291
51312	52815
99180	99301
99180	99318
99180	99323
99181	100014
879	960
879	965
880	961
880	973
886	961
886	973
919	1374
131230	131274
960	1124
961	1124
965	1064
131236	131311
99291	100294
132063	132193
99298	100306
99302	100031
99318	100032
65705	65781
1016	1216
1016	1098
1018	1099
1018	1212
99323	99451
99324	99453
99327	100033
87552	88209
87552	87870
1026	1330
1030	1330
1030	1107
1030	1303
1030	1240
1030	1113
38401	39280
99342	99442
1040	1330
22020	22760
99376	99485
1077	1164
87562	89873
87562	87956
131253	131358
99396	100035
99396	100029
1094	1224
1094	1230
1095	1226
184	200
1107	1241
131257	131584
131257	131306
132193	133071
40409	40482
40409	40501
1123	1166
1124	1159
132198	132510
132199	132728
132199	132470
188	201
188	197
190	202
99455	101274
1164	1337
125519	126037
109424	109489
202	232
1215	1272
66753	67048
1218	1235
66758	67111
1224	1239
1226	1301
66766	67057
1235	1273
1235	1277
66772	67059
1240	1378
1241	1392
1241	1414
208	225
109436	109506
131282	131380
131282	131381
1269	1426
1272	1429
1272	1430
1274	1425
1274	1388
1275	1413
1275	1383
1277	1382
1277	1367
1278	1370
1278	1379
109443	109548
1301	1382
1303	1384
1303	1331
114908	115980
114909	115946
1330	1377
1330	1381
1333	1355
1333	1356
132427	132505
1367	1415
66906	67342
66908	67112
1378	1449
1384	1449
34162	34929
34162	34943
34164	34946
34165	34929
34165	34780
132470	132738
82153	82280
82153	82409
82153	82443
82153	82223
82153	82448
82153	82232
82153	82415
82153	82396
1414	1489
1414	1436
82157	82298
132505	132655
132510	133059
109467	109714
109467	109709
109467	109551
109470	109588
109470	109551
67044	67329
34292	34362
67111	67330
67112	67330
132655	134193
132655	134228
76726	76861
76726	76967
76727	77455
76727	77458
65805	66000
65805	65983
76728	76960
76728	76859
76728	77068
76728	77493
65807	65987
65807	65991
65807	66001
65807	66003
65807	66025
65807	66029
99944	100122
99944	100132
274	293
274	295
76735	76932
76735	76909
132738	132914
278	411
278	454
278	407
1690	1738
1690	1709
1691	1709
1692	1738
1692	1709
282	409
282	407
100014	100512
1713	1733
100031	100236
131360	131516
131360	131510
131362	131521
131362	131510
100055	100514
299	344
299	355
299	357
299	431
299	465
299	467
299	469
299	471
299	472
67335	67599
67335	67629
67335	67613
67342	67629
125914	126046
100132	100138
100142	101333
100144	101317
132914	133128
61165	62829
51345	52817
14056	15259
100234	100328
100240	100304
71100	73266
71100	73261
100304	101305
100306	100533
100306	100678
100329	101335
100348	101021
100352	101028
27650	27869
27652	27871
50262	51020
50262	51022
50262	51025
50262	51737
50262	51489
50262	50402
50262	50403
50262	50404
50262	50406
50262	50407
50262	50409
50262	51755
50262	50413
34929	35013
104127	104216
104131	104188
100512	100821
100533	101314
99307	99455
35302	35481
35302	36455
35308	35413
35308	36461
35309	36209
35310	36209
35310	36204
35312	36200
35312	36493
35312	36207
35312	37044
35312	36501
60502	61680
60502	61681
60502	61685
60502	61686
60502	61687
35337	37044
35337	36493
35337	36501
35357	35775
35380	37044
35380	36493
35380	36501
65972	66009
65972	66021
65972	66014
65972	66030
5898	6053
65974	66017
65974	66011
35412	35865
35412	35862
60523	61680
60523	61681
60523	61685
60523	61686
60523	61687
35481	36201
35481	36206
101021	101301
101028	101307
101080	101320
101080	101300
465	512
465	514
465	627
465	503
46604	47243
51083	51490
66003	66752
66003	66753
66003	66766
66003	66769
469	512
469	514
469	1030
469	1026
469	1040
469	627
469	503
133903	134205
66015	67460
66015	69644
66015	70004
76939	77573
483	518
483	542
71483	71688
71483	72577
71483	72410
35693	36212
35693	36452
488	537
488	531
488	525
488	547
488	553
22335	22529
109723	109936
35775	36164
35775	36023
76960	77632
76960	77631
506	608
506	613
101353	101527
101354	101524
101354	101541
76967	77440
101356	101533
134143	134208
512	621
101378	101802
101384	101554
101384	101605
101386	101569
101386	101602
101386	101609
101389	101594
101389	101564
101392	101617
101392	101620
101394	101618
35861	36217
3166	3184
3166	3182
134239	134499
134239	134507
134241	134695
134243	134499
134243	134507
22374	22966
101478	102810
101478	102807
101478	102431
87911	88014
87911	88015
3182	3193
3184	3193
3184	3188
134258	134695
3188	3205
3188	3207
3188	3848
3188	3226
3188	3227
3188	3229
3188	4009
3188	3194
3194	3211
3207	3216
3207	3224
3207	3226
3207	3227
101522	102114
101522	102807
101522	102810
101522	102431
101527	102114
101527	102807
101527	102810
101527	102431
3226	3412
3226	3399
3227	3275
3227	3412
3227	3399
3229	3609
3229	3883
3229	3372
3229	3629
3229	3631
3229	3632
3229	3635
3229	3646
3229	3647
3229	3649
3229	3269
3229	3399
3229	3275
3229	3278
3229	3412
3229	3545
3229	3421
101554	102122
101554	102118
101564	102033
101564	102106
101564	102036
101569	102116
101569	102038
134341	134833
134341	134607
3275	3427
3275	3422
131618	132199
3278	3419
3278	3430
3278	3423
101606	102024
101606	102042
101609	102121
101609	102119
158942	159140
3421	3649
3421	3609
3421	3646
3421	3647
3422	3472
3422	3493
3422	3479
3423	3484
3423	3462
134499	136015
3430	3484
3430	3462
3432	3546
3432	3535
134507	134972
36204	36479
36204	36460
36204	37047
36206	36481
36207	36482
36207	37044
61219	61892
77045	77168
77045	77153
3546	3643
77051	77369
77051	77415
77051	77357
77051	77421
3609	3824
3609	3825
134695	134814
3629	3820
3629	3824
3629	3825
3629	3837
3631	3824
3631	3825
3631	3820
3631	3837
3632	3979
3632	4005
3635	3820
3635	3837
3635	3838
3646	3824
3646	3825
3647	3824
3649	3824
77069	77376
36449	37056
36449	37055
36455	37024
36455	37035
22460	22829
22460	22831
36460	36998
36460	37031
36462	37028
36462	37023
36464	37051
36468	37058
36469	37056
36469	37057
102024	102854
36493	37107
102038	102764
102042	102831
134814	136117
134814	135503
102061	102409
134833	136115
134833	135486
102072	102409
102078	102152
102078	102409
82551	82747
102110	102571
102110	102557
102114	102568
102115	102570
102118	102576
102118	102378
102118	102580
102118	102581
102119	102579
102119	102582
102121	102374
102122	102369
102122	102378
33405	34836
33405	34837
3838	3924
109241	109417
109241	109429
109241	109422
40682	40827
40682	40725
40682	40727
82564	82761
82564	83415
40501	40968
40501	41187
60724	61126
60724	61203
134972	135104
109243	109424
109243	109419
82574	82774
102302	102412
4009	4089
82591	82774
135104	136016
135104	135218
106084	109128
106084	108048
106084	108972
106084	106478
4089	4275
102409	105032
37237	37272
37237	37291
37237	37279
36998	38281
36998	37075
102555	102767
102557	102689
102557	102769
102568	102857
102570	102855
102571	102691
102571	102782
102572	102783
102572	102695
4275	4312
4275	4308
102582	102773
37047	37105
37047	37437
37052	37209
37053	37213
37055	37280
37055	37215
37056	37209
137248	137334
37058	37209
37058	37210
37075	37896
37075	37269
37089	38214
22566	22761
22566	22781
37103	38214
37104	37891
37105	37896
37107	38199
102689	102842
102691	102859
102695	102843
114716	114908
135503	137103
37213	37300
37213	37327
37215	37299
37215	37326
102764	102837
102767	102836
102769	102832
102773	102847
102782	102845
102783	102851
137282	137890
137282	137894
102807	103131
37274	37952
37274	38284
37279	38288
37280	38280
37299	37787
37299	37799
37300	37801
102837	102978
102837	102994
102843	102979
102843	103115
102843	102993
102843	103001
102851	103115
102851	102993
102851	103001
102854	102984
102854	103831
102854	102975
102855	103012
102857	103013
37326	37802
60836	61056
60836	61050
60836	61059
60836	61060
147114	147137
147114	147172
60846	61372
37432	37574
37433	37575
37437	37576
37437	37569
102975	104226
102978	103080
102979	103877
102984	104219
102987	103147
81218	81657
102993	103872
102994	103871
102999	103148
103001	103880
103013	103127
4742	4759
4743	4746
4743	4759
4744	4760
4744	4745
4744	4747
4744	4759
4745	4768
4745	4771
4745	4764
4746	4770
4746	4773
4746	4766
4760	4793
4762	4925
4762	4775
4764	4795
4768	4789
4768	4783
4770	5148
4770	5919
4770	5670
4770	5677
4770	5680
4770	4785
4770	5565
4770	4800
4770	4801
4770	5575
4770	5576
4770	4816
4770	4820
4770	4821
4770	4824
4770	5371
4770	4853
4770	5366
4770	5369
4770	4799
4771	4792
4771	4789
4773	5148
4773	5919
4773	5670
4773	5677
4773	5680
4773	4792
4773	5565
4773	4800
4773	4801
4773	5575
4773	5576
4773	4816
4773	4820
4773	4821
4773	4824
4773	5371
4773	4853
4773	5366
4773	5369
4773	4799
4774	4926
4775	4924
70318	70644
4783	4800
4783	4801
4783	4798
4783	5937
70320	70644
4785	4800
4785	4801
70323	70883
70323	70564
70323	70837
4789	4800
4789	4801
4798	4845
4799	5184
4799	6211
4800	5184
4800	6211
4801	5184
4801	6211
37574	37931
37575	37930
37576	37912
37576	37932
4816	5196
4816	5005
4816	5016
4816	5212
4816	5215
70353	70940
70354	70939
70354	70941
4820	5196
4820	5012
4820	5013
4820	5016
4820	5018
4820	5212
4820	5215
4821	5196
4821	5012
4821	5013
4821	5018
4821	5212
4821	5215
4824	5891
4824	4870
4824	6408
4824	6409
4824	5898
4824	4878
4824	4879
4824	4880
4824	7213
4824	6197
4824	5176
4824	6460
4824	5949
4824	5954
4824	5196
4824	6234
4824	5212
4824	5215
4824	7227
4824	6244
4824	6245
4824	7228
4824	4974
4824	5822
4824	4982
4824	5251
4824	5254
4824	5356
4824	5012
4824	5013
4824	5018
4824	5028
4824	5029
4824	5034
4824	5037
4824	5042
4824	5345
4824	5350
4824	5612
4824	5358
4824	5360
4824	5617
4824	5623
4824	5374
4845	4945
4845	4946
70387	70500
4870	5033
4870	5041
4878	5026
4878	5030
4879	5036
4880	5040
4880	5027
4880	5031
66355	66917
4925	5070
4926	5074
4926	5071
136016	137176
136016	137178
4945	5927
4946	5933
4946	5927
22672	22950
82747	83075
82749	83075
4982	5164
4982	5180
88214	88486
5012	5954
5012	6244
5012	6245
5012	6408
5012	6460
5012	5196
5012	6197
5012	6409
5012	6234
5012	5212
5012	5949
5012	5215
5013	5196
5013	5212
5013	5215
5016	5194
5016	5196
5016	5199
5016	5215
5018	5954
5018	6244
5018	6245
5018	6408
5018	6460
5018	5196
5018	6197
5018	6409
5018	6234
5018	5212
5018	5949
5018	5215
5026	5113
5026	5099
5026	5093
5028	5358
5028	5360
5028	5374
5030	5113
5030	5099
5030	5093
5030	5086
5030	5107
5031	5081
5031	5102
5036	5113
5036	5099
5036	5093
5036	5086
5036	5107
5037	5179
5040	5081
5040	5102
5041	5161
5041	5174
70578	71018
70578	70991
136115	136154
136117	137091
40405	40482
40405	40645
40540	40760
70630	70850
70637	70840
70637	70859
70638	70857
70644	70827
70644	70838
70645	70833
70649	70846
70649	70831
70650	70842
37891	38217
70661	70856
70661	70862
70662	70843
99160	99298
5148	5368
5148	5266
5148	5301
5148	5365
5161	5344
5161	5355
5164	5344
5164	5355
5164	5351
5174	5344
5174	5355
5176	5345
5176	5313
5176	5356
5176	5328
5180	5344
5180	5355
5186	5382
5186	6329
5193	5922
5196	5770
5196	5930
5200	5928
5212	5769
5215	5770
99175	99301
99175	99318
5254	6463
5266	5567
30727	30969
70818	71472
70818	71483
70838	71502
70840	71437
70845	71434
70846	71442
5313	5633
5313	5623
5313	5612
5313	5606
5313	5617
70856	71488
70856	71438
70862	71477
70862	71486
5328	5632
5328	5633
5328	5606
70880	71490
70880	71497
5345	5631
70884	71501
5350	5595
5356	5630
5358	5617
5358	5623
5360	5623
5360	6463
5365	5572
5365	5566
5366	5569
5368	5568
5368	5574
5371	5584
5382	6191
7817	8943
51755	52228
70940	71137
70940	71142
70940	71133
70941	71142
38199	38402
38199	38398
103749	104035
38214	38402
38214	38799
38217	38464
70990	71094
70991	71129
70993	71099
70995	71100
71018	71309
22761	23194
22761	23203
38280	38943
38284	38401
103831	104221
71078	72506
71078	72507
71083	72500
71087	73264
71087	74220
71091	72501
71093	72502
71094	73259
71095	74209
71096	73234
71099	73240
5565	5667
5566	5696
5566	5678
5567	5678
5572	5696
5572	5678
103877	104136
71133	73006
71133	72662
71133	72663
71137	72662
38402	38800
38402	38798
5667	5920
5670	5918
5677	5972
5678	5972
5680	5891
5680	5860
5696	5971
5696	5973
33721	34164
33721	34166
33722	34162
33722	34165
107813	107937
191	222
5769	5924
5769	5941
5770	5925
5770	5942
5822	6052
104133	104191
104134	104222
104136	104225
40566	40760
973	1123
5860	6051
114825	115980
114825	116005
71437	71696
71437	72568
71438	72550
71438	72568
71438	72409
104219	105149
5919	6472
5920	6476
5922	6200
5922	6178
5924	6182
5924	6198
5925	6185
5925	6199
5927	6193
5927	6183
5928	6184
5928	6196
5930	6194
5933	6176
5933	6188
71472	71688
71472	72577
71472	72410
5937	6187
5937	6212
5937	6190
71477	72409
71477	72404
71486	72409
71486	72404
71488	72568
71488	72409
71488	72550
71489	71696
71489	72577
71489	72568
113310	113467
113310	113428
99301	99396
11921	12174
38800	38826
99319	100037
61098	61161
71688	72025
137228	137282
137229	138496
71696	72030
137241	137310
137242	137332
137243	137336
137243	137309
137244	137336
6176	6560
6176	6332
6183	6337
6188	6560
6191	6334
6193	6748
6193	6337
6194	6757
61108	62705
61108	61636
61108	62374
61108	62190
61108	62183
6234	6702
6245	6702
137332	137521
137334	137947
137336	137898
104580	105183
50402	50992
50402	50993
50402	50995
50402	50996
61375	61628
61375	61622
6329	6747
6332	6741
6334	6742
6334	6743
6337	6614
71875	73257
60927	61127
60927	61108
6408	6465
6408	6461
6409	6466
6409	6462
60709	61098
6460	6603
6461	6602
6462	6604
6465	6608
6465	6602
6466	6604
6472	6556
6472	6550
6476	7736
6476	6557
50236	50394
50236	50398
50236	50407
50238	50400
50240	50272
50240	50345
50240	50292
50240	50277
50240	50285
50242	50277
50242	50285
50242	50292
50245	50292
50245	50285
50245	50277
71142	74156
51503	51745
6614	6749
50255	50960
50255	51737
50255	51747
50255	51755
50255	51020
50255	51022
50255	51025
50255	50403
50255	50404
50255	50407
50255	50409
50255	50413
88486	89120
88486	89114
50258	51020
50258	51022
50258	51025
50258	51737
50258	51489
50258	50403
50258	50404
50258	50406
50258	50407
50258	50409
50258	51755
50258	50413
50413	51022
50260	50960
50260	51737
50260	51489
50260	51747
50260	51755
50260	51020
50260	51022
50260	51025
50260	50403
50260	50404
50260	50406
50260	50407
50260	50409
50260	50413
50261	50960
50261	51737
50261	51489
50261	51747
50261	51755
50261	51020
50261	51022
50261	51025
50261	50409
50261	50413
50263	50960
50263	51747
50263	50292
50263	50285
50264	50960
50264	51747
103880	104127
6702	6999
88504	89113
88504	89115
6741	6785
6742	6756
132196	132427
132196	132507
6747	6758
6748	6755
137883	138782
137890	138223
137894	138218
137898	138186
137898	138430
61222	62274
61222	61899
105207	105576
105209	105254
105211	105399
105217	105566
105218	105561
105218	105563
105222	107515
105222	107509
105222	106070
105222	105383
105225	105293
105225	105297
105225	105298
105225	106070
105225	106008
105225	106009
105226	105297
105226	105298
105226	107509
105226	106070
105226	106009
105226	107515
105234	105507
105234	105732
105234	105445
105234	105512
105234	105383
105234	105743
105234	105712
105234	105480
105234	105443
105234	105718
105234	105724
105234	105725
105234	105727
105235	105536
105235	105739
105235	105734
105237	105727
105237	105740
105237	105743
105240	105736
105240	105726
105240	105742
105242	105536
105242	105737
105242	105739
105242	105734
105243	105708
105245	105708
105248	105445
105248	105383
105248	107509
105248	106070
105248	106009
105248	107515
105248	105724
105254	105760
105267	105380
105267	105375
72500	73357
72501	73356
72502	73351
72506	73352
72507	73353
72508	73250
72568	73272
72568	73293
19824	20001
19824	19990
105375	105622
105380	105622
105383	106069
105399	105646
105400	105664
105400	105644
105402	105648
105402	105667
105417	105649
138186	138433
105428	105645
105445	106013
138218	138341
138223	139528
50345	50689
50345	50669
105512	105719
7213	7637
7213	7510
7213	7615
7227	7642
7227	7491
7228	7512
7228	7641
7228	7639
105536	105607
65709	65976
65709	65978
65709	65783
65709	65780
65709	65807
105561	105681
105561	105746
105563	105674
105563	105663
105564	105653
105565	105656
105565	105649
105567	105631
105568	105645
105568	105654
105569	105652
1211	1274
138341	138760
105576	105928
105576	105930
1213	1278
243	256
105622	105933
105622	105934
102810	103125
105644	105762
105644	105835
105645	105768
105645	105762
105646	105812
105648	105837
105648	106077
105649	106077
105652	105768
105652	105762
105653	106077
66761	67053
105656	106077
105663	105768
105663	105778
138433	138627
105674	105778
62160	65623
62160	62477
105681	105789
105681	105782
105681	105805
1230	1275
1230	1269
61899	62254
105708	105853
105712	106229
105717	106370
105717	106223
105718	106217
105718	106014
105719	106222
105719	106215
105724	106004
105725	106010
105726	106021
105726	106031
105727	105856
105732	105856
105734	105856
105734	106424
105736	105899
105739	105856
105739	105901
105740	105856
105743	105856
105746	105789
50394	51308
50394	50989
50394	50991
50394	50992
50394	50993
50394	50995
50394	50996
50394	50973
105760	105925
105768	106074
105778	106084
105778	105949
50398	50979
50398	50982
50398	50986
50398	50994
50398	50990
50398	51026
50398	51027
50398	50997
50398	50970
105782	106084
112872	112908
112872	112949
61329	61754
138627	138827
65720	65783
65720	65780
65720	65807
83185	85057
83185	84234
105899	106025
105901	106227
105949	106078
40453	40514
40453	40692
40454	40544
40454	40516
40454	40693
106004	106218
106004	106228
73240	74193
73240	73542
106010	106221
106010	106230
106021	106238
73257	74216
73257	74229
73259	74214
40492	41192
40492	40966
73261	73553
73261	74207
117008	117497
73266	74211
65726	66187
65726	66188
65726	65805
65726	65807
65726	65780
65726	65783
65726	65756
65726	65789
7764	7786
7764	7789
7764	7791
106070	106849
106070	106463
106074	108952
106074	108956
106077	106445
106077	108422
7776	7812
7777	7817
7777	7811
7777	7812
7778	7792
7778	7952
7786	7816
7789	7809
7789	7802
7789	7807
7791	7807
7792	7951
7809	8943
73351	73544
73351	74205
73353	74212
73353	74206
73356	74200
73356	74210
73356	73555
73357	74194
73357	74228
40636	40760
40636	40915
40636	40775
40641	40916
40646	41195
17698	17884
40658	41541
23162	24077
40677	40826
40677	40827
106221	106484
106222	106427
106223	106365
106223	106422
106224	106368
106224	106488
106229	106430
106230	106498
106231	106368
106231	106431
7952	8097
7952	8101
116015	116042
27544	28345
73544	73883
77795	78376
77795	80131
65736	65939
106370	106482
106372	106497
8097	8283
8097	8239
106420	106485
83196	83524
83196	83476
106422	106483
106424	106490
106426	106494
106430	106502
106431	106504
40916	43575
40916	42488
40916	42490
40916	43579
82106	82370
82106	82551
55974	56256
23207	23364
106478	108045
106478	108973
106478	109143
106484	106696
106484	106699
106484	106685
40950	41202
40950	41181
106487	106811
106487	106700
106488	106699
106490	106656
106490	106641
106490	106634
106490	106663
106492	107588
106492	106633
106492	107587
106492	106655
106492	106664
106492	106668
106492	106643
106494	106656
106494	106634
106497	107587
106497	107588
106497	106633
106497	106655
106497	106668
106503	106689
40971	42018
40971	41812
23216	23273
23216	23511
106634	106803
106641	106797
106643	107496
106643	106858
73883	74221
73884	74192
106655	107484
106656	107494
34160	34947
106663	106860
106663	107487
106664	107489
106664	106855
106668	107495
106685	106834
106686	106833
106689	106835
106689	106845
34166	34946
34166	34932
106696	106931
106696	106847
41177	41792
41177	41790
41177	41743
41191	41789
41195	41794
119214	119668
157396	157513
106803	107491
106803	107615
106820	106919
106836	106913
106836	106891
106839	106977
106845	107517
106845	107511
106849	107521
106849	106915
106849	106923
139632	139892
106876	108337
23277	24014
23277	23870
23278	24022
159819	159904
74192	75730
74193	75296
74194	74571
74200	74568
74200	75359
74203	75328
74203	75367
74206	75729
74207	75721
74209	75368
74209	75332
74210	75359
74211	75723
74211	75382
74212	75729
74214	75361
74214	75350
74215	75360
74215	74570
74216	75365
74220	75360
74220	75388
74221	74565
74229	75365
74229	74574
105221	107515
105221	107509
105221	106070
105221	105383
105231	105443
105231	105445
105231	105383
105231	106070
105231	106008
105231	106009
105231	105724
105231	105725
139892	139973
105244	105708
139983	140059
139983	140166
139983	140151
139984	140166
139984	140151
139985	140164
139985	140166
139985	140151
139986	140157
139986	140158
139988	140164
139988	140151
139992	140033
139992	140028
140001	140110
119231	119583
140028	140160
41725	41808
41725	41973
140033	140161
41743	42033
41752	41974
140059	141039
41785	41846
41785	42183
41789	42050
41792	41958
41793	42048
41793	42034
74565	75308
74565	76638
74568	75352
74568	75713
74570	75704
74570	75362
74571	75356
41808	42642
41812	42021
41846	42642
140151	141040
140151	141038
140157	140333
140164	140488
107494	107631
109419	109489
107509	107810
107511	108014
107515	107814
107521	107763
107521	107775
107522	109120
107522	107780
82142	82392
82142	82439
82142	82445
82142	82405
42026	43004
42033	43011
42033	42701
42034	43039
42034	42693
42034	43001
42048	42680
42050	42545
42078	42551
105317	105416
105317	105409
105317	105564
105318	105417
105318	105396
105318	105565
107631	107912
105320	105568
105320	105401
105320	105428
105323	105400
105324	105402
42183	42333
140488	141246
107763	107813
107775	107804
107775	107812
72577	73272
107786	108015
107810	108018
107814	108019
40689	40826
40689	40827
23434	23741
116280	116577
42333	42673
52874	53781
116286	116577
116286	116594
40691	40752
40691	40758
40692	40753
40692	40826
40692	40827
61681	61827
61681	61838
114890	115985
61685	61852
42488	43530
108048	108804
75296	75726
42538	42679
140853	142475
75328	75396
75332	75399
75350	75712
75352	75715
75356	75714
75359	75725
75360	75731
75361	75705
75362	75722
75365	75716
75366	75709
75367	75720
75368	75732
45330	46346
45330	46352
75388	75924
75399	75932
108180	108390
42680	43016
42680	42997
42701	43014
116348	116577
116348	116579
116348	116581
141038	141356
141039	141249
141039	141518
141040	141248
141040	141360
51349	52008
141061	141472
116359	116579
116359	116572
115944	115992
109448	109547
108422	108969
108422	108962
1693	1709
75704	76636
75705	75931
141246	141343
75720	75933
75723	75935
75726	76240
75726	75959
75729	75928
75732	75936
75732	76234
43001	43044
43001	43039
160737	160841
43016	43044
43036	43709
141360	142540
100032	100238
89110	90199
89110	90197
141472	142466
89116	89852
89118	89286
141518	141789
141518	141790
105507	105717
108804	109147
61827	64971
23601	23833
108870	109043
108870	109125
108870	109103
116014	116122
108956	109137
108962	109159
109468	109714
109468	109723
109468	109717
109468	109551
10952	11921
76240	76668
141789	142040
43520	43679
109471	109547
109471	109551
43530	43682
10780	10804
10781	10793
10781	10796
10781	10798
10781	10799
10781	10801
10781	10803
10782	10793
10782	10801
10782	10798
10782	10799
10793	10839
10794	10850
10796	10874
10796	10821
10796	10822
10798	10819
10798	10836
10798	10821
10798	10839
10801	10819
10801	10836
10801	10821
10801	10822
10803	10874
109112	109162
43579	43687
10819	11182
10819	12211
10819	12212
10821	12211
10821	12212
10821	11182
10822	12212
10822	12211
10822	11182
10836	12212
109164	109488
109165	109620
109166	109229
109169	109230
10874	10952
10874	10953
109196	109241
109196	109243
109196	109244
109196	109247
109197	109242
109197	109246
109244	109426
109244	109429
109246	109429
10953	11921
10953	11918
31977	32289
31977	32247
35862	36449
45530	46346
45530	46352
109350	109472
109350	109436
50993	51225
109417	109489
109417	109538
109422	109489
109423	109489
109426	109489
109428	109489
109429	109519
109438	109500
109438	109501
109440	109545
76686	76884
76686	76895
76697	78329
76698	78337
76700	77232
76703	77232
76703	77217
76705	76908
76709	77236
76714	77150
76719	77144
76719	77046
76720	76897
76720	76910
76725	76939
76729	77027
76729	77067
76730	77069
76730	77051
76736	76924
76736	76918
76737	76936
76737	76934
76739	76923
76739	76917
76740	76947
76740	76958
76740	76967
76742	76960
76742	77534
76747	76920
76747	76935
76749	76913
76750	76912
76752	77045
76753	77027
76753	77042
51022	51068
51022	51077
51025	51503
109488	109612
106215	106372
106215	106487
109588	109715
109620	112779
109620	109951
76859	77491
76861	77488
76861	77459
74574	75366
105654	105768
105654	105762
106217	106420
76884	77310
76897	77576
76897	77596
76897	77583
76906	77594
76906	77582
76909	77595
76910	77590
76920	77615
76920	77621
76920	77627
76923	77623
105664	105816
76932	77598
76935	77600
76935	77617
76935	77629
109709	109930
109714	109931
76947	77618
76947	77630
109717	109932
142492	142558
76958	77613
76958	77625
76958	77620
77027	77408
77027	77417
77027	77167
77027	78295
77027	78299
77027	77149
77042	77170
77042	78293
77042	77151
77046	77153
77046	77147
142593	142630
142593	142679
142594	142629
142599	142679
142600	142682
77068	77377
77068	77364
77068	77351
142608	142699
77089	80388
77089	77189
77089	77191
77089	80109
77089	80084
41958	42051
41958	42078
100238	100295
77144	77795
142682	142879
77147	78297
77147	78298
77149	78289
77149	78299
77149	78295
77150	79360
77150	78009
77150	78292
77151	78293
77160	80113
142699	142944
142699	142945
77191	80084
106228	106506
25635	25923
25635	25860
25635	25897
25635	25868
25635	26319
25635	25913
25635	25885
25635	25853
62034	62377
142872	143067
142872	143150
142874	143066
142874	143063
142874	143087
142875	143091
142875	143068
142875	143062
77351	78591
77357	78593
77357	78588
77364	78591
105737	105856
105737	105853
77369	78600
77369	78593
47313	48016
47313	47697
142944	143112
142944	143113
142944	143001
142944	142981
142944	142989
142945	143112
142945	143113
142945	142981
142945	143143
77415	78600
11918	12187
143062	143146
143066	143148
143067	143144
143068	143147
143087	143333
143091	143141
143091	143149
143112	143440
143112	143156
143112	143436
143113	143440
143113	143479
143115	143440
143115	143479
77596	78198
122160	122360
143141	143317
143143	143444
143146	143263
143149	143334
143150	143262
77615	78701
77615	78694
77621	78694
77627	78701
77627	78694
45715	46611
45715	46614
45715	46620
12174	12341
12174	12757
12187	12338
12187	12342
143262	143634
143262	143636
143263	144941
143263	144934
122184	122249
122184	122244
122184	122254
122187	122316
105805	106080
105805	108977
105805	108903
143317	144938
122192	122324
143333	144881
112882	113122
112882	113035
112882	113026
112882	113050
12338	12750
51210	51380
51210	51349
122208	122354
62135	63119
143479	144447
143497	144887
78009	80123
78009	78375
51237	51312
51237	51345
51237	51331
45298	45720
45301	45611
45302	45571
45302	45718
45322	46346
45329	45530
45329	45534
45347	46082
45359	45427
45360	45427
45372	45578
45372	45527
45374	45598
51253	52241
51253	52395
51253	51725
51253	52246
51253	52729
78198	78728
51273	52144
51273	52123
51273	52135
51273	52143
12750	12795
78289	80118
78289	79375
78292	79390
78293	79477
78293	78614
78295	78618
78295	79474
78297	80108
78297	79391
78298	79385
78298	79382
78299	79470
78299	78622
45534	46346
45534	46352
62203	62699
94973	95792
45555	45746
45555	45731
45555	45740
45555	45719
78329	78397
12795	12987
17884	18102
45584	46964
45585	45763
45585	45744
45585	45749
45585	46362
45585	45755
45585	45727
62213	63113
62213	62477
94982	95132
78375	79386
78376	79388
45612	46625
45612	46613
45612	46619
45613	46616
45613	46621
45614	46357
45614	46940
45614	45725
45614	45736
45614	45742
45614	45747
45614	46771
45614	46973
51308	52813
51308	52307
51308	52825
45718	46612
45718	46617
45718	46623
45719	46330
45719	46332
45725	46326
45725	46334
45727	46304
47350	47489
47350	47694
47350	48014
47350	47509
45730	46323
45730	46325
100033	100242
45740	46794
105928	106256
105928	106261
105928	106255
75721	75958
78600	78945
40408	40971
40408	40499
40408	40492
78614	79473
78618	79475
78622	79472
40411	40645
40411	40646
40442	40640
40442	40569
109201	109356
42999	44076
40460	40539
78945	79588
73234	74203
50253	50403
50253	50404
50253	50407
50253	51020
50253	50409
50253	51755
50253	50413
50253	51022
50253	51025
50253	51737
106365	106499
106014	106224
106014	106231
40482	41191
46323	46563
46326	46940
46332	46643
51068	51738
51068	51754
46357	46792
46362	46426
46362	46790
106031	106240
73264	74215
40499	40964
40499	41190
46426	47313
46429	46977
46429	46606
13781	13810
13781	14030
13782	13830
13782	13836
13782	14028
13782	13837
13782	13838
13782	15259
13782	14056
13783	13810
13783	13811
13783	13807
13784	14051
13784	13831
13784	13809
13784	13810
13784	14038
13786	13809
13786	13810
13786	13811
13786	13831
13788	13837
13788	13838
13788	15024
13788	14897
13788	15033
13788	14533
13788	14583
144876	144926
13807	14036
13807	13892
13809	14029
13809	14050
13809	14039
13810	14029
13811	14036
13811	14029
144887	144932
106069	106456
106069	106836
79360	80285
13831	14145
13831	14050
13831	14039
13831	14140
13836	14146
13836	14148
13836	14145
13836	14139
13836	14142
13837	14145
13837	14148
13837	14142
79385	80289
79385	80271
46619	47382
79391	79627
144956	145565
144956	145566
144958	145016
144958	145006
144959	145015
144960	145131
144960	145565
144960	145566
144961	145566
144973	145230
144973	145231
144974	145213
144974	145215
144975	145093
144975	145063
144976	145066
144976	145107
144979	145210
144979	145211
79470	80105
79474	79874
79474	80117
79475	79623
79477	80394
145015	145128
145061	145132
145061	145135
145063	145170
145093	145166
46790	46969
46790	46963
14028	15266
14028	15625
14028	15259
14029	15624
14033	15625
14042	15257
14043	15264
14043	15257
145128	145251
145131	145470
145132	145328
145132	145330
145132	145349
145132	145327
145135	145349
145135	145327
122499	122584
73352	73547
73352	74204
145211	145281
145211	145292
14140	14432
14140	14215
14140	14440
14140	14442
14140	14421
14140	14428
14140	14430
145213	145348
14142	14215
14145	14215
14146	14440
14146	14430
14146	14215
14148	14215
46940	47312
46940	47306
46963	47331
46964	47327
106132	106493
106132	106503
46970	47330
46970	47350
46973	47336
46973	47355
14215	14465
14215	14437
145327	145394
145327	145389
145330	145396
145330	145391
145348	145392
145349	145393
145349	145388
26555	27937
26555	27926
26555	27931
26555	26652
145388	145532
145389	145820
112863	112928
112863	112882
145392	145648
145393	145542
145394	145479
145396	145817
145470	145849
145479	145818
145479	145819
62477	62653
480	537
480	531
480	553
14432	15255
14437	15256
14437	15118
14442	15270
145532	147114
14465	15120
14465	15118
145566	145848
40645	40960
112869	112948
47270	47673
145577	147049
14533	14876
14533	14887
47306	47489
47306	47694
47306	47687
47312	47489
47312	47694
47312	48014
47312	47509
80084	80321
112860	113118
112861	112929
112861	112885
112862	112930
112862	112939
112862	112926
112862	112886
112864	112945
112864	112931
112864	112934
112864	112887
112865	112888
47330	47509
112867	112947
112867	112917
112868	112914
112870	112913
112870	112908
112871	112913
112871	112908
112871	112949
80108	80284
80108	80262
80113	80292
80113	82046
80118	80966
112888	113028
112888	113051
112888	113036
112888	113132
112888	113134
112908	112969
112908	112971
112908	112973
112914	112969
112917	113041
112917	113131
112917	113053
112920	113131
112923	113132
112923	113131
112923	113036
112923	113134
112923	113142
112923	113051
112928	113050
112928	113035
112929	113113
112943	113132
112943	113131
112943	113036
112943	113134
112943	113142
112943	113051
112947	113041
112947	113131
112947	113053
112947	112999
112948	113053
112948	112999
112958	113058
14677	15596
489	518
489	542
144447	144898
144447	144774
144447	144886
106218	106493
47489	47650
113026	113120
113026	113117
113028	113141
80262	80968
113035	113137
113035	113114
113036	113136
113036	113139
80271	80390
145818	147099
145819	147096
80284	80972
80289	80395
80292	81650
80293	80974
145847	147159
145847	147119
113113	113217
113113	113211
113114	113305
113114	113318
113119	113203
113120	113243
113120	113229
113121	113201
113121	113190
113122	113313
113122	113190
113122	113246
113122	113230
113124	113323
113124	113317
113131	113472
113131	113326
113134	113324
113136	113314
113136	113301
113137	113309
113137	113319
113139	113316
113139	113303
113141	113228
113142	113325
113142	113311
80390	82030
14876	15012
113190	113554
14887	15012
14897	15024
14897	15017
47687	47932
47687	47901
113228	113559
113229	113560
113229	113539
47694	47932
47694	47901
47694	48023
47697	48028
106255	106528
113246	113539
113246	113558
106256	106525
160873	160995
160873	161005
113300	113469
113300	113431
113301	113436
113303	113555
113303	113429
113305	113539
113305	113547
113305	113540
113311	113473
113311	113546
113314	113436
113317	113466
113323	113466
47793	47827
46330	46970
46330	46643
100821	101331
109431	109678
15118	15281
15118	15261
113428	113545
113429	113557
113436	113561
47901	48487
62699	63130
62699	63111
113466	113538
113467	113541
113469	113536
113473	113556
113480	113542
96525	97222
113513	113891
113538	113685
113539	113720
113542	113829
113544	113829
113548	113715
48013	48520
113553	113716
113553	113710
113553	113718
113554	113859
113555	113729
113556	113696
113556	113681
113557	113829
113558	113720
113558	113717
113558	113719
15255	15607
15255	15599
15256	15575
15257	15594
15257	15587
15259	15623
15261	15609
15261	15597
15264	15579
15264	15590
15270	15592
15270	15610
62705	62964
62705	62996
113681	113813
113685	113809
113696	114426
113710	113848
113710	113836
113717	113832
113717	113846
113718	113860
113718	113847
113719	113832
113719	113861
113719	113846
80952	80990
113729	113827
113729	113851
113729	113975
80966	81166
80968	81168
80972	81167
80974	81169
113813	114432
113813	115998
51737	52265
113832	113926
113832	113935
113836	113918
113836	113926
113847	113928
113847	113939
113848	113928
113848	113919
113851	113973
113859	113920
113859	113897
113859	114455
116199	116247
116199	116275
116199	116286
116199	116351
15579	15778
15594	15780
113920	114448
106368	106491
15625	15779
81166	81226
81167	81214
81168	81218
81169	81223
128183	128235
113973	114684
46304	46572
46304	46429
81226	81644
128235	128340
15780	16042
112913	112969
112913	112971
46334	46568
46334	46604
46334	46940
35413	35864
35413	35861
106427	106492
77576	78198
147077	147134
147089	147161
147096	147171
90053	90923
98737	100698
98737	99118
40915	42488
40915	43575
40915	42490
40915	43579
81644	82050
81657	82060
147196	147308
147196	147312
147196	147222
147196	147320
147196	147225
147196	147322
147204	147307
114448	114668
114448	114718
114450	114712
114450	114719
147222	147445
147222	147422
147222	147423
114455	114659
114455	114717
114455	114671
147225	147445
147225	147422
147308	147346
147310	147346
147312	147346
147313	147346
147314	147346
40948	41176
40948	41201
40948	41785
61648	62215
61648	62219
147422	147488
147422	147484
114659	114713
114671	114707
114671	114716
147445	147483
147445	147487
114684	115718
114707	114890
114712	114816
114713	114825
147483	147792
147484	147790
147488	147596
61650	62135
61650	62215
147523	149285
105297	105963
114816	115981
147596	147794
147596	147783
61654	62221
82086	82664
82086	82371
82087	82376
82087	82557
82092	82468
82092	82492
82093	82656
82093	82373
82094	82560
82095	82544
82095	82563
82095	82571
82095	82559
82097	82577
82097	82547
82097	82573
82097	82566
82098	82592
82098	82583
82099	82592
82099	82531
82099	82583
82100	82530
82100	82567
82100	82574
82100	82582
82100	83608
82100	82587
82100	83614
82100	82591
82101	82592
82101	82583
82102	82555
82102	82564
82102	82374
82103	82565
82103	82375
82107	82586
82107	82595
82108	87238
82108	82584
82108	83608
82108	82588
82108	83614
82108	82593
82109	82586
82109	82595
82111	82597
82111	82598
82133	82252
82133	82267
161154	161362
161159	161369
82223	83196
82232	83185
82232	83196
82252	82706
161165	161401
82267	85071
82267	84253
82267	85069
126037	126235
103125	103178
82324	82623
161177	161392
82367	82667
82370	82749
82371	82665
82371	82670
82373	82668
82373	82662
82396	83497
82409	83497
82409	83495
82443	83495
82530	82774
82530	83608
82530	83614
82531	83608
82531	83614
82544	82727
82544	82762
82544	83410
82544	83418
82547	82762
82547	83418
82563	83113
82565	82761
82565	83415
82567	82774
82582	82774
82587	83608
82587	82774
82587	83614
82588	87238
82588	83608
82588	83614
90022	90921
104226	104580
82623	83234
82656	83097
82656	83074
82662	83074
82664	83094
82665	83094
82706	85070
82706	83287
13787	13807
105321	105569
105321	105430
105321	105415
82761	83095
46572	47778
144881	144954
144886	144929
115718	115944
115718	115964
115718	115877
115722	115970
115722	115990
13830	14146
13830	14054
13830	14145
13830	14033
13830	14139
50233	50277
50233	50285
50233	50292
50241	50272
50241	50345
50241	50292
50241	50277
50241	50285
50248	51489
50248	50402
50248	50403
50248	50406
50248	50409
50248	51755
50248	51020
50248	51737
17481	17784
17481	17706
17481	17716
17481	17710
17482	17706
17483	17706
17483	17711
50252	50292
50252	50285
50254	51755
50254	50404
50254	50407
50254	51020
50254	50409
50254	50413
50254	51022
50254	50960
50254	51025
50254	51747
50254	50403
50254	51737
50256	50960
50256	51737
50256	51747
50256	51755
50256	51020
50256	51022
50256	51025
50256	50409
50256	50413
50256	50292
50257	51020
50257	51022
50257	51025
50257	51737
50257	51489
50257	50402
50257	50403
50257	50404
50257	50406
50257	50407
50257	50409
50257	51755
50257	50413
50259	50960
50259	51737
50259	51489
50259	51747
50259	51755
50259	51020
50259	51022
50259	51025
50259	50403
50259	50404
50259	50406
50259	50407
50259	50409
50259	50413
13838	14148
13838	14142
13838	14215
17496	17784
17496	17716
17496	17710
17496	17791
79375	79620
50272	50670
50277	50690
83074	83401
83074	83394
83074	83407
98748	100352
98748	99149
17553	17684
17553	17933
17555	17936
17555	17685
83097	83401
83097	83394
83097	83420
83097	83407
106693	106840
106693	106820
83113	83616
106699	106816
106700	106810
106700	106978
106700	106839
83234	83291
17706	19322
17706	18051
17711	19273
116017	116096
116017	116098
116017	116199
116017	116106
116017	116092
116017	116093
116017	116094
116033	116098
116033	116106
116033	116094
41187	41793
41187	42026
41187	42030
41187	41791
116054	116120
116054	116115
83287	84246
83291	83620
116096	116195
116096	116197
116098	116193
116098	116189
116106	116339
116115	116390
116116	116216
116116	116626
116120	116390
13892	14042
13892	14043
83401	84285
116189	116345
116189	116358
116193	116348
116193	116359
116195	116344
116197	116280
116197	116273
17936	19126
83476	84335
52144	52428
83495	83835
116273	116577
116273	116593
116275	116577
116275	116594
116275	116590
116275	116593
161376	161465
83524	84333
161382	161442
116344	116577
116344	116579
116344	116581
161386	161484
116351	116577
116351	116594
161393	161455
50925	51207
106797	107486
50960	51083
161389	161445
50973	51222
50973	51231
50979	51241
50979	51301
50982	51239
50982	51242
50986	51234
50986	51362
50986	51277
50986	51257
50986	51097
50989	51273
50989	51253
50989	51224
50989	51359
50994	51237
50995	51227
50996	51221
149318	149373
149319	149375
149325	149391
51027	51210
51027	51348
116577	116746
116581	116746
116594	116746
101355	101530
51077	51433
51097	51277
51097	51257
149405	149792
149406	149792
149406	149682
149408	149452
149433	149457
149433	149465
149435	149457
106835	107517
106835	107511
116746	117009
116746	116877
116752	117367
116756	117206
51221	51323
51221	51300
51221	51286
51222	51296
51224	51340
51224	51324
51224	51302
51224	51287
51227	51304
51227	51289
51227	51342
51227	51326
51234	51346
51234	51316
51234	51333
51239	51314
51241	51309
51242	51315
101383	101571
51257	52242
51257	51763
51257	52403
51257	52254
51257	52733
106847	106976
101388	101606
51277	52128
51277	52124
51277	52134
51277	52151
51296	52835
51296	52836
51296	52897
51296	52883
51296	52821
51301	52307
51301	52311
51304	52843
51304	52812
51304	52826
51309	52844
51314	52831
87908	88020
149628	151089
149628	151103
116877	117008
51342	52847
35864	36468
51348	51977
35865	36449
35865	36469
51359	52262
46792	46965
51380	51982
46794	46966
51305	52835
51305	52836
51305	52897
51305	52883
51433	51724
51433	52263
122330	122489
122330	122569
117373	117586
84234	84482
149792	150072
149807	151099
149807	150141
149809	151097
149813	150142
149817	150137
84333	84492
84335	84794
84335	85067
42679	42999
113166	113513
113166	114450
117206	117373
51725	52261
51738	52266
51747	52219
51754	52222
150072	150416
134240	134499
134240	134507
117367	117485
150137	151091
101483	103749
96029	96094
117497	119007
51977	52277
84794	85068
106976	107522
106977	108866
19273	19481
14139	14440
14139	14430
14139	14215
101524	102114
101524	102810
52123	52420
52124	52421
101530	102114
101530	102115
101530	102810
101530	102807
52128	52422
101533	102114
101533	102115
101533	102810
101533	102111
103131	103192
103131	103197
52219	53109
52238	52726
52241	52498
52241	52723
52242	52720
19481	19824
19481	19750
85019	85346
52263	53118
52263	52726
52266	53118
96093	96641
96093	96339
52277	52848
52277	52811
85057	85957
85068	85359
85070	85232
85070	85240
85070	85958
85071	85233
85071	85238
101561	102120
101561	102110
101561	102111
101571	102038
3269	3432
3269	3426
45303	45568
45303	45715
52395	52675
52403	52685
113041	113124
46969	47354
46969	47331
85232	85989
85233	86303
85238	86301
85240	85993
46977	47270
46613	47773
52498	52718
41541	41673
101618	102042
101620	102033
101620	102106
52720	53027
52720	53108
52723	53108
52723	53023
52726	53114
52726	53127
52729	53023
52729	52980
52729	53007
113051	113300
113051	113310
52733	53027
52733	52988
52811	52874
52811	52892
52811	52885
52813	52890
52813	52895
151124	151152
52835	52897
52835	52883
52836	52897
52836	52883
52836	52890
52836	52895
52892	53783
151222	151281
151222	151279
151224	151478
151281	151353
52980	53647
52988	53647
53007	53594
53007	53596
53023	53595
116012	116054
151353	151480
151353	151479
46618	47793
46617	47774
53127	53579
62873	64223
30707	30986
30707	31125
151479	151624
151479	151625
151479	151694
151479	152343
151480	152075
85957	86167
85958	86002
129017	129212
86002	86446
129022	129212
129022	129223
151625	151727
3427	3493
3427	3463
3427	3472
3427	3539
3427	3479
3427	3485
106525	106876
36200	37034
36200	37043
36200	36478
36201	36480
36201	36462
86167	86268
85359	85956
85359	86173
86173	86276
41673	41941
119007	119048
119007	119043
86268	86466
86268	86751
119062	119229
119063	119229
119068	119105
86301	87214
119087	119138
119129	119231
53594	54116
53594	53646
53596	54116
53646	53784
53646	54131
53647	54132
119191	119250
8943	9191
119215	119674
119217	119386
119218	119673
106633	107483
14421	14677
53781	55168
53783	54371
37799	38291
109473	109500
109473	109501
21188	21370
21194	21264
21194	22773
63607	63805
63607	64199
21196	21275
21196	21277
21198	21259
21198	21246
21207	21248
21207	22368
21207	21663
3535	3643
3535	3644
21214	21418
21214	21413
86751	87094
21218	21412
21218	21422
21219	21408
21219	21416
21219	21421
21246	21475
21246	21470
21259	21469
21264	22755
21264	22766
21267	23189
21273	23224
21273	21606
21273	22751
21275	22758
21277	22765
21277	22758
119583	120575
21287	22751
21288	22751
47243	47418
21324	21557
21331	21583
21331	21599
21336	21602
21336	21588
21361	21628
21361	21610
21361	23403
21361	21614
21361	21618
21361	21619
21361	21433
21361	21627
21370	21433
21370	21619
21370	21627
21385	21458
21385	21462
21385	21479
21387	21458
21387	21462
21387	21479
21388	21479
21388	22791
21388	22798
21388	23219
21388	23220
21388	23253
21388	21462
21388	23199
21402	21932
21402	21918
21402	21919
21407	21874
21408	21491
21409	21596
21412	21493
21415	21874
21416	21491
21417	21577
21417	21593
21418	21598
21418	21582
145565	145745
145565	145847
21433	21649
21433	21626
119075	119162
119075	119191
21458	21648
21462	21646
21469	21653
21470	21730
21475	21707
21479	21640
21542	21665
21542	23023
21557	22370
21557	21702
21561	21922
21561	21734
21563	21735
21568	21926
21568	21806
21569	21804
21573	21928
21573	21902
21573	21927
21574	21927
21574	21928
21574	22252
21574	21902
21574	22259
21574	22234
21575	22337
21575	21826
21575	21900
21575	21902
21575	22259
21575	21911
21577	21912
21582	21910
21583	21831
21583	21907
21583	21912
21583	22335
21588	21908
21588	21910
21589	22337
21589	22259
21589	21902
21589	21911
21590	21928
21590	22259
21590	22252
21590	21902
21591	22337
21591	21826
21591	21900
21591	21911
21591	21815
21591	21853
21593	21912
21593	21881
21598	21910
21599	21831
21599	21912
21599	21857
21599	21822
21599	22335
21602	21910
21606	22769
21610	21946
21618	22020
21626	22754
21626	22019
21628	22749
21646	22565
21649	22563
21683	22237
21683	22365
21702	22241
21702	22244
87246	87552
87246	87562
87246	87854
87246	87546
87246	88507
87247	87552
87247	87395
87247	87562
87247	87854
87247	87546
87247	88507
87247	87390
87249	89872
87249	89853
87250	87560
87250	87886
87250	87542
87250	87383
87250	88504
87250	87547
87250	87391
87252	89857
87252	87580
87252	89854
21721	22790
21721	22797
21721	23216
87268	87337
87269	87337
87269	87339
87270	87347
87270	87356
87274	87426
87274	87494
87274	87344
87274	87350
87274	87355
87305	87791
87306	87429
87306	87763
87306	87770
87306	87354
87307	87426
87325	87791
152870	152909
152871	152914
152874	152958
152874	153039
152875	152959
152878	152954
152878	153045
152879	153556
87344	87911
87347	87911
87355	87914
87355	87925
87356	87914
21831	22524
112866	112920
112866	112923
112866	112917
112866	112943
87383	89849
87383	87994
87390	89858
87390	87955
87391	87996
87391	89862
87395	87952
87395	89848
47336	47509
21874	22321
87426	87732
21900	22338
21902	22266
21907	22268
21911	22340
21912	22341
21918	22797
21918	22321
21919	22790
21919	22797
21919	23216
21919	22321
21922	22247
21922	22245
21922	22239
21926	22248
21926	22229
21928	22257
21929	23216
21929	22797
21946	23195
112885	113121
112885	113119
112885	113113
14583	14877
153039	153202
153045	153833
47354	48016
47354	48517
80123	80285
89114	89600
87542	87995
87542	89855
87546	87957
87546	89847
87547	87884
87547	88214
22019	22570
22019	22566
52822	52892
52822	52885
87560	89866
87560	87997
80131	80952
80131	80293
87580	89032
153129	153217
46563	46608
46563	46629
46563	46615
100029	100240
153202	154217
153202	153303
153217	153951
36461	37052
36461	37053
36461	37006
52848	52892
52848	52885
61687	61851
153295	154171
153296	154172
153296	154173
22234	22436
22234	22431
22239	22432
22241	22418
22241	22413
22242	22432
22244	22418
22245	22457
22245	22418
22245	22460
22247	22432
22247	22418
22247	22457
22247	22460
22252	22436
22259	22443
22259	22523
120575	120851
87854	88256
22321	22519
87870	88246
22337	22531
22337	22451
87884	88252
87886	88245
100037	100234
63801	64020
22368	23024
22373	22966
87914	88015
113132	113322
129345	129587
129345	129599
22413	22738
22413	22747
22413	22810
22413	22813
87952	89025
22418	22812
87955	89041
87956	89015
87957	89007
22431	22830
22432	22830
22436	22672
22436	22711
22443	22711
22457	22829
87994	89003
87995	89012
87996	89033
87997	89009
145745	145833
107517	107786
107517	108014
22523	22723
22523	23715
22523	24441
22523	24445
120851	121329
22565	22780
22565	22759
22570	22782
25612	25843
25612	25932
88209	88494
126235	126370
55475	55974
88245	89119
22711	25222
114719	115722
88252	89111
88256	89124
22723	22953
22723	24732
55495	55731
55499	55721
55500	55722
22738	22964
55508	55729
55510	55730
22747	23632
22749	23196
22749	23205
22751	23223
22758	23162
22759	23184
22759	23200
22760	23201
22760	23206
153833	154229
22765	23182
22766	23179
22766	23183
22773	23225
22790	23278
22810	22967
91183	91261
22813	22968
152909	153129
22829	22970
22830	22952
22831	22969
42051	42538
42051	42547
102111	102555
102111	102572
113050	113299
88494	89121
88494	89116
22964	23633
22964	23635
22964	23630
88507	89117
88507	89110
102152	102302
154168	154231
154171	154234
154195	154252
154217	154259
23168	23399
23175	23345
23179	23350
23182	23401
23184	24086
23195	23365
154269	154449
154271	154453
154272	154326
154279	154341
154282	154496
154282	154528
154282	154530
154282	154403
154282	154533
154282	154535
154282	154381
154282	154484
154282	154677
154282	154486
154282	154490
154282	154523
154282	154527
154283	154677
154283	154381
154284	154381
154284	154677
154285	154528
154285	154530
154285	154403
154285	154533
154285	154381
154285	154484
154285	154677
154285	154523
154285	154527
23219	23521
23219	23275
23220	23520
23220	23274
53027	53595
23253	24029
154326	154461
154326	154462
154326	155359
23273	23786
23274	23806
23275	24029
154381	154674
46637	47779
154403	154521
154403	154531
23345	23433
113118	113166
23350	23434
23364	23405
23364	23391
23365	23392
23365	23407
154449	155914
154449	154558
154449	155935
154452	154560
154452	154565
154452	155814
154453	154571
154453	154567
46606	47239
154462	154584
23399	24082
23401	24085
154484	154688
154484	154682
154486	154700
154490	154702
154496	154707
154521	154666
154521	154675
154523	154673
154523	154663
154527	154669
154528	154676
154528	154670
154530	154671
154533	154689
154533	154683
154535	154686
154535	154694
128476	129025
154560	154756
89025	89284
154565	154754
154565	155563
154567	154755
89033	89289
154571	154757
89041	89291
23511	23601
23520	23621
23521	23622
46612	47792
89111	89276
89113	89608
89115	90035
89115	90059
89115	90023
89117	89606
89119	89287
89120	90029
89121	89603
89124	89290
154663	155902
154670	155952
154670	155949
154671	154876
154676	155953
154683	155837
154688	154866
154689	155837
154700	154841
154700	154877
23632	23720
23632	23725
23633	23724
23633	23719
46615	47790
46615	47782
23715	24725
23719	25467
23720	25467
23720	25422
23806	24034
122161	122360
122161	122362
122165	122222
122166	122226
122166	122222
122182	122258
122182	122254
122183	122254
122186	122315
122188	122320
122189	122264
122189	122325
122189	122270
122193	122323
154976	155196
122222	122518
122226	125094
122226	125069
122226	122554
122229	122556
153556	153782
122316	122572
24014	24144
24014	24149
122323	122568
113230	113560
113230	113553
113230	113539
113230	113558
24022	24146
24022	24423
122332	122560
122332	122573
24029	24149
122354	122616
122354	122611
122354	122612
122362	125088
122362	125087
102772	103135
107780	108870
113243	113539
155196	155201
155201	155955
155218	155828
155218	155823
24149	24422
41176	41725
41176	41758
122487	122580
122489	122561
122554	124865
122554	125071
122556	124875
41181	41752
41181	41768
122611	122764
89848	90912
89849	90066
89849	90053
89849	90022
89849	90895
89852	90192
89854	90055
89854	90062
89854	90051
89858	90895
89858	90924
89858	90919
89860	90186
89862	90021
89866	90023
155428	155746
102374	102569
24441	24731
24441	24734
24445	24736
24445	24727
64208	65097
122764	123368
45551	45745
45551	45730
161211	161356
113307	113539
113307	113547
113307	113540
155560	155820
155562	155819
47773	47823
90035	90198
90059	90193
90066	90922
128479	128720
113316	113480
113316	113429
113318	113548
113318	113540
64183	65081
155746	155901
25965	26328
25965	26810
24725	25230
24727	25217
24731	25234
24731	25228
24732	25229
24734	25234
24736	25217
24736	25218
155814	155919
155819	155939
155823	155941
155965	156027
155965	156156
155977	156042
155977	156323
155977	156126
113117	113307
156028	157401
156028	156141
156030	156149
156030	156143
156042	156163
156042	156166
124311	125012
65727	65789
51231	51305
79382	79624
156143	156320
156149	156322
156154	156655
156156	157526
25222	25366
113431	113544
25229	25366
156320	156565
156348	156653
156348	156654
90895	90949
90912	91176
90919	91183
90922	91188
90924	91181
90949	91501
25422	25464
25422	25463
37006	37274
25482	26795
25482	26807
25484	26794
25493	25632
25493	25612
25493	25604
25493	25596
25493	25620
25497	25611
25497	25619
25497	25631
25502	25644
25502	25653
25502	25529
25502	25525
25504	25572
25504	25772
25504	25775
25504	25564
25504	25565
25505	25572
25505	25772
25505	25775
25505	25564
25505	25565
25506	25572
25506	25772
25506	25775
25506	25564
25506	25565
25507	25564
25507	25563
25507	25572
25507	25565
25507	25571
25508	25635
25508	25572
25508	25631
25508	25619
25508	25626
25508	25563
25508	25564
25508	25565
25508	25571
25509	25572
25509	25772
25509	25775
25509	25564
25509	25565
25510	25775
25510	25772
25510	25525
25511	25635
25511	25619
25511	25571
25511	25626
25511	25563
25511	25631
25512	25619
25512	25626
25512	25635
25512	25631
25563	25896
25563	25883
25571	25896
25571	25787
25577	27127
25580	25729
156653	156944
156653	156942
156654	157519
156655	157522
25591	25745
25591	26364
25591	26351
25596	25745
25598	26368
25598	25754
25598	26363
25601	25785
37035	37237
25604	25784
25604	25754
25604	25930
25611	25932
25626	25923
25626	25860
25626	26319
25626	25913
25626	26270
25626	25919
25631	26270
25631	26319
91176	91249
25644	27541
91181	91262
91188	91276
37044	37104
37044	37432
102581	102772
108045	109138
91249	91823
25714	26352
25714	26345
91261	91835
25745	26362
25754	26250
25754	26238
25784	26248
25784	26236
25784	26244
25784	26255
25785	26232
25785	26245
25785	26247
105607	106426
105607	106223
95787	96029
25840	26240
25840	26235
25840	26252
25843	26242
25843	26237
25843	26239
25853	26324
25853	26293
113536	113829
25860	26557
25868	26323
25868	26324
25868	26293
25883	26324
25883	26293
25885	26324
25885	26293
25896	26293
25897	26293
25913	26322
25919	26273
25923	26321
25930	26234
25930	26251
25930	26230
25932	26233
25932	26243
47782	47825
25964	26811
25964	26325
157136	157397
157138	157394
157141	157396
157155	157407
106013	106218
106013	106132
23786	24031
161390	161450
26232	26429
26242	26450
26242	26556
26245	26429
26247	26429
26252	26437
26252	27218
26252	26431
26261	26553
26261	26437
26261	26446
26264	26437
26264	27218
26270	26555
119067	119129
91823	92181
26293	27650
26293	28014
26293	27927
26293	27930
91835	92184
31691	32524
31691	32529
31691	32531
31691	32532
31691	32533
31691	32534
31691	32535
31691	32537
31691	32540
26319	26550
157392	157496
26323	26558
157401	157527
157407	157479
26362	26401
26362	26406
26401	27032
26401	27037
26437	26692
157541	157578
157546	157578
157547	157601
157548	157602
157553	157677
157554	157667
157556	157638
157556	157648
157556	157684
157558	157668
157558	157673
157558	157650
157558	157685
157558	157686
157558	157655
157559	157669
157559	157661
157559	157687
157561	157675
157561	157663
157562	157665
157562	157678
157568	157746
157577	157664
157577	157676
157578	158683
40548	40760
157601	158026
157601	158773
157602	158026
26553	26759
26553	28789
26553	28796
157648	158698
157648	158702
157650	158698
157650	158702
157655	158698
157655	158702
157661	158698
157661	158702
157663	157826
157663	157834
157663	158690
157663	157849
157663	157858
157663	158694
157663	158697
157663	158706
157665	157826
157665	158706
157665	157779
157665	157791
157667	157830
157667	157856
157667	158694
157667	158695
157667	158696
157667	158699
157667	158700
157667	158705
157668	158696
157668	158699
157668	158705
157668	158707
157669	157830
157669	157856
157669	158694
157669	158695
157669	158696
157669	158699
157669	158700
157669	158705
157669	158707
157673	158699
157673	158705
157673	158707
157675	158688
157675	157827
157675	157848
157676	157795
157676	158480
157676	158481
157676	158162
157676	158467
157677	158688
157677	157827
157677	157848
157678	157793
157678	157827
157678	158689
157678	157781
157678	158462
26652	27022
157745	157936
157793	158143
157795	158144
126370	126480
126370	127092
157819	158004
26759	27215
7816	8943
26794	27350
26794	27351
26795	27292
26795	27309
125103	125384
125103	125386
26807	27318
26807	27319
92355	94803
92356	94819
92356	92789
92357	92788
92357	94828
92359	92558
102369	102564
92402	92787
92402	94804
92406	94809
92406	92786
92411	94811
92411	94838
92412	94838
26325	26602
92443	94834
92443	94822
113716	113856
113716	113847
158026	158764
158029	158266
113720	113835
113720	113855
122167	122229
27037	27808
27037	27802
27037	27806
60913	61377
60913	61375
158143	158160
158144	158165
125384	125914
125384	125519
158162	158783
92644	93017
92644	93043
92658	93042
92674	93024
92674	93053
92679	93045
80990	81377
102836	102979
102836	103115
102836	102987
102836	102993
102836	102999
102836	103001
27215	29161
27218	29772
66374	66918
47825	48052
92786	93877
92787	93916
92788	93876
92789	93897
102847	103100
102847	102978
102847	102994
102847	102998
158348	158616
83835	84434
27309	27548
27318	27544
27350	28369
27350	27563
158447	158673
158450	158663
158458	158669
108337	109153
93014	93358
93015	93361
93017	93419
93032	94172
93034	93418
93038	96088
93042	93985
93043	93416
93045	93991
27541	28348
158616	158735
27563	27955
27563	28078
105667	105817
158663	158750
158678	158782
158696	158759
158706	158780
27658	27870
93259	95920
93259	95922
60543	61813
60551	61813
60551	61814
93322	93900
27808	27950
27808	27943
93358	93993
93358	93990
93361	93986
93361	93995
113313	113539
113313	113558
60630	61824
27870	28015
93418	94176
93418	94097
60665	61323
60679	60848
60679	60938
60682	61360
60682	60848
60689	60938
60693	61360
60693	60905
60693	60848
27926	29155
27927	28744
60696	61059
27930	28756
27931	29150
27937	29140
60708	61059
27943	29679
60712	60923
60712	61094
60712	61086
27950	29679
60719	61091
186	198
97503	97818
60732	61090
60732	60892
60732	60927
22754	23197
22754	23207
22755	23177
22755	23175
60803	61342
60805	60887
60810	60935
60810	60937
60810	60846
60810	60913
60810	60946
60810	60947
60810	60852
60813	60846
60813	60913
60813	60852
60815	61361
60815	61345
60815	60846
60815	60913
60815	60852
60833	60937
60833	60946
60833	60947
60833	60935
21666	22243
60635	61329
28078	28357
28078	28343
60848	61371
60852	61621
159164	159423
60879	61341
60887	61341
60892	61127
60892	61108
60892	61206
60905	61349
60905	61365
60935	61650
60937	61376
60938	61654
126480	128176
126480	128158
60946	61648
103012	103126
26557	27930
26557	27927
26558	27652
26558	27658
26558	27650
26558	28014
26558	27927
26558	27930
61056	61219
61056	61221
61060	61222
124865	125080
61086	61162
61090	61178
61090	61163
61090	61191
61091	61192
61091	61180
61091	61165
61094	61166
100236	100329
93876	94162
61126	62018
61126	62015
61127	62016
61127	62019
61127	62020
61127	62037
93897	94170
28369	28901
61161	62830
61162	62841
61192	62810
61203	61492
93985	94161
93986	94498
61221	61897
93990	94508
93991	94171
93993	94982
93995	94971
93995	94996
93995	94981
61271	61584
61271	61569
100242	100336
22772	23168
22772	23165
159595	159825
159597	159829
159602	159820
159605	159833
159606	159819
159607	159826
61348	61579
61348	62213
61349	62212
61349	62166
61360	61606
61361	61607
61364	61629
61364	61623
61365	61627
61365	62159
61371	61605
42997	43044
42997	43036
61376	61592
61376	61624
61377	61591
70306	70650
70307	70851
94172	94821
94176	94521
103080	103876
70319	70645
88246	89118
61492	62034
70324	70837
70325	70880
28744	28880
70327	70884
159820	159905
28756	28883
159833	159936
146789	147077
28789	29769
28789	29165
28796	29768
28796	29148
61569	62196
61569	62191
37569	37912
61579	62211
61584	62203
61591	62217
61592	62193
61607	65643
61607	65623
61622	62216
61622	62220
61623	62160
61624	62138
43039	43708
61628	62217
159954	160097
159955	160228
159960	160216
159961	160109
159961	160573
159962	160113
159962	160111
159977	160093
94521	96089
116626	116752
116626	116756
160097	160672
160109	160337
160111	160338
61813	63672
61813	63601
61814	63594
61814	63674
61824	64179
61852	64169
22791	23277
29140	29777
160216	160848
29150	29771
29150	29766
29155	29762
29155	29770
160228	160847
62015	62384
62016	62385
62018	62386
160337	160575
160338	160574
94803	95005
62037	62389
94809	94971
94812	95008
94819	94973
94819	94991
94821	96093
94828	94976
62138	63119
62159	62476
62166	62476
10799	10839
62183	62709
62191	62699
160500	160724
160504	160735
160505	160728
160509	160730
94976	95785
160513	160727
160514	160737
62212	62466
62212	62999
94981	95131
160518	160733
62216	63119
94991	95787
94996	95126
95008	95122
107912	107977
62254	62805
160573	160683
160574	160797
160575	160798
161380	161483
127906	128162
62374	62678
160719	160804
160724	160813
160726	160809
160727	160840
160730	160832
160732	160828
160733	160814
160735	160839
160738	160844
160743	160846
62466	62666
62476	63000
62476	62660
29771	29940
29777	29909
160852	161003
160874	160994
160878	160998
160879	160999
160880	161383
160912	160926
160917	161154
160920	161211
160921	161156
160922	161155
160925	161158
160928	161368
160928	161379
160928	161380
160928	161360
160929	161378
160929	161359
160930	161159
160931	161381
160931	161366
128184	128338
128186	128338
32289	32732
128205	128326
128205	128327
154702	154976
154702	154824
154702	154858
154702	154836
154702	154872
154702	154974
160998	161473
100146	101080
161003	161386
161003	161382
62709	62996
125140	125344
125140	125337
125143	125344
125143	125337
101382	101561
101382	101554
128293	128455
5005	5186
5005	5189
5005	5193
5005	5194
5005	5196
5005	5199
5005	5200
5005	5215
128340	128477
128340	128694
62805	62873
128343	128476
128343	128886
128343	128479
30074	30123
161155	161372
161156	161371
161157	161389
161158	161376
30089	30312
30089	30321
30090	30218
30090	30235
30091	30310
30093	30176
30093	30841
30094	30176
30094	30856
30095	30184
30095	30855
30095	30856
30096	30215
30096	30883
30096	30855
30096	35281
30096	30185
30096	30314
30096	30189
30098	30317
30098	30248
30099	30727
30099	30251
30099	30318
30099	30319
30100	30304
30100	30308
30100	30739
30100	30812
30101	30727
30101	30739
30101	30812
30101	30319
30104	30727
30104	30319
30105	30230
30105	30812
30105	30308
30114	32241
30114	32248
92403	93014
92403	92679
128477	129021
30176	30845
30184	30860
30184	30861
30185	30860
30185	30884
30185	30886
92415	94825
92415	94827
5034	5633
5034	5606
5034	5612
5034	5617
5034	5623
30215	30705
30215	30678
30215	30695
30248	30688
30248	30707
30248	30708
95785	96026
30251	30689
5042	5633
5042	5606
5042	5612
5042	5617
5042	5623
95792	96034
161359	161446
161360	161447
161366	161457
161368	161459
161371	161472
161372	161474
30304	30746
161378	161481
161379	161482
30308	30815
161381	161485
161383	161448
30314	30694
30314	30686
161387	161479
30317	30682
30317	30675
30319	30728
161392	161454
161401	161468
161402	161470
161404	161475
161406	161478
161407	161480
30340	30820
30340	31437
30341	30821
30341	30823
63113	63711
63130	63699
128694	129017
128694	129022
128720	128891
161489	161642
161489	161763
161489	161772
161513	161523
161515	161776
161515	161774
161516	161776
161516	161774
161516	161775
161517	161763
161517	161772
161518	161774
161518	161775
161522	161558
161523	161720
161524	161721
161524	161643
161558	161804
161558	161726
161558	161798
96026	96083
70618	71489
70618	70818
96034	96101
161593	161678
161601	161785
161603	161779
161606	161783
96088	96525
96088	96335
161627	161788
70629	70845
70629	70830
161642	161766
161643	161735
128886	129023
108866	109112
108866	109122
108866	109042
161678	161769
161678	161789
147099	147174
161720	161816
161720	161817
161720	161812
161720	161814
161725	161807
161726	161808
161734	161806
161735	161813
30689	30969
161763	161829
161766	161835
161769	161833
161772	161842
161774	161841
161775	161834
161776	161843
161777	161818
161779	161820
161781	161824
161783	161826
161785	161828
161788	161837
129025	129214
161798	161844
161798	161847
30739	31123
30739	30981
96339	97241
30812	31122
30812	30980
30819	31417
30819	31174
30821	31177
30821	31427
30823	31427
30823	31436
63594	64208
63594	63799
63601	63803
63601	64189
37034	37089
37034	37234
30841	31791
30845	31691
42490	43520
30856	30916
30856	35281
30856	35280
30861	30920
30861	30928
52311	52822
63672	63795
63672	64197
63673	63798
63674	63801
63674	64209
63675	63802
129212	129345
30916	31489
30916	31692
30916	31396
129223	129347
30920	31489
30920	31396
30920	31692
30920	31693
30920	31408
30920	31492
30928	31491
63711	65631
30969	31283
30969	31356
30981	31356
63795	64021
51225	51328
51225	51307
51225	51291
63798	64025
63802	64023
129347	129452
129347	129599
92558	92957
141790	142561
147177	147335
96641	97241
37043	37433
37043	37103
31123	31376
31123	33721
31123	33722
31123	31229
129452	131217
129452	130195
81650	82063
75713	76635
147200	147227
147200	147305
147200	147310
147200	147314
147200	147321
147200	147323
147202	147313
147202	147309
64020	65090
64021	65078
129599	130100
31356	34931
133071	134194
133071	134231
31376	34160
64179	65093
31417	31970
31417	31963
64189	65082
31427	31968
64199	65092
64199	65083
31436	32030
31437	31977
31437	31979
31437	32031
31489	31685
31492	31687
37057	37209
37057	37210
21663	22374
31692	32525
31692	32526
31692	32530
31692	32538
97269	97433
97269	97446
97269	97447
97270	97441
97270	97443
97270	97446
97270	97456
97270	97461
97270	97433
97271	97578
97271	98366
97271	97581
97271	97458
97272	98372
97272	97579
97272	97582
97272	97459
97272	98366
97273	97528
97273	97524
97273	97531
97273	97516
97273	97558
97274	97537
97274	97507
97274	97542
97274	97516
97274	97521
97274	97524
97274	97564
97275	97521
97275	97516
97275	97542
97276	101315
97276	97540
97276	97546
97276	97556
97276	101144
97276	97562
97276	97569
97276	97571
97276	97516
97276	97535
97277	97528
97277	97516
97278	97528
97278	97516
97278	97572
97278	97557
97279	97544
97282	97572
97283	98348
97283	97549
97283	98380
97283	98360
97284	97690
97285	97696
97285	97676
97286	97672
97286	97692
97287	97317
97288	97447
97288	97448
97288	97323
97288	97326
97288	97327
97288	97329
97291	97693
97291	97695
97292	97675
97292	97670
97293	97447
97293	97448
97293	97327
97293	97329
97297	97530
97297	97532
97297	97517
97297	97525
97298	97526
97300	97498
97301	97520
97301	97506
97301	97525
97301	97517
97302	97496
97302	97503
97302	97526
97302	97567
97317	98604
31791	31909
147305	147346
147307	147362
147307	147373
147307	147346
147307	147386
119673	119803
147309	147346
130195	131184
130195	131200
97433	97800
97433	98370
97433	98371
97433	98350
97446	98370
97446	98371
97446	98367
97475	97741
97478	97753
97498	97817
31963	32187
31968	32249
97507	97843
97507	97813
31979	32289
97524	97844
97524	97829
97525	97835
97526	97825
97531	97833
97532	97834
97546	101315
97546	98414
97546	101144
97546	98364
109103	109155
97571	97841
97572	97832
97572	97841
46568	46637
46568	46607
43575	43678
113472	113696
113472	113701
113472	113681
113472	113811
21735	22242
21737	22797
21737	22321
109120	109161
109120	109133
97675	100146
21741	22797
97685	99135
97690	98767
97692	100144
97692	100142
97696	99944
98462	101315
98462	101144
98462	98748
97741	98306
97741	99171
97753	98314
97753	99156
32241	33197
5374	5623
5374	6463
32247	33200
32248	33199
32249	33198
97813	98400
97818	98323
97818	98405
97829	98403
97829	98404
97833	98406
97834	98309
97835	98330
97844	98403
65082	65400
65082	65221
65083	65396
65093	65329
65093	65226
65097	65163
109173	109228
109173	109214
87337	87908
87337	87916
32529	32712
32529	32701
32532	32715
32533	32704
32533	32716
32534	32705
32534	32717
32540	32719
108015	108180
87350	87744
65400	65627
114668	114909
101471	102810
101471	102807
21826	22527
109214	109431
32701	34834
32701	34835
106493	106693
106493	106686
32704	34835
32705	34835
32705	33405
32717	34292
32717	33405
