parent	child
0	172033
0	172035
0	172037
0	172038
0	28370
0	90145
0	188484
0	28686
0	172121
0	172127
0	172131
0	172134
0	172135
0	137486
0	106617
0	106618
0	106619
0	106620
0	106622
0	106623
0	106624
0	106630
0	188553
0	106634
0	106636
0	106637
0	106638
0	106639
0	106640
0	106641
0	106643
0	106644
0	106646
0	106652
0	106653
0	106655
0	106656
0	106657
0	106658
0	106659
0	106660
0	106661
0	106662
0	106663
0	106664
0	184349
0	184
0	172217
0	186
0	188
0	189
0	188610
0	188611
0	203
0	106700
0	106705
0	227
0	188646
0	188649
0	184360
0	188659
0	188661
0	106754
0	184363
0	24860
0	106789
0	106793
0	184372
0	172376
0	172377
0	184379
0	124305
0	69693
0	69694
0	165269
0	124310
0	69697
0	124311
0	69698
0	172430
0	124312
0	172434
0	184387
0	106900
0	69700
0	24987
0	69701
0	124315
0	188836
0	188839
0	165277
0	188848
0	188852
0	165278
0	25015
0	188858
0	188863
0	124320
0	188866
0	188868
0	124321
0	124322
0	124323
0	124324
0	8671
0	8672
0	8673
0	8674
0	124326
0	188902
0	8683
0	162049
0	124328
0	124329
0	57848
0	162035
0	57866
0	33309
0	33310
0	33311
0	57890
0	33315
0	33322
0	33324
0	33331
0	33332
0	33333
0	33334
0	33335
0	33336
0	33337
0	33338
0	33340
0	33348
0	33349
0	33350
0	33355
0	33356
0	33365
0	33366
0	25175
0	25176
0	176228
0	33370
0	33371
0	33372
0	25183
0	33378
0	25187
0	33392
0	33394
0	25208
0	25212
0	74373
0	74374
0	74375
0	74380
0	74381
0	74382
0	74383
0	74386
0	74388
0	74389
0	74390
0	74393
0	74394
0	74395
0	74399
0	74408
0	74409
0	120266
0	62923
0	33483
0	185807
0	33570
0	25385
0	25390
0	107312
0	148296
0	148297
0	148301
0	148302
0	188557
0	148304
0	148305
0	148307
0	148308
0	188558
0	148311
0	188559
0	5605
0	148328
0	148329
0	148331
0	148332
0	188564
0	172926
0	188565
0	33665
0	188566
0	33670
0	33671
0	33674
0	33676
0	33677
0	33678
0	33679
0	33682
0	165361
0	162066
0	115694
0	133971
0	115701
0	183125
0	133975
0	50226
0	50230
0	50231
0	50232
0	50233
0	50234
0	50235
0	50239
0	50242
0	50243
0	106680
0	188601
0	50264
0	50267
0	90298
0	50271
0	50273
0	50277
0	50278
0	188604
0	50283
0	174952
0	174953
0	174954
0	69325
0	33926
0	28681
0	181399
0	115870
0	183152
0	174961
0	113430
0	181423
0	23413
0	90315
0	181470
0	181471
0	181483
0	181484
0	181485
0	181486
0	181487
0	181488
0	181489
0	181490
0	181491
0	181495
0	181497
0	181498
0	181502
0	93056
0	181508
0	174977
0	93059
0	183173
0	174984
0	183179
0	83270
0	165195
0	165212
0	75110
0	75113
0	75114
0	165232
0	165234
0	101269
0	101270
0	124300
0	124301
0	165262
0	165264
0	165266
0	165267
0	165268
0	165270
0	165271
0	165272
0	165275
0	124316
0	124317
0	124318
0	165280
0	165281
0	165282
0	165284
0	124325
0	124327
0	165288
0	124330
0	124331
0	124346
0	124347
0	124348
0	124349
0	124350
0	124351
0	124352
0	124353
0	124354
0	124355
0	124357
0	124359
0	124362
0	124367
0	124368
0	124369
0	124370
0	124371
0	124374
0	124375
0	124376
0	124379
0	124380
0	124381
0	124382
0	124383
0	124386
0	124387
0	124388
0	124389
0	124390
0	124391
0	124393
0	124395
0	124396
0	124397
0	124398
0	124399
0	124401
0	165365
0	175020
0	165439
0	165443
0	99960
0	99962
0	99977
0	99979
0	99986
0	99988
0	99991
0	99992
0	99993
0	99994
0	99995
0	99996
0	99997
0	99998
0	99999
0	100000
0	100001
0	100002
0	100006
0	100007
0	100008
0	100009
0	100010
0	100013
0	100014
0	100015
0	100016
0	100020
0	141002
0	141003
0	141004
0	141007
0	141008
0	141009
0	141010
0	141012
0	141013
0	141014
0	141017
0	141019
0	141020
0	141021
0	141022
0	141023
0	141024
0	141025
0	141026
0	141027
0	141028
0	141029
0	141030
0	173799
0	141032
0	182000
0	26449
0	26455
0	51032
0	51034
0	100200
0	100201
0	100205
0	106821
0	188285
0	1963
0	1964
0	1965
0	1966
0	1969
0	1970
0	1976
0	1978
0	1980
0	1985
0	1998
0	152007
0	124971
0	124988
0	23565
0	125021
0	44055
0	26790
0	93212
0	26796
0	26807
0	26819
0	26833
0	26836
0	26837
0	125143
0	26842
0	26843
0	125160
0	19496
0	24977
0	184381
0	27046
0	27047
0	141747
0	158797
0	172451
0	11814
0	188847
0	19005
0	19006
0	188853
0	19013
0	19014
0	188861
0	94657
0	94663
0	125646
0	174949
0	133952
0	133953
0	133954
0	133955
0	133959
0	133966
0	183120
0	133970
0	183123
0	133972
0	133973
0	133974
0	183127
0	133976
0	133977
0	133978
0	133979
0	183142
0	187537
0	183144
0	183148
0	183150
0	93039
0	93040
0	174963
0	174964
0	93046
0	93051
0	93052
0	93053
0	93054
0	93055
0	183168
0	93057
0	93058
0	76675
0	93060
0	93061
0	93062
0	93063
0	93064
0	93065
0	93066
0	93067
0	93068
0	93069
0	93070
0	93071
0	93072
0	174993
0	174998
0	183192
0	93089
0	93090
0	93092
0	93095
0	93096
0	93099
0	93100
0	93102
0	93105
0	93106
0	93107
0	93108
0	93109
0	93110
0	93111
0	93112
0	93113
0	93114
0	93115
0	93116
0	93127
0	93129
0	175057
0	175060
0	175062
0	175063
0	175064
0	175065
0	175067
0	175068
0	175069
0	175070
0	175071
0	175076
0	175077
0	175078
0	175105
0	183298
0	187564
0	44050
0	44051
0	44052
0	44053
0	44054
0	44056
0	44057
0	44059
0	44060
0	44061
0	44062
0	44063
0	44064
0	44065
0	44066
0	44067
0	44068
0	44069
0	44070
0	44071
0	44072
0	44073
0	44074
0	44075
0	44076
0	44077
0	44078
0	44079
0	44080
0	44087
0	44094
0	44097
0	44101
0	44103
0	44105
0	44107
0	44108
0	44109
0	44113
0	44114
0	44117
0	44119
0	158808
0	109662
0	158818
0	174959
0	158836
0	150651
0	38763
0	38764
0	44173
0	183438
0	38765
0	183442
0	158873
0	181235
0	158881
0	38769
0	158898
0	158904
0	167100
0	158921
0	158922
0	158923
0	158924
0	158926
0	158927
0	158930
0	188602
0	93443
0	38785
0	44296
0	44313
0	44315
0	38795
0	175435
0	93532
0	183694
0	183695
0	93590
0	93616
0	19915
0	60886
0	168529
0	69099
0	69103
0	69104
0	69105
0	69106
0	69107
0	69108
0	69109
0	69110
0	28151
0	44536
0	28154
0	28155
0	69117
0	28158
0	28161
0	28162
0	28163
0	93700
0	28172
0	28173
0	28176
0	168536
0	28178
0	28179
0	28180
0	28181
0	28182
0	28183
0	28184
0	28185
0	69150
0	69153
0	11812
0	11813
0	11815
0	11823
0	69171
0	69172
0	33374
0	69174
0	69179
0	69186
0	159311
0	159325
0	33675
0	5579
0	44310
0	69288
0	69290
0	1991
0	93882
0	28351
0	69313
0	69319
0	69320
0	3785
0	3788
0	3789
0	3793
0	3794
0	3795
0	3796
0	3813
0	69359
0	28402
0	174981
0	93991
0	25231
0	184225
0	90153
0	118755
0	118776
0	118777
0	118780
0	118781
0	118783
0	118784
0	118791
0	118792
0	118797
0	118800
0	118801
0	118802
0	118803
0	118804
0	118805
0	118806
0	118807
0	118808
0	118809
0	118811
0	118812
0	184350
0	118815
0	118816
0	118818
0	118819
0	118820
0	118821
0	118822
0	118830
0	184368
0	118838
0	118839
0	118840
0	118841
0	118842
0	118843
0	118845
0	118846
0	118851
0	118852
0	118853
0	118854
0	118856
0	118857
0	118860
0	118861
0	118862
0	118863
0	118864
0	69729
0	69699
0	69732
0	119485
0	184444
0	184445
0	184446
0	184447
0	184448
0	184449
0	184450
0	184452
0	184455
0	184462
0	184463
0	184464
0	20631
0	174990
0	151779
0	184583
0	184601
0	184602
0	151847
0	69928
0	69931
0	69937
0	69949
0	69959
0	69982
0	184681
0	70005
0	70034
0	70044
0	70046
0	70052
0	70053
0	70056
0	184766
0	184767
0	184769
0	184770
0	184773
0	184775
0	70091
0	184786
0	184790
0	152027
0	152039
0	152044
0	152045
0	152047
0	152052
0	152056
0	152060
0	119293
0	119295
0	179627
0	152074
0	152075
0	152076
0	152079
0	152081
0	29236
0	168518
0	168525
0	168526
0	86607
0	86609
0	168530
0	86611
0	86612
0	86613
0	86614
0	86615
0	86616
0	86617
0	86618
0	86619
0	86620
0	86621
0	86622
0	86623
0	86624
0	168545
0	168549
0	86635
0	86636
0	86637
0	86640
0	86641
0	86642
0	152181
0	86646
0	86648
0	168570
0	86652
0	86657
0	86663
0	184968
0	86665
0	86668
0	86669
0	86671
0	168593
0	184978
0	86675
0	86676
0	86677
0	86687
0	168612
0	86693
0	168620
0	168626
0	119479
0	168633
0	168635
0	168637
0	168639
0	168640
0	168641
0	168642
0	168643
0	168646
0	168647
0	168648
0	168670
0	119597
0	107310
0	86828
0	86829
0	86835
0	86841
0	86843
0	119617
0	119621
0	119623
0	119627
0	119631
0	160592
0	86914
0	86915
0	86918
0	86919
0	86921
0	86922
0	152485
0	86952
0	28150
0	37832
0	69114
0	28159
0	28160
0	177167
0	28164
0	103504
0	103505
0	103510
0	69141
0	69142
0	69144
0	177327
0	186569
0	177346
0	177356
0	177367
0	144613
0	144614
0	144615
0	144620
0	144627
0	144628
0	144636
0	144637
0	144638
0	144640
0	26839
0	144659
0	87318
0	177436
0	112858
0	177444
0	177446
0	177451
0	177455
0	177457
0	177463
0	177476
0	177480
0	112866
0	112871
0	185712
0	185722
0	185728
0	185729
0	185730
0	185731
0	185732
0	185733
0	185734
0	185740
0	62865
0	62866
0	62867
0	62868
0	62869
0	62870
0	62871
0	62872
0	120235
0	184382
0	62894
0	120249
0	87487
0	62919
0	62921
0	62922
0	5580
0	5581
0	5582
0	5583
0	5585
0	87509
0	162041
0	62937
0	137466
0	185824
0	62947
0	62948
0	62949
0	185832
0	62963
0	137470
0	5629
0	112897
0	120348
0	87603
0	112905
0	137483
0	137484
0	137485
0	112910
0	112912
0	28263
0	137490
0	95898
0	162094
0	79700
0	79703
0	79704
0	79706
0	79707
0	79708
0	79712
0	79713
0	79714
0	79715
0	79716
0	79717
0	79718
0	79722
0	79723
0	79724
0	79725
0	79726
0	38767
0	79728
0	79729
0	79730
0	79731
0	79732
0	79733
0	79735
0	79736
0	79738
0	79739
0	38780
0	79742
0	79743
0	38784
0	79749
0	79751
0	79752
0	79754
0	79755
0	79757
0	71588
0	38844
0	38846
0	38870
0	79835
0	79882
0	79883
0	79887
0	79889
0	79890
0	79891
0	121177
0	121183
0	79997
0	80000
0	80007
0	39071
0	39075
0	39081
0	121002
0	39084
0	39092
0	38754
0	186567
0	112841
0	112842
0	71953
0	80077
0	112847
0	112848
0	162003
0	112852
0	112854
0	112855
0	112856
0	112857
0	112859
0	112860
0	112861
0	112862
0	112863
0	112864
0	112865
0	39138
0	112867
0	112868
0	112869
0	112870
0	112872
0	112873
0	112876
0	112877
0	112878
0	69331
0	112885
0	162038
0	112887
0	112888
0	69332
0	137468
0	186624
0	186627
0	137481
0	137482
0	112913
0	112914
0	112915
0	71959
0	71966
0	186655
0	186660
0	186662
0	88361
0	162096
0	162112
0	162114
0	162119
0	162134
0	137561
0	121181
0	121182
0	162143
0	162146
0	162147
0	186729
0	162154
0	162155
0	96623
0	96624
0	162168
0	162174
0	162178
0	28399
0	80301
0	80310
0	80312
0	80333
0	162306
0	23044
0	23045
0	23046
0	23051
0	162316
0	96798
0	96803
0	23078
0	23079
0	23080
0	129578
0	23083
0	23085
0	129590
0	129591
0	129596
0	129597
0	129599
0	129600
0	129601
0	129602
0	129603
0	129604
0	129605
0	129606
0	129607
0	129608
0	23114
0	129620
0	129621
0	129622
0	129623
0	14956
0	14957
0	14958
0	14959
0	14960
0	14961
0	14962
0	14963
0	129686
0	129690
0	129693
0	129695
0	162464
0	129697
0	129698
0	129700
0	162480
0	162481
0	23223
0	155425
0	181367
0	129768
0	129769
0	129770
0	129773
0	129776
0	129778
0	72454
0	129809
0	129810
0	129811
0	72470
0	72482
0	72484
0	23386
0	23389
0	23392
0	129891
0	23397
0	129896
0	129897
0	162673
0	168541
0	23439
0	168542
0	23454
0	23456
0	56252
0	15305
0	15316
0	23520
0	23523
0	23527
0	178446
0	115879
0	15343
0	56319
0	56325
0	56326
0	187403
0	56333
0	56334
0	56335
0	56337
0	56338
0	56347
0	56350
0	56353
0	56354
0	56355
0	56356
0	56357
0	56360
0	56365
0	56366
0	187460
0	187462
0	187463
0	187464
0	187468
0	187469
0	187470
0	187472
0	187473
0	187479
0	15448
0	80399
0	56413
0	56414
0	56415
0	162320
0	56431
0	56433
0	165276
0	23685
0	23686
0	56465
0	56467
0	187541
0	187549
0	19339
0	96806
0	56552
0	56553
0	80423
0	56557
0	56558
0	56559
0	56560
0	56561
0	179507
0	179509
0	179514
0	179516
0	179519
0	130374
0	106707
0	179528
0	179536
0	179540
0	179544
0	179546
0	179548
0	179551
0	80444
0	187780
0	187782
0	179612
0	179618
0	179619
0	179621
0	179622
0	179624
0	179625
0	179626
0	179628
0	179629
0	179630
0	187835
0	179649
0	179656
0	179657
0	179658
0	179659
0	179660
0	179661
0	179662
0	179663
0	162014
0	179665
0	179666
0	179667
0	146923
0	168562
0	181503
0	15889
0	15892
0	179755
0	179758
0	179764
0	24118
0	137467
0	24122
0	187965
0	187967
0	187978
0	187980
0	187981
0	187982
0	56928
0	14955
0	188055
0	188056
0	188059
0	188060
0	188061
0	188062
0	188063
0	188064
0	188065
0	188069
0	188084
0	57018
0	155349
0	155353
0	188139
0	155379
0	155388
0	155399
0	155417
0	155419
0	155429
0	155430
0	155431
0	155438
0	155445
0	155446
0	155449
0	155450
0	155451
0	155453
0	155455
0	155458
0	163686
0	188286
0	188290
0	155540
0	188338
0	188340
0	188341
0	171972
0	155610
0	171996
0	155613
0	69627
0	172024
124393	124672
124393	124682
126571	127186
126571	129483
164012	164184
184	213
186	227
186	198
186	200
188	191
191	208
191	209
191	207
198	217
198	219
200	218
203	211
207	258
207	222
208	224
208	229
209	226
209	229
211	227
217	230
218	231
219	228
164061	164288
164063	165151
227	255
228	246
230	386
230	518
230	523
230	847
230	848
230	663
230	743
230	488
230	431
230	246
230	250
231	242
242	248
248	281
255	275
255	277
255	270
131331	131599
131332	132130
131332	132141
131334	132138
131334	131622
131335	131597
131338	131701
131338	132142
98572	99864
270	302
270	295
275	291
277	299
277	291
277	663
281	663
98592	99913
291	424
291	377
291	386
291	523
291	422
295	354
295	422
295	424
295	523
295	386
295	339
295	344
295	348
295	351
299	377
299	386
299	373
98605	99883
302	732
302	735
98614	99868
98624	99590
339	419
344	434
348	433
348	428
351	430
354	410
373	1065
377	1010
377	524
386	522
386	524
410	451
410	591
410	534
410	527
410	495
419	451
419	694
419	495
419	534
419	699
419	700
422	521
422	459
422	453
424	456
424	441
428	489
428	467
430	556
430	558
430	606
431	478
433	550
433	556
433	558
433	564
433	606
434	556
434	782
434	495
434	691
434	558
434	694
434	699
434	700
434	606
81993	83254
441	657
441	659
441	548
131518	131970
451	673
456	548
467	556
467	550
467	564
467	558
488	847
489	564
489	556
489	558
489	550
495	673
518	594
518	733
522	544
522	659
522	540
523	657
523	659
523	548
524	537
131597	132116
527	744
527	673
534	673
33309	33675
33309	33677
33311	33392
33311	33394
33315	33665
33315	33682
33315	33671
33315	33679
550	665
550	751
33322	33392
33322	33394
33322	33372
33322	33374
556	697
33331	33480
564	710
564	751
33333	33415
33336	33423
33338	33419
33338	33461
33340	33468
591	746
591	747
112910	113087
112910	113095
594	739
33365	34642
33366	33556
33370	33557
33378	33577
33378	33573
56759	56819
131701	132113
131701	132115
33415	33831
33415	33802
33415	33835
33415	34324
33419	33846
657	720
659	920
659	1221
663	1066
665	721
673	745
691	780
694	778
697	781
699	771
699	779
700	770
700	778
710	752
33483	33873
120269	121029
720	1004
721	1087
732	1125
732	910
733	866
733	861
735	862
739	866
739	902
739	863
131815	131988
131815	131895
752	929
752	930
752	1093
131825	131979
131825	131876
185811	186023
185811	186586
185811	185887
781	929
781	795
781	796
782	890
185816	185883
33556	35592
33556	34369
795	929
33567	33759
33570	34621
131876	132381
33573	34620
33577	34620
33577	34695
33581	33856
33581	33758
131895	132361
131895	132381
87520	88264
87520	87626
87520	88115
87520	87669
82059	82632
82059	82711
847	872
848	872
848	889
851	887
124830	124951
861	905
872	984
87527	87758
887	973
890	927
131970	133874
902	973
33674	33930
33674	33909
33676	33912
910	1024
920	1008
920	1005
927	1573
125770	126108
1004	1089
1004	1092
1005	1251
1005	1094
1024	1960
1024	1126
132115	133905
132130	133906
132131	133947
33835	34322
33835	34333
33835	34159
132141	133156
1087	1225
1089	1222
1092	1134
1094	1224
1094	1223
87327	87593
87327	87591
120249	120680
120249	120683
33926	34382
125805	127636
125805	125982
165008	165239
50231	50496
50231	50407
50231	50475
50231	50381
50231	50480
50231	50489
50231	50492
50231	50367
185882	186000
185882	186550
125810	128416
125810	125983
1224	1298
125821	129553
125821	128021
125821	129561
125821	129525
27520	28127
165151	165222
93062	94657
93062	94663
93062	93278
93062	93281
93062	93284
93062	93991
93062	93361
93062	93298
93062	93364
164062	165008
93068	93378
165195	165248
93069	93275
93069	93358
93069	93375
93070	93275
93070	93358
125839	126410
27537	28110
27538	28109
165268	165322
165268	165326
165269	165331
165269	165316
165270	165320
165270	165459
165270	165325
165271	165328
165272	165327
165282	168549
165282	168542
165311	166825
165311	168236
165316	166825
165316	168236
165316	165454
165320	165460
165326	165461
165327	165456
165331	165464
49404	50183
109479	112833
109479	109666
165361	165876
165361	165874
165361	165940
165361	165943
34322	34656
34322	34649
34333	34656
109490	109677
109490	109895
129897	129938
109491	109680
109491	109898
165439	165939
165439	165940
165439	165943
165459	165642
165459	165644
98583	98859
98583	99589
99986	100216
99986	100189
98585	99889
99996	100375
99997	100183
99997	100375
100001	100181
100006	100608
100006	100298
100008	100298
100008	100293
100015	100104
100015	100110
100015	100274
100015	100116
114980	116097
109522	109909
165644	166148
165644	166468
100124	100359
100124	100663
100124	100671
34620	34875
34620	34859
34621	34870
56801	56921
56801	56941
100181	100671
100181	100663
100181	100359
100183	100920
100183	100357
100186	100357
100189	100307
126634	127219
100200	100345
100201	101088
100201	100347
100201	100447
100205	100452
100205	101086
100215	100461
100215	101085
100216	101082
100216	100322
100216	100354
100216	100463
34695	34860
1963	1984
1963	1983
1964	1984
1964	1983
1966	1982
1969	1992
1970	1994
1970	1996
1982	2014
1983	2012
1984	2012
1992	2010
1998	2006
2010	2032
2010	2030
2030	2044
2030	2038
165874	166030
165876	166036
34859	35132
165940	166453
165940	166462
34870	35126
34875	35132
34875	35125
100447	101002
100452	100999
100461	101000
100463	100995
44054	44132
44055	45097
44055	45098
44055	45099
166030	166425
166030	166438
166036	166436
166036	166445
34965	36515
34965	35620
34965	36030
34973	35616
44059	44320
44059	44193
44059	45919
44059	44199
44059	48309
44059	44204
44059	44532
44059	44318
44059	44280
44059	44286
44061	45919
44061	44199
44061	44532
44061	48309
115734	116090
44066	44307
44066	44302
44066	44295
44074	44532
44074	44292
44075	44532
166148	166471
44078	44184
44078	44202
35125	35800
35125	35613
35126	35584
100663	100787
35132	35613
100671	100746
44087	44314
44087	44315
44087	44311
5869	6123
5869	5965
153332	154323
153332	154324
44108	44265
120568	121053
166438	166677
166438	166686
166445	166686
166457	166589
166459	166681
166459	166686
166459	166583
166462	166686
166468	167485
166471	167485
166475	167243
166475	166835
166475	166813
100995	102151
100999	102151
101000	102151
101002	102151
166583	166809
126068	126208
126068	126448
166589	166841
166589	167021
101082	102151
101085	102151
101086	102159
101086	102005
101086	102151
101088	102159
101088	102005
101088	102151
133861	133917
133874	133923
6640	6823
35584	35799
133902	133946
63381	63634
133905	133931
166677	166800
166681	168533
53484	53540
133952	134048
133952	134121
133953	134121
133955	134121
44173	44752
133971	134444
133971	134103
133972	134102
133973	134358
133973	134031
133973	134385
133973	134163
133973	134166
133973	134111
133973	134012
133974	134099
133974	134100
133974	134102
133975	134010
133975	134099
133975	134100
133975	134002
133975	134013
133976	134099
133976	134100
133977	134358
133977	134385
133977	134163
133977	134166
133977	134012
133977	134111
133979	134102
134010	134106
134012	134106
134012	134167
134031	134170
134031	134171
134031	134822
134031	134385
134031	137396
134031	134229
134031	134358
166800	168582
101269	102021
101270	102021
166807	167840
166807	168197
166807	168455
166807	168201
166807	167029
166809	167840
166809	168448
166809	168196
166809	168197
166809	168455
166809	168201
134048	134124
134048	134126
126109	126464
166835	167246
120652	121032
134102	134220
134103	134642
134107	134172
134107	134133
134121	134414
134133	134368
134133	134560
134133	134567
134133	134385
134133	134358
134133	134364
134133	134365
134172	134560
134172	134368
134172	134326
134172	134567
134172	134253
134172	134358
134172	134364
134172	134365
93639	94504
93639	93808
93639	93901
93639	94350
134220	134335
134229	134402
134253	134346
38763	38843
38763	38847
187781	187975
33310	33392
33310	33394
33310	33372
33310	33374
134326	134566
36030	36433
134335	134641
134346	134562
134364	134556
134365	134561
134368	134571
131622	132131
38780	38992
38780	38990
134385	134592
38785	38876
38785	38935
33332	33410
6035	6144
134556	134670
134556	134829
134556	134678
71578	71665
71578	71679
134560	134673
134560	134837
134560	134681
134561	134674
134561	134682
134561	134839
71579	71675
134566	134677
134567	134683
134567	134923
134567	134676
134567	134813
169884	171014
134571	134814
38820	39003
126202	126463
69104	69296
69104	69245
69106	69274
69106	69270
69107	69274
69107	69270
69114	69591
69117	69268
69117	69591
134673	134809
134674	134828
134676	134834
134677	134758
69144	69327
69171	69298
69171	69356
69171	69354
69174	69244
69174	69295
169910	170169
36433	36537
36433	36518
44302	44534
134758	137340
38844	39898
102005	102419
38847	39880
69244	69477
69245	69523
69268	69864
69268	69537
69270	69848
69270	69850
134809	134979
69274	69538
69274	69853
134813	134926
134814	134924
69288	69619
69288	69612
69290	69622
69290	69629
69290	69630
69290	69623
134828	134927
69295	69477
134834	134928
134837	134981
134839	134924
69313	69473
69320	69357
3805	3828
6097	6498
69356	69476
69356	69471
69359	71219
69359	70094
6100	6472
6101	6475
38870	39091
102151	102461
134924	135881
134924	135458
134926	135878
159023	159088
159023	159092
159023	159084
159023	159086
134980	135544
134981	135531
69471	69766
69473	71218
69476	69766
69477	69765
69477	69766
69477	69759
69523	69758
167840	168204
69537	69859
69537	69861
69538	69846
38897	39083
38897	39093
69612	69847
109906	110026
69619	70578
71678	72041
69622	69885
69623	69890
69623	69863
69627	69858
69627	71575
69629	71103
69630	69884
69630	69860
102419	102638
69693	69961
69694	69958
69697	69974
69698	69967
69700	70090
69701	69985
109924	110032
69732	69981
69758	70406
69759	70406
69765	70405
69766	70401
69846	70515
69846	70572
69853	70513
69853	70579
69859	70415
69861	70416
69863	70417
69863	70581
69884	71102
69885	70567
69890	70581
69890	71102
168197	168442
168204	168568
186729	186801
186729	186805
69928	70339
69982	70348
743	851
70005	71968
135544	135876
70034	72783
751	928
751	1235
70044	71986
70052	72461
38992	39088
168448	168544
168455	168555
109996	110998
168526	168589
168530	168592
168533	168613
168536	168599
168541	168604
168544	168615
168545	168616
168555	168610
168562	168619
168567	168627
110020	110727
33831	34159
168639	168687
168640	168864
168641	168681
135874	135976
135876	135973
135878	135979
135878	136070
168647	169748
135881	136075
135881	135981
70348	70609
168670	169164
180478	180621
70401	70839
70405	70620
70405	70621
70406	70620
70415	70479
70416	70496
70417	70491
126425	126635
135973	136841
135976	136965
135976	136815
135979	136973
135979	136190
135981	136191
70513	70842
70515	70666
70515	70842
136070	136172
136075	136170
168870	169147
70572	71104
70572	70666
70572	70842
168879	169852
168879	169157
70578	70907
70579	70842
44534	44614
37832	38705
70609	72478
39075	39363
126459	126571
136170	136849
136172	137174
121000	121186
126463	126585
136190	136795
136190	136983
136191	136845
136191	136839
39083	39391
39084	39392
70666	71038
184652	185704
184652	185705
126168	126946
186550	186598
153783	155368
137401	137451
186567	186613
169140	169831
70842	70944
169157	169846
169157	169847
75466	75568
93739	94140
33665	33929
33665	33925
70944	71484
70944	71645
33670	33909
39138	39395
33678	33912
33682	33928
33682	33923
71038	71482
71038	71642
75472	75570
44614	44951
71102	71557
71103	71578
71103	71557
71104	71565
71104	71647
5580	5592
5580	5593
5580	5594
5580	5591
5581	5591
5593	5600
5593	5602
5593	5603
5593	5613
5593	5599
5599	5633
5602	5640
5602	5642
5602	5647
5602	5649
5602	5650
5602	5654
5602	6031
5602	5653
5605	5635
5605	5637
5605	5630
169458	169869
126548	127404
126548	127903
5629	5636
5633	5654
5633	6031
5637	5727
5640	6306
5640	5957
5640	5865
5640	5869
5640	5883
5642	5921
5642	5893
5642	6473
5642	5783
5642	5740
5642	5712
5642	5713
5642	6099
5642	6101
121090	121517
121090	121495
5647	5893
5647	5783
5647	5921
5647	6306
5647	5698
5647	5700
5647	5702
5647	5704
5647	6473
5647	5707
5647	6350
5647	5712
5647	6099
5647	6101
5647	5713
5647	5865
5647	5883
5649	5893
5649	5702
5649	6473
5649	5712
5649	5713
5649	6099
5649	6100
5649	6101
5649	5783
5649	6469
5649	5921
5649	5922
5649	5925
5649	6097
5649	5938
5650	6913
5650	5731
5650	5893
5650	5740
5653	6306
5653	5957
5653	5865
5653	5869
5653	5883
5698	5779
5700	5790
5702	5786
5702	5788
5704	5787
5707	5772
5712	5784
136795	136969
5727	5860
5731	6645
5740	6660
5740	5893
136815	136972
5772	5891
5772	5846
5772	6306
5772	6180
5772	6182
5772	6186
5772	5803
5772	6188
5772	6178
5772	5966
5772	6350
5772	5884
5772	5886
5779	5891
5779	6306
5779	6180
5779	6182
5779	6186
5779	5803
5779	6188
5779	6193
5779	6194
5779	6196
5779	6178
5779	6198
5779	6350
5779	5846
5783	5811
5784	5921
5784	6473
5784	5805
5784	6099
5784	6101
5786	6082
5786	5933
5786	6033
5786	6035
5786	5935
5787	5933
5787	5935
5787	5976
5788	6082
5788	5827
5788	5933
5788	5935
5788	6033
5788	6035
5788	5976
5790	6178
5790	6198
5790	6193
5790	6186
5790	5933
5790	5935
5790	5976
5790	6194
5790	6196
5790	6197
5803	6049
5803	6180
5803	6182
5803	6188
5803	6350
5805	5921
186655	186734
5846	6049
5846	6178
5846	6180
5846	6182
5846	6186
5846	6188
5846	6350
5883	6328
5883	6127
5884	6049
5886	6136
5886	6044
5891	6049
5891	6350
136965	137224
136965	137218
136969	137221
136972	137220
136972	137214
136973	137225
136973	137215
169748	169850
136983	137219
136983	137173
5925	6024
5933	6063
5935	6085
33758	34397
71482	71579
71482	71643
33759	34399
71484	71571
71484	71639
5965	6125
5966	6132
5966	6133
5976	6147
38754	38820
175504	175778
175504	175779
38764	38841
38767	38848
38767	38845
169846	170764
169847	170756
169847	170559
169852	170557
169853	171912
38784	38881
6024	6097
6024	6139
38795	38897
38795	38933
71565	71662
6031	6646
6033	6098
71571	71673
71571	71666
71575	71678
6044	6134
71588	71667
91455	91835
6063	6195
38841	39900
38843	39880
38846	39899
38848	39901
6082	6143
6085	6150
115703	115883
115703	116119
6099	6493
137173	137349
137173	137223
137174	137365
71639	71673
71643	71675
71645	71866
71645	71669
38881	39073
6123	6320
6123	6450
6123	6452
6123	6333
6123	6455
6125	6330
6125	6453
6125	6333
6127	6329
137214	137338
137215	137410
6144	6656
6144	7370
137218	137355
137220	137407
137221	137411
6150	6652
137224	137395
137225	137362
38933	39089
38933	39070
6180	7910
115718	116084
115718	115887
115719	116116
6197	7574
137338	137424
137340	137388
137349	137401
137355	137387
137360	137421
137362	137386
137365	137419
39073	39364
6306	6350
6306	6398
39081	39361
137388	137441
6328	6424
6329	6451
6329	6421
137419	137454
137421	137457
6350	6601
137424	137442
137466	137522
137468	137500
137468	137493
137481	137556
137481	137517
137481	137502
137484	137618
137485	137512
137486	137514
137486	137579
137486	137621
137493	137563
137493	137558
137500	137560
137500	137564
71968	72781
71968	72766
137512	137615
137517	137617
6451	6585
6451	6589
6453	6563
6453	6673
6453	6585
6453	6557
6455	6680
6455	6669
6469	6649
6469	6821
6472	6507
6473	6648
6473	6640
6475	6509
137558	137856
137560	137857
137563	140943
137564	137848
137564	137858
6493	6634
6498	6818
72041	72307
72041	72300
115774	116210
115774	116110
50239	51035
50235	50490
137617	137876
6563	6664
115784	116189
115784	116199
39363	39487
39364	39552
6601	6759
39391	39576
39391	39513
39392	39439
39392	39509
39392	39479
6634	6825
6645	6912
6645	6765
6646	6778
6646	6766
6656	7176
6656	6939
6660	7146
6660	6764
6680	6910
6680	8655
170557	170768
170557	172011
6766	6915
137848	138459
137856	137946
137858	138459
137858	138715
137876	138260
6815	7149
44827	45075
6821	7148
137946	139379
129671	129781
58416	59024
58416	58867
58416	58967
6910	7019
6912	7145
72454	72777
170764	171994
72461	73285
72461	72758
120255	121080
72470	73285
129235	129506
72478	73503
72484	72765
72484	72759
39395	39489
39395	39514
175499	175776
175499	175774
39880	40120
39880	40136
39898	40121
39898	40391
39899	40122
39899	40141
39900	40387
39901	40123
7136	7229
129891	130624
129891	131338
7148	7321
7176	7573
72758	73080
72759	73083
72766	73091
72766	73677
127903	129472
72777	73095
72778	73094
72783	73093
180279	181385
180279	180439
120267	121084
40120	40393
40141	40392
180282	180644
138459	138714
141002	141034
141002	141037
121383	121532
125727	126074
185740	185831
121401	121538
73080	73291
73083	73277
141007	141052
48261	48627
73091	73278
73093	73286
40388	40841
40388	41065
40388	40865
40391	40864
40391	41066
40391	40957
138714	140974
99998	100188
73270	73501
73277	73505
73278	73523
73285	73525
73286	73518
73291	73520
109559	109913
109559	109926
109559	110007
6778	7136
6778	6915
7910	8291
137857	138715
137857	138459
137857	140255
40843	40954
40864	41066
40954	41061
172033	172389
172033	172943
121529	122155
121529	122154
172127	172408
172127	172412
172134	172424
172134	172435
106617	109485
106617	109668
106617	109479
106641	106720
106641	106713
106641	106694
106641	106718
106641	106895
106644	106786
106644	106821
106646	106792
106646	106788
106646	106798
106656	106804
106656	106809
106662	106753
106662	106780
106664	108847
172217	172471
60292	60606
106718	107104
106720	107096
106720	107156
154321	155208
154321	155339
106747	108753
106747	108781
45099	45654
184683	185452
184683	185382
106780	107316
106780	107260
94256	95614
106786	107285
106786	107317
106789	107291
106792	107251
106793	107289
106798	107288
106798	107256
106805	107252
106810	107258
106812	107270
106812	109983
106812	109984
106812	111413
106812	107244
187958	188032
172376	172548
172377	172543
172408	172682
172421	172994
172421	172995
172424	172993
116119	116221
172451	173013
165281	168549
165281	168542
165281	165311
8678	8718
8679	8700
8681	8736
8681	9123
8681	8728
8681	8700
8681	8733
8681	8735
8682	8700
8683	8720
8683	8721
8683	8715
8700	8736
8700	9123
172548	175037
8718	9123
8721	8807
8728	8866
8728	9573
8728	8966
8728	9003
8728	9197
8728	9200
8728	8790
8728	8791
41499	41824
8733	9197
8733	9200
8733	8866
8733	9573
8733	8966
8733	9003
8733	8780
8733	8783
8733	8784
8733	8790
8733	8791
8733	8781
8735	9197
8735	8866
8735	9005
8735	8966
8735	9002
8735	9003
8735	9196
8735	8783
8735	9200
8735	9585
8735	8790
8735	8791
8735	9199
8735	9021
8735	9573
8736	8966
8780	8873
8783	8867
8783	8868
8784	8874
8790	8865
8807	8945
124836	125130
124836	125118
74374	74513
74375	74514
74380	74530
74380	74572
74382	74619
74383	74897
74383	74898
74383	74899
74383	74565
74386	74656
74386	74658
74386	74662
74386	74648
74386	74650
74386	74655
74388	74530
74388	74572
74393	74412
74395	76877
8865	9573
8865	9003
8865	9197
8865	9200
8865	8895
8868	9130
8868	8909
8868	9126
74412	74784
74412	76329
8895	9003
107248	108762
107248	109563
107250	109579
107250	108783
107252	109574
107252	108759
107256	108857
107260	108852
107274	109577
107274	108779
107287	108748
107287	108773
107291	108856
74530	74794
74530	74796
9005	9115
107310	108101
107310	108230
107310	112787
107310	112790
107310	112793
107310	112804
107313	108106
107313	108211
107316	107716
74565	74894
94350	95253
74619	75445
74619	75447
172924	173024
172926	173035
172927	173022
50667	51053
94359	95475
172943	173736
172943	173734
74648	74893
74650	74901
9115	9196
9115	9245
74655	74896
74656	75653
74658	74895
9123	9752
74662	74906
116209	116759
9130	9244
116210	116765
172993	173305
172994	173840
172994	173843
172994	173662
172995	173657
172995	173831
173003	173296
173003	173299
173003	174043
173003	174071
173004	173299
173004	174071
173004	173307
113096	113469
173013	173296
116217	116777
173022	174059
9196	9604
9197	9601
9198	9599
9199	9577
9200	9581
173043	173259
127969	128672
127969	129168
127969	128880
74784	75125
88925	89074
23392	23440
23392	23682
23392	23684
23392	23455
34324	34654
74893	75472
74893	75649
74894	75465
74895	75466
74895	75647
74899	75470
173259	174077
173259	174062
173305	174970
173307	174278
9573	9744
9573	9758
9577	9612
9581	9613
93065	94687
9585	9940
9585	9756
9599	9937
9601	9748
9604	9928
34369	35603
122889	124257
129900	129944
165456	165642
120348	121062
165461	166475
165461	165643
165461	165883
9744	9939
165464	165646
165464	165638
9748	9930
9752	9889
9766	10056
9766	10305
34397	34965
34397	35190
34399	34973
108101	108272
108101	108304
108101	108538
108106	108793
108106	108266
173657	175017
120353	120568
120353	120574
89029	89059
89029	89327
173734	175059
173734	175053
75445	75692
75445	75701
108230	108272
108230	108304
75465	75559
141003	141040
141003	141034
141004	141097
75470	75537
141008	141104
141008	141100
141009	141101
141021	141088
141021	141096
141021	141136
141021	141094
141021	141135
141023	141078
141025	141047
141026	141077
141026	141047
141027	141096
141027	141094
141027	141047
141029	141088
141029	141096
141029	141094
141030	141079
141034	141331
141034	141333
141040	141331
141040	141333
108281	108503
141051	141129
94506	95362
141088	141146
141088	141148
141088	141150
141094	141148
141096	141231
141097	141707
141100	141131
75570	75924
10056	10517
141131	141264
141146	141248
141146	141225
141146	141245
141146	141247
141150	141241
75649	75924
75653	75926
99991	100215
99995	100186
99995	100375
119271	120229
141225	141603
141225	141596
75692	75934
75701	75953
75701	75941
99999	100187
141247	141647
141248	141597
100000	100124
100002	100180
108503	108604
108505	112491
174043	174281
174062	174216
108536	108800
108536	108882
108538	108881
108538	108799
141331	141437
141333	142912
141333	141437
23557	23862
110939	111436
56326	56385
56326	56387
56326	56394
56326	56374
56326	56376
56326	56380
10305	10480
56333	56563
23568	23854
174273	174972
174273	174950
174278	174975
174281	174643
174281	174637
108753	109498
108753	109572
108754	109931
108754	109874
108759	109580
108762	109578
108764	109569
108764	109511
108774	109893
108774	109902
108783	109522
108783	109559
108793	109273
108800	109281
141596	142985
141597	141745
141597	141871
141603	141867
108844	109082
108847	109551
108852	109531
141647	141736
141647	141733
141647	141743
108881	109270
113830	115058
113830	115069
72765	73270
124670	124964
124670	124965
120378	120767
50927	51325
182000	183111
141733	143898
141733	143891
141743	141870
125838	128985
127405	127472
109082	109554
128021	128311
76329	77463
141867	142264
141867	142258
174637	174969
141871	142261
174643	174890
119294	120246
94662	95929
94662	95902
114933	115789
114933	115718
109270	111558
109270	112807
109273	111552
98567	99916
160215	160541
160217	160544
160217	160956
174890	174965
109481	109667
174949	175009
187531	187970
187531	187598
174952	175012
174959	175019
174963	175032
174965	175006
183433	184361
174970	175025
174972	175027
174975	175029
174977	175045
174980	175033
174984	175038
174990	175044
174993	175047
109480	109900
109485	109665
109489	109906
109489	109679
142258	142984
142258	142971
142261	142500
142261	142982
142264	142481
109498	109933
51019	51434
109511	109924
109517	109911
175067	175115
175067	175117
175067	175119
175069	175121
175069	175117
175069	175119
175076	175119
175076	175140
175076	175127
175077	175140
109551	110936
109551	110933
109563	110965
109567	109920
109567	109862
109567	109982
109568	109985
109568	110011
109568	109973
23723	23872
109577	109976
109577	109995
109577	110004
175115	175236
175117	175250
175119	175248
175121	175504
175121	175257
44051	44257
44051	44122
175127	175424
175127	175418
175127	175421
175127	175239
44056	45097
44056	45098
44056	45099
44057	44131
44057	44223
44060	45919
44060	44199
44060	44532
44060	48309
44062	45919
44062	44199
44062	44532
44062	48309
44063	45919
44063	48309
44065	44310
175140	175415
175140	175425
175140	175419
175140	175421
175140	175239
29190	29521
44070	44320
44070	44292
44070	44204
44070	44532
44070	44318
44070	44280
44070	44286
44071	44532
44072	44292
44076	44311
44079	44181
44103	44192
44103	44207
44105	44191
29198	29518
29198	29511
175236	175490
175248	175522
175250	175507
175257	175499
175257	175502
44191	44561
44191	44569
44192	44561
44192	44569
44193	44570
44193	44531
142500	142970
44199	44530
44199	44423
40136	40393
40136	40388
188056	188232
44280	44565
44280	44527
44286	44568
44286	44529
44292	44584
44295	44524
175415	175541
175418	175541
175419	175564
175421	175563
175421	175540
175424	175540
175425	175563
109895	110020
109898	110021
175435	175770
175435	176171
109900	110022
109909	110027
109911	110028
127481	127923
175502	175776
175502	175781
175507	175777
109974	110620
109976	110938
109976	110988
109979	110986
109979	110997
109982	110628
109983	110995
109984	110993
109984	110991
109985	110951
109992	110939
109994	110616
114958	115779
110007	110609
110021	111528
110021	110650
110022	110655
110026	112835
175563	176305
175564	176498
175564	175747
110032	110653
44524	45600
44524	44614
44524	44615
44524	45842
44524	45847
44524	44600
44524	45595
44527	48261
44527	44659
44527	44662
44527	44664
44527	48347
44530	44744
44531	44744
44531	44741
44536	45107
44565	44689
44568	44689
44570	44763
11813	11828
11814	11828
11814	11838
11814	11830
11815	11828
11828	11869
11830	11866
11830	11868
44600	45600
44600	45027
44600	45842
44600	45847
44600	45593
44600	45595
11838	11861
11838	11869
44615	44951
11861	12104
11861	11957
11861	11958
11861	12123
11861	12124
129486	129538
11866	12104
11866	12123
11866	12124
11868	12104
11868	12123
11868	12124
11869	12104
11869	13162
11869	11957
11869	11958
11869	12123
11869	12124
56592	56922
56592	56942
56593	56923
56593	56943
142971	144586
175747	176300
175747	176308
142982	143896
175774	176285
175776	176280
175777	176108
175778	176284
175779	176110
175781	176107
11957	12123
11957	12124
11958	12124
11958	12123
11958	12908
44752	45108
58229	59705
44831	45715
44831	45079
58232	62105
127635	127745
127635	127861
114973	116115
122176	122587
130250	130554
130251	130534
168442	168567
176108	177349
176108	176286
176110	177350
110609	111059
110620	111064
110628	111077
110632	110955
45098	45384
45098	45371
176171	177434
176171	177431
176171	177439
110641	110942
45108	49232
110650	110829
110616	110956
176228	176511
110727	111105
116759	117061
127744	128860
176284	177336
176300	176475
176305	176476
176308	176507
116769	117079
110829	111057
174998	175050
187780	187958
44064	44201
44064	44277
44064	44182
44064	44317
45362	45638
165939	166457
45371	45658
45384	45656
45384	45658
165943	166450
165943	166459
110933	111429
110936	111409
110936	111445
110955	111422
110956	111407
110965	111438
176507	176637
110986	111456
110988	111437
110989	111434
110991	111462
110993	111462
110997	111456
44068	44307
44068	44302
44068	44295
121539	122734
44069	44295
155040	155259
155040	155094
155042	155093
155042	155271
121541	122291
121541	122606
127745	128864
187822	188041
143896	144606
45593	45920
45595	45831
45600	45832
121543	122179
121543	122284
180465	180638
45656	46226
45656	46231
45658	46222
187835	187973
12908	13163
187845	188042
160541	160796
40392	40843
155081	155275
160544	160957
130278	130549
45842	48664
111382	111530
45847	48664
45847	48665
56800	56937
56800	56914
111434	112803
111436	112773
111445	112816
123838	124299
166593	166790
166593	166807
187889	187955
111530	111712
28239	28393
28239	28372
28239	28390
111552	111807
111558	112470
113919	114963
119375	119628
160592	160857
46226	46458
182469	183106
177336	177428
177349	177407
177350	177408
144613	148226
144613	145796
144613	144855
144614	148033
144614	145794
144614	146890
144614	148226
144614	148034
144615	144855
144640	144664
144640	148284
144659	144882
144664	144888
177444	177478
177457	178219
177457	177741
177476	178384
177478	178384
177480	177650
187959	188005
127889	129479
187965	188011
46455	47431
109569	109892
109569	109974
109569	109903
187977	188019
144855	145796
144855	144966
56912	57295
144888	145340
116201	116756
50654	50939
50654	50927
56928	57648
56928	57649
144966	146508
56936	57295
122475	122889
109579	109992
109579	109994
109579	110965
113944	114956
113944	115703
79706	80429
79707	80429
79712	80000
79712	80007
79712	80399
79712	80391
79712	80423
79714	80423
79714	80399
79715	80000
79715	80423
79716	80000
79716	80448
79716	80423
79717	80448
79717	80423
79718	80423
79724	80448
79726	80448
79726	80423
79730	81034
79731	80454
79731	80455
79732	81295
79732	81287
79735	79834
79736	79833
79738	79836
79738	80183
79739	80265
79739	79895
79742	80267
79743	79896
79749	80328
79749	80325
79751	80331
79833	81048
79833	81041
79833	81049
79834	81048
79835	80264
79835	81079
79836	81062
79836	81083
79836	81070
79836	81079
79882	80269
79883	80300
79883	80278
79887	80262
79887	80303
79889	80266
79890	80288
79890	80318
79891	80306
79891	80263
79896	80268
79896	80327
178201	178373
130323	130571
178219	178602
57017	57282
57017	57287
57018	57279
155324	155422
79997	80418
80000	80433
80007	80438
112842	112924
112842	112918
112855	113200
112855	113145
112860	113424
112860	113426
112860	113421
112860	113429
112861	113379
112861	113341
112866	114950
112866	114932
112866	113335
112866	113373
112867	113369
112867	113331
112868	113339
112869	116097
112869	113351
112869	113358
112869	113360
112869	116124
112870	113337
112870	113375
112871	113356
112871	113334
112872	113356
112887	113096
112887	113098
112888	113099
44131	44831
178446	178719
112913	113350
112915	113076
112918	114037
44132	44827
80183	81064
80183	81062
115058	115766
128861	129235
145796	148234
80262	81275
80263	81275
80264	81282
80265	81286
80265	81078
80266	81284
80267	81080
80267	81279
80268	81082
80268	81274
80269	81284
80278	82061
80288	81293
80288	82061
80300	82061
80301	81283
80303	81275
80303	81294
80306	81275
80306	81294
113076	113826
80310	81296
80312	81292
80318	82061
80325	82045
80327	81280
80328	82058
113098	113469
80333	81292
113112	114017
113112	113924
80423	80917
80444	80920
80448	80921
80455	81288
14957	14996
14957	14997
14957	15190
14957	15197
14958	15190
14958	15197
14959	14993
14962	14993
14962	14998
14962	15007
14991	15104
14991	15106
14991	15363
14991	15204
14991	15380
14991	16074
14991	15641
14991	15636
14991	15140
14991	15359
14991	15132
14991	15358
14991	15365
14993	15104
14993	15106
14993	15204
14994	15104
14994	15106
14994	15363
14994	15365
14994	15366
14994	15640
14994	15636
14994	15381
14994	15384
14994	15641
14994	15642
14994	15400
14994	16074
14994	16075
14994	15204
14994	15380
14994	15358
14994	15359
14996	15104
14996	15106
14996	15204
14996	15090
14997	15104
14997	15106
14997	15366
14997	15400
14997	16075
14997	15640
14997	15090
14997	15381
14997	15384
14997	15204
14997	15642
14998	15136
14998	15135
113331	115050
113331	115068
113331	115786
113331	114958
113334	115784
113334	115076
113334	115044
113335	115787
113335	115077
113335	115054
113335	114957
113337	115050
113337	115068
113337	115786
113339	115784
113339	115076
113339	115044
113341	115073
113348	114973
113348	113966
113348	115775
113350	113944
113355	114973
113355	115775
113356	115775
113357	114017
113358	114973
113358	115775
113359	115784
113359	114945
113359	115044
113359	115076
113359	114974
113360	115784
113360	114945
113360	115076
113360	115044
113364	114016
113364	113919
113373	115072
113373	115062
113373	114934
113373	114975
15090	15205
15104	15202
113424	113830
113426	113792
113429	113792
113429	113835
15132	16300
15135	16629
15136	16277
15140	16300
113456	114547
15197	15728
15197	15604
15202	16074
15202	15636
15202	15641
15202	15380
15202	15231
15205	15243
15205	15268
15231	15380
15243	15398
15243	15382
15268	15398
15268	15382
15316	16051
15316	16047
15343	15921
15343	15919
15365	15537
15366	15534
15382	15564
15382	15567
80921	83260
47431	47728
15398	15567
146508	147291
9244	9766
81034	82174
81041	81201
81041	81173
81041	81333
81048	81210
81048	81191
81049	81178
126067	126217
126067	126443
113826	115754
113826	115047
81064	81348
81064	81172
81064	81343
113835	115064
113835	115046
81070	81174
15537	16076
15537	16070
113842	115045
48309	48632
48309	49158
81078	81187
81079	81186
81082	81192
81083	81176
81083	81188
15552	15640
15552	15697
15564	15639
15567	15695
48347	49164
188285	188488
15604	15740
15604	15746
15604	15732
188286	188459
113924	114960
113924	114933
113924	115695
155523	155657
155523	155702
15636	16092
15639	16098
15640	16094
15641	16067
81186	81666
81187	81664
81187	81655
81191	81666
81192	81664
166450	166593
166450	166583
113966	114961
179507	179566
179509	179568
3795	3805
81210	81417
81210	81666
15695	17280
15695	16294
126591	127401
126591	127411
179546	179606
179548	179602
179551	179605
114037	114350
81274	81416
81274	81664
81274	82057
81275	82062
81275	81367
81283	81514
81286	81664
81286	81655
81287	82060
81287	81933
81288	81809
81288	81929
81292	81521
81292	82047
81293	81660
81294	82059
81295	81993
81295	82044
81296	81517
114080	114193
179619	179672
179619	179673
179619	179675
179621	179755
179621	179758
179621	181423
179621	181235
179621	181367
179622	179755
179622	179758
179622	181423
179622	181235
179622	181367
179625	179718
179626	179776
179626	179737
179626	179743
179627	179744
179627	179748
179628	179747
179628	179742
179629	179749
179630	179762
179630	179759
81343	81672
81343	81691
81345	81691
81345	81675
81348	81683
81348	81669
179657	179779
146890	148208
179661	179779
179661	179788
179665	179787
179672	181409
179673	180332
48627	48951
48632	49523
81416	81940
15889	15941
15892	15995
15892	15941
116189	116769
179744	180610
130546	130853
179748	179986
179749	180282
15919	16017
15921	16048
15921	16019
179762	180024
123828	124297
179779	179952
179779	179942
15941	16229
179787	180476
81517	81939
16019	16211
16019	16174
16019	16207
16047	16174
16047	16211
16047	16316
16048	16174
16048	16207
16048	16211
16051	16316
16064	16109
16067	16112
16070	16953
16074	16281
16074	16291
16075	16292
16075	16525
16076	16947
115766	118708
115766	118693
57295	57601
57295	57597
16092	16273
16094	16523
16098	16519
179942	180474
179942	180478
179942	180486
179942	180479
81655	81790
81655	81805
81664	81808
81664	81791
81666	81764
81666	81807
179986	180279
16174	16314
48951	49180
180024	180182
127680	129512
81764	82703
16229	16450
114547	115333
81790	82629
81807	82703
81808	82519
16273	16528
16277	16456
16277	16630
16281	16517
16287	16457
16287	16626
16294	17011
16294	16676
16300	16957
16300	16455
40957	41063
49158	49404
81933	83257
81939	82616
81940	82513
81940	82702
16450	16616
82045	82711
82047	82711
82058	82711
82060	82626
180453	180611
180457	180616
180462	180624
16626	16956
16629	16959
16630	16958
180474	180613
180476	180618
82174	82692
180479	180617
114945	116110
114945	116079
180486	180635
116214	117188
114956	115733
114960	115719
114961	115788
114961	115725
114963	115732
114963	115781
114974	115734
114974	115774
16676	17286
116215	117278
116215	117399
57397	62105
127128	127537
115045	115745
115046	115766
115047	115737
188476	188520
115069	115751
115073	115756
125809	125983
57412	57651
180635	180765
180644	181406
116221	117285
180765	180873
155742	157024
155742	157022
133897	133942
82513	82707
82513	82627
172131	172421
82519	82635
82519	82709
41061	41826
17011	17263
82626	82752
82626	86594
82626	82730
82627	82741
82632	82754
82632	82731
82632	86591
82635	82756
169456	169853
106618	109489
106618	109481
106620	109490
148234	148280
82702	83000
82702	82737
82703	82999
82707	82741
82711	82736
82754	82950
82756	82956
148297	148483
148297	148579
148301	148369
148301	148367
148304	148369
148304	148367
148307	148382
126054	126433
126054	126203
126054	126215
17263	17515
158789	158853
17280	17567
17286	17571
148369	148786
177650	178201
106657	106745
106657	106805
106660	106747
115695	116082
115695	115891
181235	181392
148483	148628
82950	83670
50183	50216
115725	116091
115732	116095
115745	117162
115756	117057
115756	117074
50226	50758
50230	50465
50230	50494
50230	50471
82999	84147
50233	50385
50233	50370
50233	50411
50234	50458
50234	50387
115775	116171
115775	116172
115775	116167
50242	51026
50242	50757
24758	25035
115787	116209
115787	117050
115787	116195
115788	116201
115788	116190
115788	116111
106680	106952
24769	25035
24769	25029
148628	149082
134002	134107
181471	181999
181485	181657
181485	181658
181486	181659
181487	181655
181489	181657
181489	181658
181489	182263
181490	181659
181491	181655
181498	181552
181508	181617
181508	182259
181508	181624
50457	50651
50457	50654
50458	50654
50465	50698
50471	50698
50471	50667
181552	181688
50494	50674
33324	33670
33324	33675
33324	33677
33324	33678
83270	83468
181617	182130
116082	116214
116084	116215
181624	182113
116090	116216
116091	116217
116095	116213
116116	116220
181655	182101
181657	182087
181658	181944
181659	181945
6049	6135
166813	167051
166813	167245
181688	182705
116167	116750
116172	117071
106745	111430
106745	107274
106745	109996
106745	108754
106745	109979
50651	50927
50651	51060
50651	50939
116190	117041
116199	117063
50670	50927
50670	50866
50670	51060
50670	50869
50670	51066
50670	50939
116220	117281
116220	117404
50698	51096
83468	83907
50757	51019
50758	51020
57620	58229
57621	58232
57621	62105
57621	58231
50869	51067
181944	182468
181945	182284
181945	182093
124992	125322
181999	182202
181999	182355
35799	36028
106804	107248
51020	52837
51020	51442
51026	51699
51026	51700
106809	107272
106809	109983
106809	109984
106809	111413
106809	108774
106809	107250
51032	51342
51032	51638
182130	182268
106821	107313
182202	183116
83907	85174
168646	168881
182263	182446
182267	183033
182284	183058
182284	182469
116750	117066
116756	117472
95918	96645
95918	96703
116765	117157
41314	41500
182446	183025
182446	183069
182468	183034
172412	172687
51434	52242
51442	52250
117041	117480
117050	117449
117057	117447
117061	117440
117063	117455
117074	117441
172430	172914
117079	117461
106895	107094
172435	172690
172435	172924
106900	109480
106900	109491
24987	25172
117162	118499
51638	52483
51638	52492
51638	52241
117188	117408
117188	117282
141129	141357
51699	52972
51699	52423
51700	52353
51700	52423
19006	19318
126113	126591
172471	173043
172471	172927
117404	117530
117408	117539
117440	118745
117447	118727
117449	118710
117455	118701
117480	118697
183034	183086
117530	117704
33374	33581
33374	33567
167051	167242
183123	183157
183127	183193
183144	183552
183144	183555
183144	183558
183144	183559
183144	183560
183144	183566
90599	91423
183148	183552
183148	183555
183148	183558
183148	183559
183148	183566
183148	183570
183150	183552
183150	183560
183150	183559
183168	183433
183168	183434
63296	63671
183173	183440
19339	19713
19339	19708
183192	183313
183193	184069
183193	183598
90607	91143
56595	56940
56595	56919
128864	129234
128864	129244
79713	80391
79713	80423
79713	80399
183386	183696
183386	183515
150651	151986
150651	150942
183434	184408
183434	184223
183438	183766
183438	184439
183442	183730
183442	183717
52423	52973
59575	59704
59575	59776
38845	39901
183552	184409
183552	183674
183555	183663
183558	183666
183559	184418
183559	183668
183566	183684
183570	183665
121028	121194
121028	121383
183665	183800
183668	184418
183674	184409
183695	183834
183717	184226
8781	8871
183800	183869
156246	157025
156246	156487
107096	107987
52483	53097
63951	64541
63951	64543
107097	108099
183846	184380
183846	184417
107104	107987
52972	53484
172682	172997
172687	173005
53097	53532
172690	173003
172690	173004
107156	108844
56325	56376
56325	56385
56325	56394
56325	56387
56325	56380
184223	184386
184226	184355
118693	118732
118708	118746
8866	8898
8866	8893
8867	9130
8867	9126
118784	119624
118784	119618
118792	119624
118792	119618
118797	119145
118797	119372
118801	119372
118802	118898
118803	118898
118804	119369
118805	119370
118806	119208
118806	118953
118808	119213
118809	119371
118812	119617
118812	119621
118812	119478
118812	119375
184349	184403
184350	184405
118820	119474
118820	119627
118820	119598
118820	119623
118822	119598
184360	184414
184363	184420
184368	184422
184372	184426
118839	119274
118839	120267
118839	120252
118839	120357
118839	119303
118840	120224
118840	120245
118841	119204
118841	118947
118841	119292
118841	119294
118841	119231
118842	119292
184379	184429
184381	184431
184382	184432
102159	102185
118854	121081
118854	120354
118854	121076
118854	120346
118857	120344
118857	120276
118857	120283
118857	120340
118860	119597
118862	119166
118864	119164
184444	184512
184444	184515
184445	184515
184446	184528
184446	184540
184447	184520
184448	184513
184449	184529
184450	184511
184455	184680
184455	184681
184455	184683
184455	184968
184455	184978
184462	184537
184462	184821
184462	184798
184464	184535
20631	20820
6143	6652
6143	6497
118953	121000
118953	121008
118953	121010
118953	121015
119485	119659
119485	119708
119485	120003
184511	184650
184512	185657
184512	185658
184512	185654
184513	184642
184520	185653
184528	184654
184529	184656
184529	184652
184535	184819
184535	185068
128672	128861
184601	184788
184602	184897
184602	185635
184602	185626
41063	41499
151847	151978
184642	184839
184650	184838
184654	185457
184654	185697
184656	185704
184656	185705
41065	41825
41065	41314
165454	165638
183696	183846
119627	119684
119164	120351
119166	120352
107244	109579
119208	121000
119208	121008
119208	121010
119208	121015
107251	108869
184766	185698
184766	184900
184766	185681
184767	184879
184769	184892
184770	184887
184770	185672
184773	184893
184786	184876
184788	184901
184790	184903
107258	109563
152039	152411
119274	120255
152044	152082
152045	152084
152047	155354
152047	155340
152056	152234
152060	152254
152060	152247
152074	152921
152074	152167
152075	152921
152075	152163
152075	152918
152075	152167
152076	152167
152079	152190
152079	152166
152079	152167
152081	153961
152081	153963
152082	152921
152082	152170
152082	152163
152082	152918
152084	153577
107270	109568
107272	109568
107272	108764
184887	185672
184891	185683
184900	185681
184900	185698
119372	119620
119372	119486
86607	86855
86609	87334
86609	87346
86609	87347
86611	86852
86612	86773
86613	86784
86614	86783
86616	86777
86616	86762
86617	86754
86617	88933
86617	86768
86617	87345
86617	88916
86617	87869
86618	86747
86618	87515
86618	86767
86619	86752
86619	86766
86619	86782
86620	86785
86620	86771
86621	86851
86622	86857
86623	86859
86624	86858
152166	152570
152166	152571
152167	152708
86635	86969
86636	86969
86637	86970
86640	86825
86640	86869
86641	86840
86642	86842
86648	86957
86652	86958
152190	153961
152190	152570
152190	152574
86665	87136
86665	86966
86668	86976
86671	87316
86675	87327
86687	87331
86687	87326
86693	87597
152234	152377
152234	152402
152247	152514
152247	152522
152247	152526
152247	152531
152247	152376
152254	152514
152254	152522
152254	152526
152254	152531
152254	152373
152254	152376
107297	108747
107297	108789
181385	181439
86752	87344
86766	87520
86766	87468
86766	87534
86768	87475
86768	87532
86777	87529
86782	87529
86783	87512
86784	87522
86784	87526
86784	88262
86785	87529
107312	108243
107312	108253
113095	114080
86825	88346
86828	87507
86835	87215
152373	152528
152377	152437
86843	87220
86843	88335
107317	107690
119617	119948
86851	87537
86851	88262
86852	87290
86852	88361
86858	87516
86858	87518
119628	119698
119631	119683
152402	152437
86869	88346
152437	155277
86914	88356
86915	88336
119684	119951
86918	87734
86921	87741
86922	88352
119706	119998
119708	120000
113099	113456
188387	188458
152485	152682
86976	87317
152522	152626
152522	152698
152528	152697
45097	45369
152570	152704
152570	153933
152570	155131
152570	155132
152571	152705
152626	153114
152626	153563
134670	134840
185452	185617
185457	185640
152698	153176
152698	153563
69141	69324
152704	152909
152705	152907
152708	152920
119948	120409
119950	123893
119950	120054
119951	120076
87215	88337
58227	58742
58228	58305
58228	58477
58228	58478
58228	58473
119999	120288
119999	120765
120000	120376
120000	120294
58230	58476
58230	58477
130567	130933
130567	130855
87290	87546
87290	88362
120079	121367
87316	87927
87317	87927
87318	87600
87318	87926
112857	116097
112857	113348
112857	113355
112857	113359
112857	116124
112857	114980
87334	87434
87344	87442
87345	87449
87345	87470
87346	87435
87346	87582
87347	87450
185653	185696
185658	185710
129480	129515
152907	153332
152917	153575
152918	153576
152918	153571
152920	154320
152921	154321
106639	106800
106639	106810
106639	106812
185712	186573
185712	186574
56376	56759
185722	185833
185722	185830
185722	185831
185728	186563
185728	185799
185728	185801
185728	186526
185728	186527
185728	186532
185728	186547
185728	186554
185728	186555
185729	186026
185729	185809
185729	185810
185729	185816
185729	186041
185729	185818
185730	185809
185730	185810
185730	185811
185731	185810
185731	185811
185731	185821
185731	185814
185732	185821
185733	186563
185733	185799
185733	185801
185733	186526
185733	186527
185733	186532
185733	186547
185733	186554
185733	186555
185734	186026
185734	185805
185734	185807
185734	186041
185734	185816
185734	185818
185734	186570
87433	87589
120223	121037
87468	87669
87475	87866
87475	87876
87475	87671
120244	120674
120244	120652
120245	121075
120245	121038
120246	121028
120246	121077
120252	121090
120252	121085
174071	174273
87487	88334
185799	185882
185809	185910
185809	185886
87507	87740
87509	88344
185814	185888
87512	87745
87512	88244
87513	87749
87513	88247
185818	185884
87516	87673
87516	87596
87516	87870
185821	185880
87518	87673
87518	87870
185824	186259
87522	87754
45027	45362
87526	87756
87526	88261
185831	186042
185832	186258
87529	88260
87532	87866
87532	87876
87532	87671
87534	87669
6188	7910
87537	88106
87537	88263
87546	88182
126213	126425
112897	113112
112897	113364
112897	113357
185880	186566
185880	186562
185887	186586
185888	186562
120356	121058
120356	120574
87589	87888
87589	87879
87590	87880
87590	87888
87591	87884
87591	87877
87593	87893
87597	87925
87603	88001
185910	186025
87626	88191
153176	153560
120409	123895
120410	123828
87671	88116
87673	87959
87673	88111
186000	186065
172997	174980
87734	88353
87734	88339
87741	88347
87741	88357
87745	88162
87754	88121
87756	88117
186065	186386
58327	58867
58327	58967
102021	103104
87866	87992
87869	88916
87869	87981
87870	87997
87870	87959
87876	87996
87876	87958
120674	121087
87926	89176
87927	88392
24751	25019
87958	88818
87958	89029
87981	88933
87996	88817
87996	89029
120767	123009
153560	153693
153563	153699
153563	153692
153563	153783
153575	155424
153575	154318
153576	154521
153576	153938
153577	153916
134829	134980
88106	89568
88115	88816
88121	88920
134840	134982
153692	153910
153693	154619
153693	154797
88182	89571
186526	186577
186527	186578
186532	186584
121008	121539
121008	121196
186547	186596
129396	129498
186554	186590
186555	186597
186563	186610
88260	88912
88263	88919
108779	109517
108779	109567
121053	122488
121075	121529
121076	121541
121084	121384
121084	121528
121084	121413
121084	121400
121085	121495
88334	89461
88339	89457
88344	90213
88347	90210
88352	90209
88353	89465
88356	90169
88357	90206
88362	89019
153910	154625
153910	154620
153910	154621
153910	154630
121186	121590
153961	155332
153963	155330
153963	154219
153963	155347
186734	186804
186734	186814
115733	115894
69357	73358
186801	187092
96680	97787
96680	98615
23044	23466
23044	23469
23045	23144
23045	23124
23046	23144
23051	23362
129455	129536
23078	23211
23078	23219
23079	23234
23079	23214
23080	23236
23083	23238
23085	23207
121395	121536
23114	23568
23114	23379
96696	98151
96696	97783
23124	23695
121445	121544
14956	14998
14956	15007
129475	129526
121495	122475
96708	97090
96708	97102
96708	97134
96709	97125
96709	97103
23211	23778
23211	23429
23211	23945
23211	23767
23211	23758
23211	23343
23211	23415
23211	23737
23211	23258
23211	23263
121517	122159
23214	23744
23214	23774
23219	23778
23219	23429
23219	23945
23219	23758
23219	23343
23219	23767
23219	23737
23219	23258
23219	23263
121528	122176
121528	122161
121537	122731
23234	23744
23234	23774
23236	23744
23236	23488
23236	23970
23236	23591
23236	24589
23236	23482
23236	24858
23236	23774
23238	23322
121544	122181
154320	155338
154323	155210
154324	155209
23258	23945
23258	23767
23263	23945
23263	23723
23263	23767
88816	89035
88816	88925
88817	89032
88817	88934
88818	89033
88818	88914
121590	122209
129498	129547
23343	23945
23343	23723
23343	23758
23343	23767
88912	89049
88912	93013
88912	89079
88914	89075
23379	23855
23386	23852
23386	23557
23389	23686
23389	23685
23389	23454
23389	23439
129781	129912
129781	129838
23413	23865
23415	23723
23429	23723
23439	23654
23440	23655
154521	155428
154521	155407
23456	23683
23466	23688
23466	24620
23469	23691
23482	23757
89019	89056
89019	89086
23488	23803
89033	89075
89035	89074
93993	94601
23523	23849
23527	23848
23527	24601
89075	89284
89079	89283
154619	154790
154620	154802
154621	155040
89086	89600
154625	154795
56347	57866
56347	57890
56347	57848
56347	60886
56347	56415
23591	23895
187460	187536
187460	187531
187460	187565
187462	187980
187462	187564
187462	187981
187462	187541
187462	187965
187463	187531
187464	187531
187464	187781
187468	187507
187468	187511
187469	187508
187469	187518
187470	187522
187470	187510
187472	187518
187472	187519
187473	187521
187473	187522
187479	187982
23654	25432
23655	25432
56431	56575
56433	56574
187507	187726
187508	187568
187510	187723
187511	187725
187519	187569
187521	187724
23682	23828
23682	24310
23683	23818
23684	23826
23684	23828
23685	23818
23685	23827
23686	24306
23686	23827
23695	24563
23695	24621
187536	187977
187536	187595
187536	187964
187541	187963
187541	187959
154790	155082
154790	155090
154797	155081
154797	155092
154802	155042
154802	155086
23744	23973
89283	89972
89284	89964
89284	89518
187595	187977
187595	187964
23757	23974
23758	23952
23758	23962
23758	23939
23767	23964
23767	23954
23767	23940
23774	23968
23778	23965
56552	56592
56552	56798
56553	56920
56553	56599
56557	56594
56558	56801
89327	90448
56560	56595
56561	56584
56561	56596
56563	57017
23803	24852
23803	23900
23803	24588
56574	59700
56574	57412
56575	59700
23818	24349
23826	24346
23827	24305
23828	24313
56599	56925
113200	113842
23852	24289
122161	122583
23862	24146
23862	24287
187723	187845
187725	187843
187726	187844
187726	187846
23900	25504
23900	24588
89457	90171
89465	90172
23940	24973
23940	25170
23940	25173
23940	25142
23940	25016
23940	25150
187782	187983
23954	24973
23954	25170
23954	25173
23954	25142
23954	25016
23954	25150
187846	187949
155082	155358
155086	155288
155090	155273
155092	155361
56798	56912
56798	56936
155132	155370
89600	89961
89600	89969
24118	24212
24118	24165
24122	24165
187963	188009
187964	188036
187967	188002
187970	188037
187973	188015
187975	188034
155209	155348
155210	155400
187980	188023
187981	188025
187983	188040
56919	57336
56920	59575
56920	59696
56920	58744
56920	59705
56920	57337
56921	57291
56922	57339
24165	24494
56941	57291
56941	57287
155259	155324
14955	14994
14955	14991
155271	155342
155273	155333
155275	155356
155277	155352
122517	122904
155288	155351
188059	188544
188059	188137
188062	188086
188087	188387
155333	155395
155338	155393
155339	155394
155342	155413
155351	155411
155352	155397
24287	24610
24287	24428
24287	24432
24287	24606
24289	24610
155368	155416
122606	122712
24305	24364
24306	24843
24306	24575
24310	24560
24310	24579
24313	24367
24346	24559
24349	24839
155449	155528
155449	155538
155449	155518
155450	155539
155451	158802
155451	155542
155453	155523
155453	155527
155455	158802
188232	188345
118755	119314
122712	124240
122714	124267
24432	24612
155518	155701
155518	155655
188290	188468
24494	24751
188338	188476
188340	188480
188341	188463
15007	16287
57282	57602
57287	57602
57291	57602
129698	129772
118777	121926
155610	155887
155613	155747
24559	24848
24560	24845
24563	24769
24563	24758
57336	57397
57336	57621
57337	57395
57337	57620
57339	57596
155655	155738
155655	155781
155657	155885
155657	155742
24588	25506
24589	25489
24589	25095
188055	188087
122904	124276
90153	90316
188463	188510
187403	187444
57395	59575
57395	59696
57395	58744
57395	59705
188468	188541
155701	155738
155701	155781
155702	155885
155702	155742
109933	110034
90169	90614
90171	90609
90172	90607
188484	188528
107094	107989
188488	188547
90206	90602
90206	90581
90209	90576
90209	90600
90210	90588
90210	90599
90213	90599
155781	155988
188553	188765
188557	188857
188558	188705
188558	188836
188558	188658
188558	188719
188558	188848
188558	188721
188558	188722
188558	188659
188558	188661
188558	188853
188559	188705
188559	188836
188559	188658
188559	188719
188559	188721
188559	188722
188559	188659
188559	188661
188559	188853
188610	188728
188611	188727
188649	188856
155887	156246
188659	188837
188661	188845
57596	58228
57601	58230
57602	58227
24843	25451
24845	25453
24860	25424
24860	25505
137219	137360
188719	188840
57648	58416
57648	58327
188722	188864
188722	188860
188728	188826
58763	59180
90448	92152
90448	92722
113379	115063
155988	156494
188765	188829
188765	188909
123233	123873
123233	123838
24973	27249
24977	25233
69699	69956
188826	188906
188836	188897
188839	188875
188840	188889
188845	188900
188847	188883
188848	188901
188852	188891
188853	188903
188857	188898
188858	188876
188858	188911
188860	188887
188864	188904
188866	188899
188868	188905
25029	25442
90576	91137
90581	91132
90588	91114
90600	91438
90602	91413
90614	91145
127408	127563
25150	26458
25170	25387
25173	25389
25212	26828
50487	50670
107989	108094
124376	124992
124376	124989
25387	25597
25389	25599
124383	125011
156487	157011
156494	157063
124389	124681
124389	124671
124389	124679
25442	25608
125236	126059
129858	130032
124397	124831
25489	25817
124399	124817
124399	124833
25504	25811
25504	25813
58305	58475
58305	62105
118947	121015
97102	97788
91114	91455
91132	91442
25597	26812
25599	26820
91137	91433
15190	15728
15190	15604
25608	25815
15204	15233
15204	15237
58473	58763
58473	58749
58475	58763
58475	58748
58477	58771
58478	58761
58478	58750
25817	26250
25817	26171
109973	110641
170169	171019
170169	170999
91423	91816
91433	91813
91438	91812
91442	91841
157022	158010
157022	158204
157024	157980
157024	158789
157025	158850
58744	59696
58744	59575
157063	157278
124300	124417
124300	124408
124300	124696
124300	124697
124305	124837
58771	59782
124312	127680
124315	124704
124315	124705
124316	124701
124316	124703
124317	124706
124318	124664
124318	124670
124320	126947
124320	125845
124321	124834
124324	124821
124326	125268
124326	125253
124327	125236
124329	124944
124329	124955
124329	124956
124329	124942
124329	124943
124330	124945
124330	124946
124331	124637
124331	124542
124331	124653
124348	125268
124348	125253
124359	124659
124359	125015
124362	125013
124367	125244
124367	125250
124367	125236
124367	125102
124368	125110
124369	125113
124369	125266
124369	125243
124369	125103
124370	124987
124371	125157
124371	125231
124374	125154
124375	124990
124381	125265
124381	125158
124382	125016
124386	125009
124386	125020
124390	124681
124390	124676
124391	124654
124391	124543
124395	124819
124398	124816
124398	124830
124408	125211
124417	125035
184583	185603
184583	184880
26171	26249
26171	26239
157278	158009
157278	158007
124542	124718
124542	124734
26250	26373
125654	126165
125654	126510
31163	31245
124637	124718
124637	124734
124653	124734
124654	124736
124654	124732
124654	124734
124664	124964
124664	124965
124664	124766
124543	124736
124543	124732
124543	124718
124543	124734
124672	124723
124672	124966
124676	124736
124676	124732
124679	124728
124679	124736
124679	124732
124681	124736
124681	124732
124696	125209
124696	125222
124697	125215
124701	125209
124701	125222
124703	125048
124703	125046
124703	125222
124704	124909
124705	124909
124705	125086
124706	125048
59180	59779
59180	59580
124732	125005
124734	125006
124736	125002
26449	27248
26449	26808
26455	26816
26458	26813
127401	127561
127401	127470
39071	39365
109995	110989
124821	125130
124821	125133
124831	125420
124833	126169
124833	125420
124834	125145
124834	125139
124837	125146
124837	125141
124942	125233
124951	125645
124964	125049
124964	125206
124964	125079
124965	125049
124965	125077
124965	125079
124966	125080
124966	125075
124971	125317
108211	108266
124987	125258
124988	125240
124988	125323
124988	125182
124989	125327
124989	125183
124989	125263
124990	125237
125002	125275
125002	125373
125006	125282
125006	125371
125009	125335
125011	125320
125011	125315
125013	125338
125015	125337
125016	125328
125016	125310
125020	125347
125021	125312
125021	125316
125035	125217
125046	125361
119145	120353
119145	120356
125048	125362
135531	135874
110004	110632
15384	15552
125075	125409
125077	125408
125102	125257
125103	125245
125110	125251
26807	27532
125113	125256
26812	27542
26819	27538
26820	28146
26828	27538
26839	27520
26842	27537
125154	125241
125157	125255
125158	125261
125160	125269
108243	108505
141012	141051
9126	9198
125182	125254
125209	125805
125209	125806
125211	125809
125211	125810
125215	125808
125222	125814
125222	125807
108253	108281
125233	126063
59700	60292
125244	125680
125244	125684
125250	126085
125250	126071
125251	125709
125251	125701
125253	126069
125254	125448
125254	125771
125255	125720
125255	125769
125255	125690
125255	125724
125255	125766
125257	125728
125257	125735
125261	125722
125261	125763
125261	125718
125264	125455
125265	125656
125265	125764
125265	125662
125268	126062
125269	125768
125269	125769
125269	125690
184361	184415
125282	125835
93645	94427
108266	108794
125312	126113
59779	60169
125337	126098
27046	27250
27047	27251
111105	111382
111105	111238
112858	113146
119204	121015
119204	120223
125408	129557
125408	125839
125409	125838
125416	125653
125416	125637
125420	125654
125420	125639
158204	158798
158204	158799
125455	125794
173831	175049
108304	108536
27248	27529
27249	27523
27250	27534
27251	27524
119231	120269
130155	130325
184775	185683
184775	184891
31858	32418
125645	126197
125646	126195
125652	126506
125653	126501
125656	126067
125657	126057
125662	126075
125671	126068
125672	126053
125680	126054
125684	126080
125685	126056
60169	60600
125723	126084
125731	126083
125768	126109
106754	107097
106754	107149
125771	126112
125772	126117
124728	125076
110028	110651
125791	126115
125794	126107
125806	125982
93051	93441
93055	93440
93056	93632
93056	93578
93056	93627
93056	93621
93056	93639
93057	94687
93057	93636
93058	94687
93060	93624
93060	93570
93060	93638
93060	93631
93061	93281
93061	93284
93061	93991
93061	93361
93061	93298
93061	93364
93061	93374
93061	94657
93061	93278
93064	94687
93066	93636
93066	93638
93066	94687
93066	93630
93066	93631
93067	94687
93071	93445
93072	93281
93072	93991
93072	94663
93072	93298
93072	94657
93096	93700
93108	93233
93109	93235
93111	93233
93111	93407
93112	93235
93112	93406
93127	93400
119295	120244
122608	122714
119299	120345
119299	120343
15534	16076
15534	16070
130224	130657
184838	185700
119303	120336
119303	120337
93233	94256
93235	94256
158798	158861
81080	81196
81080	81180
93275	93715
93275	95983
93278	93993
93281	94662
126057	126210
126057	126434
126059	126432
119314	119626
126062	126200
126062	126457
126062	126212
126063	126201
126063	126213
93298	93675
126069	126202
126069	126444
126069	126214
126071	126216
126071	126204
126071	126423
126074	126459
126084	126435
126098	127128
126098	129486
126108	126578
126112	126541
126112	126566
126112	126549
126115	126541
126115	126549
126117	126561
126117	126466
126117	126548
126117	126447
93358	94689
93358	95983
93361	93679
158898	159066
158898	160215
93364	93673
93364	93666
93364	93645
158904	160215
158921	159024
158921	159057
158921	159030
158922	159024
158930	159016
158930	159029
158930	159023
126165	128700
93406	94256
93406	94138
93407	94256
93407	94138
93407	93739
126197	126382
126200	126451
126201	126458
46231	46458
46231	46455
93440	93553
93440	93579
93441	93541
93441	93558
93443	93569
93443	93524
93443	93534
159016	159096
159024	159088
159024	159092
159024	159084
159024	159086
159029	159090
159029	159091
159029	159093
159030	159090
159030	159091
159030	159093
159057	159091
159057	159093
93524	94065
93524	94071
159066	160217
93532	93736
93532	94065
93532	94071
93534	94065
93534	94071
159084	159236
93553	94065
159091	159587
159093	159225
93569	94065
93569	94071
93570	94080
93570	93811
93578	93806
93579	94065
93590	93870
126382	126504
93616	94018
93616	94015
93621	93806
93624	94080
93624	93811
93627	94505
93627	93894
93627	94351
93630	94506
93630	93827
93630	93895
93631	93813
93631	94358
93632	93808
93636	93902
93636	94503
93638	93813
126410	128323
60886	61745
60886	61205
126432	126562
93666	94690
93666	94686
93673	94672
93675	94676
126444	126582
93679	93952
28150	28260
28151	28262
28154	28322
28154	28300
28154	28272
28154	28436
28154	28277
28154	28287
28158	28378
28159	28554
28159	28558
28161	29940
93700	94011
93700	93876
28172	28436
28172	28322
28172	28300
28172	28277
28172	28287
28173	28322
28173	31843
28173	29001
28173	28300
28173	28738
28173	28436
28173	28750
28173	28287
28176	28993
28176	28738
28176	30148
28176	32069
28176	32070
28176	31824
28176	31838
28176	29919
28176	30122
28176	31858
28178	28681
28178	28686
28178	28370
28178	29236
28178	28351
28179	28294
28179	28993
28179	28811
28179	28430
28179	28440
28179	30148
28179	28613
28179	28324
28179	28326
28179	28199
28179	30122
28179	30087
28179	28336
28179	29919
28179	32069
28179	28609
28179	28612
28179	28997
28179	32070
28179	28617
28179	31822
28179	31824
28179	28244
28179	31865
28179	31832
28179	31838
28179	31839
28179	31853
28179	31470
28179	31858
28179	31861
28179	31863
28179	31867
28181	28611
28181	28616
28181	28604
28181	28618
28182	28391
28182	28681
28182	28203
28182	28238
28182	28208
28182	28370
28182	29236
28182	28686
28182	28376
28182	28351
28183	28209
28183	28239
28183	28217
28184	28224
28184	28393
28184	28604
28185	28225
28185	28393
28185	28604
126501	126936
28199	30087
28199	28811
28199	32069
28199	28576
28199	30122
28199	29919
28199	28609
28199	30148
28199	28997
28199	32070
28199	31822
28199	31824
28199	31832
28199	31838
28199	31839
28199	31853
28199	31470
28199	31858
28199	31861
28199	31863
28199	31865
28199	31867
28203	28376
28203	28370
28203	28389
28203	28391
126510	126933
126510	126950
28208	28389
28208	28391
28209	28393
28209	28362
28209	28372
28209	28390
28217	28393
28217	28372
28217	28390
28224	28604
28225	28604
28238	28389
28238	28391
28244	32069
28244	30087
28244	28811
28244	28997
28244	28576
28244	30122
28244	29919
28244	28609
28244	30148
28244	28613
28244	32070
28244	31822
28244	31824
28244	31832
28244	31838
28244	31839
28244	31853
28244	31470
28244	31858
28244	31861
28244	31863
28244	31865
28244	31867
126549	127408
126549	127889
126561	127553
126561	127183
126561	127184
28263	28457
93806	94359
28272	28401
126578	127185
126578	127187
93811	94353
126582	127634
126582	127188
126584	127635
81172	81345
152170	152917
93827	94457
28300	28428
28300	28439
15642	16064
28322	28738
28322	28750
28322	28742
28324	28576
28326	28763
28326	28582
126635	127219
93870	94630
28336	28576
28336	28997
93876	94656
93876	94637
93882	94650
93882	94679
28351	28542
93894	94429
93895	94428
93901	94432
93902	94436
28372	28562
28372	28547
28372	28567
28376	28565
28376	28551
28378	28556
28390	28567
28393	28665
28399	29512
28399	29225
28399	28718
28399	28720
28402	28718
28402	28720
28402	28757
28404	28745
28404	28746
28404	29012
93952	94600
56594	56939
28428	28756
28428	28751
28430	28760
28430	28762
61205	61784
28439	28744
28439	28624
28439	28754
28439	28619
94011	94613
94015	94632
94015	94609
94018	94632
159587	160301
159587	159807
94065	94231
94071	94233
86676	87331
86676	87326
94080	94170
94080	94223
94080	94230
94080	94175
28547	28685
28554	29477
28558	29489
28562	28683
28565	28684
28565	28773
28567	28768
28576	28761
28582	28759
94138	95614
94138	94727
28609	28816
28609	28808
28611	28831
28613	28814
28613	28823
28616	28830
28617	28835
28618	28832
28618	28837
94175	95999
126950	127214
28665	28771
28681	29269
28683	29267
28684	29264
28685	29272
28686	29234
94223	95992
94230	95996
119474	119999
28718	29041
28720	29190
159807	160289
28738	29003
119478	119698
28744	29031
28745	29210
28745	29198
28750	29004
28751	28970
28751	29034
28754	28943
28754	28972
28754	29031
28756	29034
28757	29211
28768	29497
28771	29263
52241	52492
119486	119706
103104	106599
28808	30081
28808	30087
28808	29920
28808	31822
28808	30065
28808	31832
28808	30080
28808	30067
28808	31861
28808	31863
28808	29880
28808	31867
28811	29888
28811	29890
28811	30087
28811	30093
28811	31822
28811	31470
28811	31863
28811	31832
28811	31867
28811	31861
28816	30080
28816	30065
94353	95475
168643	168876
168643	168879
168643	168882
168643	168883
168643	168884
168643	168886
94358	95253
28831	30080
28831	30065
28835	29146
183179	183386
106800	107297
106800	107287
168648	168880
168648	168878
168648	168870
127182	129537
94427	95990
127214	129519
127219	129500
94457	95995
81282	81417
81282	81666
28970	29177
28972	29178
113351	114973
113351	115775
61745	62046
28993	29124
28993	29062
6421	6585
6421	6589
28997	29062
29001	29128
29003	29126
29004	29182
61784	62044
29041	29212
94600	96001
94601	95917
94609	95918
94613	95906
94630	95932
94632	95921
127404	127560
94637	95900
127410	127481
127411	127484
127411	127566
94650	95919
86773	87513
86773	87527
94656	95916
94657	95912
94657	95899
94663	96696
125005	125821
125005	125279
94672	95993
94676	95993
29146	29246
94686	95442
94689	95106
94690	95997
127470	127904
127470	127902
126451	126583
127472	127912
127472	127923
127484	127902
29210	29520
29210	29518
160289	162032
29225	29535
160301	161225
160301	162042
29234	29279
29236	29490
29236	29495
29263	29767
29264	29998
29264	29782
29267	29781
29269	29484
29272	29776
62046	62808
56559	56800
56559	56593
56559	56944
127634	127744
127634	127859
118819	119474
118819	119627
118819	119623
126457	126584
121002	121185
179658	179779
126458	126634
179667	179779
119597	119659
119597	119708
185382	185625
29477	29692
29484	29771
29489	29938
29490	29779
29497	30001
29497	30492
29521	32470
130534	130673
130534	130866
127859	127972
127861	127969
95106	96000
187568	187889
119618	119700
119618	120295
182113	183033
182113	182267
121010	121537
119623	119950
119624	119682
119624	120079
130549	130867
127972	129172
127972	128694
127972	128895
97792	98135
97793	98128
130562	133897
130562	133902
130562	131518
95253	95358
160796	160955
81417	81938
121015	121395
121015	121191
29767	30398
29776	30397
29779	30394
29781	30399
29782	30786
29782	30396
29782	31165
119621	119681
119621	119947
125241	125771
95362	99905
95362	99922
48664	49583
6450	6669
29880	30100
29888	30150
29890	30083
95442	95520
95442	95494
29938	30392
29938	30372
125141	127678
125141	125423
125146	125652
125146	125423
28277	28404
128311	128993
128311	129037
30067	31479
119700	120293
95614	96212
30080	30329
30081	30330
62866	63147
30100	32282
161225	162021
118846	119299
118846	119271
118846	120264
118846	120285
118846	120360
62947	62968
62947	63188
62947	62965
62947	62967
62948	63184
62949	63185
62967	63296
62967	63308
62968	63297
125183	125264
168876	169140
179952	180457
179952	180453
179952	180462
179952	180465
168883	169456
168883	169458
95898	97792
95898	97132
95898	96655
95898	97111
95900	96658
95900	96710
95902	96680
95906	96706
30372	30568
63147	63195
95916	96633
95916	97109
95916	97105
95917	96675
95917	97147
95919	97772
95919	97133
95921	96660
95921	96708
128694	128869
30392	30568
95932	96709
63184	63306
63185	63381
121037	121401
63188	63307
63188	63294
50232	50481
50232	50386
50232	50457
50232	50490
50232	50487
95983	96676
121038	121445
95990	96181
95995	96182
95997	96681
96000	96677
187598	187970
187598	187822
125231	125761
125231	125671
125231	125770
125231	125772
125231	125685
125231	125727
30492	30837
63294	63642
63307	63642
128860	129260
128860	129247
125243	125672
125243	125657
125243	125731
125243	125723
128869	129238
125245	125730
125245	125717
125245	125701
125245	125709
128880	129230
128880	129167
128895	129257
128895	129166
96181	96695
96182	96688
128985	129562
128993	129560
124322	124836
30786	31162
30837	31163
186569	186623
124325	124944
124325	124942
124325	124943
129166	129435
129166	129246
129167	129424
129167	129259
129168	129436
129172	129429
63642	63929
63671	63730
63671	63951
129230	129396
129234	129467
129238	129504
129244	129408
129247	129411
162021	162079
6098	6492
129257	129431
129260	129460
98002	98255
162032	162089
162042	162098
125315	126116
162134	162214
162143	162216
162147	162232
96623	96796
8673	8681
8673	8682
8673	8678
8673	8679
96633	98145
162174	162462
129408	129495
162178	163287
129411	129474
96645	97146
96655	97805
129424	129480
96658	97140
96660	97149
129429	129475
129431	129455
6492	6815
129435	129510
129436	129508
96675	97793
96675	98583
96676	98624
96677	98593
162214	162679
96681	98849
96688	98241
96695	98241
96703	97129
96703	97118
96703	98119
96710	97089
96710	97119
129500	129558
129508	129545
129510	129559
129512	129544
162306	162466
162316	162475
162316	162479
162320	162674
129601	129671
129601	129780
129602	129780
129604	129780
71966	72465
129621	129755
129622	129755
122159	122517
129686	129889
129690	129882
129693	129890
162462	162873
129695	129892
162464	162869
162466	162653
162475	162652
162479	162672
162479	162652
162480	162870
162481	162670
129755	129866
98158	98585
129769	129934
129770	129935
129772	130224
129773	129939
31470	31845
129780	129858
129780	129861
31479	32285
31479	31831
98159	98629
98159	98862
129809	129985
129809	129982
129809	129977
129810	129986
129810	129906
129810	129981
129810	129983
129811	129984
129811	129900
129811	129943
130620	133155
97089	98159
97089	98127
97090	98141
119947	120410
119947	120078
97103	97800
97105	98136
97105	98123
97111	98130
97111	98154
162652	163056
97118	97791
97119	98164
129889	130619
129890	130628
129892	130040
97125	98158
129896	129932
97133	98167
162670	163285
162672	163056
162672	164063
162673	163052
162673	164063
97140	97809
162679	162930
97147	97807
97149	97806
129932	130284
129932	130283
129932	130260
129932	130270
129934	130546
129934	130531
129935	130240
129935	130250
129935	130247
129935	130311
129938	130281
129938	130282
129938	130301
129938	130262
129939	130273
129939	130251
129939	130278
129939	130302
129939	130245
129944	130270
129977	130057
129977	130155
129981	130060
129981	130334
129981	130270
129982	130446
129985	130389
129986	130570
130032	130368
130040	130228
130040	130237
121081	121543
130057	130329
130060	130323
64541	64607
130909	131332
130909	131335
125448	125791
162870	163048
31832	32428
31838	32423
31839	32423
31843	32425
31843	32622
98151	98614
162930	163344
162930	163342
31867	32413
98154	98602
126541	127410
126541	127405
98157	98592
120003	120298
120003	120378
71986	72778
130237	130620
130237	130910
130240	130539
130245	130530
169164	169884
169164	169910
122179	122608
130273	130543
124819	125416
124819	126168
163048	164069
119998	120785
119998	120367
163056	164061
163056	164062
81791	82629
130302	130567
130910	131331
130910	131334
130311	130573
130325	130423
100359	100914
130329	130445
130334	130569
130368	130823
32069	32284
32070	32283
130957	131584
130957	131582
130389	130562
126566	127182
126566	127567
163285	165259
163285	163662
163287	164066
130531	130846
130531	130678
130539	130676
130539	130863
97772	98124
97783	98125
97787	98678
97788	98150
97791	98168
97800	98169
130569	130946
130569	130856
130569	130957
130569	130873
130569	130874
130569	130943
130570	130834
130570	130988
130571	130873
130571	130946
130571	130874
130571	130943
163342	164012
97807	98002
97809	98157
32282	32443
32283	32430
32284	32440
32285	32438
130619	130909
130657	130793
130657	130772
87326	87433
87326	87593
87326	87590
87326	87591
32438	32609
130772	133861
130793	130907
130823	132751
120765	124288
120765	123233
120765	124268
120765	124298
185654	185709
98119	98605
98123	98610
98124	98581
98125	98597
98127	98862
98128	98673
98130	98602
98136	98610
98164	98572
98168	98571
98169	98567
130943	131829
130943	131822
130946	131820
130946	131834
130988	131832
130988	131823
130933	131825
130933	131815
98255	98373
124388	124662
