parent	child
0	155662
0	162481
0	139308
0	57395
0	163922
0	163924
0	163925
0	163931
0	163932
0	163933
0	163935
0	163936
0	163937
0	163938
0	163939
0	163940
0	163943
0	163944
0	163945
0	163946
0	163947
0	19134
0	158400
0	61462
0	163975
0	132461
0	49297
0	42350
0	42353
0	188
0	190
0	191
0	192
0	193
0	195
0	196
0	219
0	228
0	27345
0	158418
0	90350
0	90351
0	90352
0	42366
0	90358
0	90359
0	90360
0	90363
0	90364
0	90369
0	90373
0	90375
0	90376
0	90377
0	90378
0	90379
0	90380
0	90388
0	90389
0	90390
0	90393
0	90402
0	42374
0	90409
0	90410
0	42375
0	310
0	42378
0	132492
0	90447
0	164178
0	74098
0	90488
0	74107
0	74109
0	74110
0	147842
0	147844
0	147846
0	147850
0	147854
0	74127
0	74128
0	74129
0	147864
0	147871
0	131498
0	147916
0	147942
0	147944
0	147945
0	147948
0	507
0	79274
0	512
0	147970
0	147974
0	147986
0	147987
0	68356
0	147995
0	161201
0	148010
0	148011
0	577
0	580
0	164422
0	164423
0	164429
0	164430
0	164432
0	164433
0	164436
0	164437
0	164440
0	164441
0	164443
0	90720
0	90722
0	90723
0	90725
0	57960
0	164483
0	164484
0	164488
0	27415
0	164492
0	164493
0	164500
0	164501
0	164502
0	164503
0	164505
0	164506
0	161221
0	79302
0	107175
0	107177
0	107180
0	107188
0	107189
0	107194
0	107195
0	107196
0	107198
0	107211
0	21965
0	107217
0	107220
0	125733
0	107233
0	107236
0	107237
0	107243
0	125736
0	125737
0	107257
0	107258
0	107259
0	21973
0	82689
0	125740
0	107289
0	107291
0	125744
0	107300
0	107303
0	811
0	30173
0	107312
0	164677
0	164683
0	107346
0	854
0	30180
0	150331
0	67046
0	27452
0	107370
0	67048
0	884
0	912
0	140177
0	132592
0	67057
0	132594
0	140215
0	37026
0	140243
0	107476
0	107477
0	140247
0	107480
0	107481
0	156644
0	107493
0	140262
0	140263
0	140264
0	140265
0	140266
0	140268
0	107503
0	140272
0	37037
0	79363
0	164890
0	1054
0	164913
0	82997
0	95753
0	79371
0	164932
0	164936
0	79372
0	164945
0	164946
0	164947
0	164950
0	79377
0	37054
0	137793
0	67093
0	132630
0	164998
0	165004
0	42520
0	165011
0	165013
0	157209
0	165025
0	27506
0	165039
0	165048
0	26143
0	25789
0	54816
0	25795
0	25802
0	25807
0	165072
0	156883
0	165076
0	165082
0	156891
0	165087
0	165091
0	27516
0	165101
0	27517
0	23425
0	156940
0	156942
0	156943
0	156951
0	156952
0	156959
0	156960
0	156963
0	93062
0	165159
0	16138
0	165163
0	165184
0	165185
0	165189
0	165191
0	165192
0	157009
0	157010
0	132459
0	42348
0	42349
0	42352
0	42357
0	42358
0	42360
0	42362
0	42363
0	42364
0	42365
0	42367
0	42368
0	42369
0	42371
0	42372
0	42373
0	42376
0	42380
0	42383
0	42387
0	132504
0	132505
0	132506
0	132507
0	132508
0	132510
0	132514
0	132530
0	150435
0	132578
0	132579
0	132580
0	132581
0	132582
0	132583
0	132584
0	67052
0	67053
0	67054
0	67055
0	67056
0	132593
0	67058
0	67059
0	67060
0	132597
0	67065
0	48042
0	67091
0	67092
0	67094
0	26135
0	67096
0	42521
0	67098
0	132635
0	132637
0	42527
0	67117
0	67120
0	67129
0	67139
0	67140
0	67142
0	67143
0	67144
0	67147
0	26211
0	1653
0	1654
0	1655
0	1657
0	1661
0	1662
0	1663
0	1664
0	1665
0	1668
0	1692
0	132769
0	132772
0	1704
0	284
0	150475
0	90405
0	23506
0	90411
0	117902
0	10006
0	10007
0	10008
0	132946
0	67412
0	67414
0	132951
0	132953
0	132956
0	132959
0	48074
0	108442
0	92091
0	92103
0	59354
0	42981
0	157353
0	133137
0	27347
0	19476
0	26747
0	26748
0	26814
0	26839
0	95963
0	133414
0	43312
0	152292
0	74759
0	19043
0	19047
0	19060
0	19061
0	19070
0	19071
0	158337
0	19078
0	19080
0	19087
0	19101
0	19113
0	19115
0	19128
0	19130
0	27327
0	19136
0	158416
0	158417
0	27346
0	27348
0	27352
0	158428
0	158429
0	158430
0	158431
0	158433
0	158434
0	158459
0	158461
0	43775
0	68352
0	27399
0	158472
0	27402
0	27404
0	27405
0	158478
0	42921
0	125715
0	27412
0	27413
0	125719
0	125720
0	125724
0	125726
0	125728
0	19239
0	125738
0	125739
0	125741
0	125742
0	125743
0	27440
0	125745
0	125748
0	19256
0	150329
0	150330
0	19259
0	150332
0	150333
0	150335
0	27456
0	19272
0	150354
0	27476
0	84847
0	84860
0	84861
0	84864
0	84865
0	84867
0	84868
0	84869
0	84870
0	84871
0	84872
0	84873
0	84874
0	84875
0	84882
0	84883
0	84884
0	84889
0	84892
0	84893
0	84894
0	84895
0	84896
0	84897
0	84898
0	84899
0	84900
0	84901
0	84902
0	84903
0	84904
0	93099
0	52142
0	84913
0	84917
0	84918
0	84927
0	84928
0	84930
0	150474
0	84940
0	150477
0	150478
0	150479
0	506
0	31909
0	117732
0	31911
0	7338
0	31915
0	3082
0	3084
0	3086
0	3088
0	3089
0	3090
0	3091
0	3092
0	7342
0	7343
0	117788
0	117790
0	117791
0	117792
0	117793
0	117797
0	31921
0	31923
0	31924
0	27713
0	27714
0	27715
0	101447
0	150600
0	45580
0	27729
0	117842
0	27731
0	27733
0	160774
0	117851
0	101566
0	117897
0	117900
0	117901
0	60558
0	60559
0	60578
0	60579
0	60580
0	60590
0	60591
0	60592
0	60593
0	60594
0	60596
0	60597
0	60601
0	60605
0	60606
0	60610
0	60613
0	60621
0	93396
0	60630
0	101601
0	19698
0	118004
0	101625
0	101626
0	101627
0	101628
0	101629
0	101630
0	101631
0	101632
0	101634
0	101635
0	101636
0	101637
0	101638
0	101639
0	101640
0	101641
0	101642
0	101643
0	101644
0	101645
0	101647
0	101649
0	101650
0	101651
0	101652
0	101653
0	101654
0	101655
0	101656
0	101658
0	101662
0	101663
0	101664
0	101665
0	109864
0	118170
0	118182
0	118188
0	118189
0	142809
0	142814
0	142815
0	142824
0	142833
0	142834
0	142838
0	142839
0	134399
0	101633
0	142599
0	151087
0	163083
0	101646
0	142943
0	85601
0	85604
0	118428
0	118430
0	143021
0	143030
0	110274
0	61126
0	61127
0	61129
0	15519
0	44750
0	44751
0	61146
0	61177
0	28413
0	77575
0	57988
0	126780
0	61303
0	61305
0	53169
0	159691
0	159695
0	159704
0	159705
0	23486
0	152348
0	159723
0	135162
0	107181
0	61456
0	159762
0	159766
0	159767
0	159768
0	107183
0	159772
0	159773
0	159774
0	159776
0	159777
0	159778
0	159780
0	159784
0	159792
0	159796
0	20533
0	159808
0	61531
0	61536
0	135291
0	37000
0	37001
0	37002
0	62146
0	62147
0	37020
0	37021
0	135327
0	135328
0	135329
0	135331
0	37030
0	135339
0	135340
0	135341
0	135344
0	135345
0	135346
0	135349
0	135350
0	135351
0	135354
0	135358
0	135360
0	37064
0	37067
0	37068
0	159951
0	48504
0	159954
0	62163
0	61694
0	27416
0	12669
0	12670
0	12673
0	12674
0	12675
0	12676
0	12687
0	12691
0	20885
0	20886
0	20899
0	20902
0	753
0	12733
0	13049
0	94681
0	763
0	104530
0	27431
0	122281
0	4617
0	4618
0	4619
0	4620
0	4621
0	4622
0	45588
0	45828
0	12841
0	78387
0	12871
0	12879
0	62103
0	152346
0	152347
0	62118
0	164636
0	12974
0	12975
0	53953
0	53954
0	53955
0	53958
0	62155
0	62159
0	62161
0	62162
0	152275
0	62165
0	62167
0	152283
0	152290
0	53987
0	53988
0	54003
0	152313
0	54017
0	54018
0	54019
0	54020
0	54021
0	160518
0	54030
0	54032
0	152349
0	152350
0	152353
0	152355
0	152356
0	152368
0	152369
0	152370
0	37707
0	13152
0	13153
0	13157
0	13163
0	13183
0	13185
0	13188
0	13189
0	13193
0	13199
0	144296
0	73546
0	13251
0	73547
0	54221
0	54230
0	73548
0	160762
0	160765
0	54272
0	73549
0	160775
0	142855
0	161979
0	73249
0	24099
0	46305
0	46307
0	160998
0	160999
0	161000
0	161001
0	161003
0	161008
0	161038
0	161054
0	161055
0	161056
0	62764
0	62766
0	62775
0	161095
0	161098
0	161099
0	161100
0	161106
0	161107
0	161108
0	152988
0	152991
0	152992
0	62884
0	152997
0	79275
0	79280
0	79281
0	79282
0	79284
0	161206
0	161207
0	161209
0	161210
0	161213
0	79296
0	79297
0	79299
0	161220
0	79301
0	161222
0	161223
0	79304
0	79305
0	79306
0	161227
0	161229
0	79310
0	30159
0	79312
0	79314
0	21972
0	79317
0	79319
0	79321
0	79322
0	79323
0	79324
0	79325
0	79326
0	79327
0	79328
0	30178
0	79332
0	79333
0	79334
0	95724
0	79344
0	79345
0	79346
0	79347
0	79348
0	79357
0	79358
0	79364
0	95749
0	95752
0	79369
0	95754
0	95755
0	79373
0	95760
0	95761
0	95762
0	95763
0	95764
0	95765
0	95766
0	95767
0	95768
0	95769
0	95770
0	95771
0	95772
0	95773
0	95774
0	95775
0	95776
0	95778
0	95779
0	54820
0	95781
0	95782
0	95783
0	95784
0	95785
0	95786
0	95791
0	95794
0	735
0	95837
0	79298
0	90210
0	22164
0	22165
0	22169
0	79300
0	153263
0	96759
0	15993
0	153893
0	95972
0	153894
0	95980
0	153896
0	140244
0	140245
0	96003
0	96004
0	140246
0	79303
0	73345
0	153903
0	140251
0	104242
0	104243
0	79672
0	79675
0	79676
0	79688
0	55139
0	55141
0	79723
0	22845
0	87922
0	161654
0	79307
0	140267
0	22408
0	22414
0	79308
0	79782
0	55227
0	55229
0	55230
0	145403
0	145404
0	145405
0	153941
0	145418
0	145420
0	145422
0	145423
0	145425
0	145426
0	145427
0	129057
0	129058
0	129060
0	129061
0	129067
0	129069
0	129090
0	129091
0	79946
0	129108
0	79961
0	129140
0	88204
0	88210
0	88211
0	88216
0	88218
0	80039
0	80040
0	80042
0	161986
0	96504
0	153880
0	153886
0	153892
0	22822
0	22824
0	22826
0	22827
0	22828
0	22829
0	22830
0	22832
0	22835
0	22836
0	22837
0	153911
0	22840
0	129341
0	22846
0	22847
0	22859
0	22862
0	22867
0	22871
0	153961
0	153964
0	153965
0	153968
0	153980
0	153981
0	22959
0	22960
0	63954
0	145875
0	63956
0	47573
0	162279
0	162285
0	162286
0	162288
0	162290
0	113141
0	113142
0	113143
0	113144
0	113145
0	113147
0	113148
0	113149
0	113151
0	113152
0	113153
0	113154
0	113155
0	113156
0	113157
0	113158
0	113159
0	113160
0	113161
0	113162
0	113163
0	113164
0	113165
0	113166
0	113167
0	113168
0	113169
0	113172
0	113173
0	113174
0	137768
0	137770
0	137773
0	137789
0	162368
0	162369
0	23107
0	23108
0	23113
0	162380
0	162382
0	162385
0	162386
0	80474
0	80478
0	23145
0	23149
0	23158
0	23159
0	80504
0	23161
0	162431
0	162432
0	162433
0	162435
0	137862
0	23185
0	23190
0	137883
0	137885
0	163611
0	23208
0	137902
0	23215
0	162480
0	113329
0	23223
0	23224
0	129789
0	23338
0	164999
0	73522
0	162607
0	162632
0	165005
0	73528
0	129887
0	129888
0	165009
0	23413
0	23416
0	23418
0	73536
0	23427
0	23428
0	23429
0	165015
0	48014
0	48015
0	48027
0	48030
0	48038
0	48041
0	73543
0	48044
0	48045
0	73544
0	73545
0	48059
0	48062
0	48063
0	48067
0	48068
0	48070
0	48071
0	23497
0	23498
0	48075
0	48077
0	48081
0	48082
0	48086
0	48091
0	162299
0	162300
0	162304
0	162306
0	162307
0	162856
0	23594
0	162311
0	162313
0	154365
0	31880
0	31881
0	31882
0	31884
0	31885
0	31886
0	31887
0	31888
0	31889
0	31892
0	31893
0	31899
0	31900
0	31903
0	31905
0	31907
0	31908
0	156870
0	31910
0	31912
0	31913
0	7339
0	31916
0	31917
0	31918
0	31919
0	31920
0	31922
0	7347
0	31925
0	7365
0	7366
0	7368
0	7369
0	7370
0	7373
0	7374
0	7375
0	31986
0	23809
0	163104
0	163107
0	163109
0	113961
0	163117
0	163123
0	163138
0	163168
0	163169
0	163179
0	163180
0	48506
0	163207
0	7344
0	162371
0	122278
0	122279
0	122280
0	7345
0	122282
0	122284
0	122285
0	122287
0	122288
0	122289
0	122290
0	122291
0	122292
0	122293
0	122294
0	122295
0	122296
0	122297
0	122298
0	125734
0	163297
0	163298
0	163306
0	15860
0	15862
0	15864
0	15867
0	15868
0	15869
0	15870
0	15871
0	15872
0	15880
0	73241
0	73242
0	73248
0	24097
0	73250
0	73251
0	73265
0	73274
0	73275
0	73276
0	73277
0	73282
0	73283
0	24142
0	15979
0	73333
0	73334
0	73336
0	73337
0	73339
0	73340
0	15997
0	15999
0	16001
0	16004
0	73349
0	73351
0	80493
0	16018
0	156953
0	79368
0	73401
0	73462
0	73471
0	73472
0	73482
0	163608
0	73499
0	73501
0	155435
0	155436
0	155451
0	155454
0	155455
0	155462
0	155463
0	155468
0	155469
0	16297
0	16300
0	16301
0	16302
0	16326
0	16327
0	155610
0	27305
163842	163890
98312	98618
49154	49644
98318	99785
131088	131634
131088	132450
98325	98616
98325	98563
98328	99785
131097	131643
131097	131638
131100	131457
131101	132450
163876	163906
163846	163894
43702	47322
22824	23192
22824	22926
163924	164009
163924	164466
163924	164469
163924	164455
163925	164009
163925	164466
163925	164469
163925	164455
163931	164459
163931	164431
163931	164466
163931	164339
163931	164469
163931	164455
163932	164459
163932	164431
163932	164466
163932	164339
163932	164469
163932	164455
163933	163969
163935	164459
163935	164431
163935	164339
163856	163907
163938	163972
163938	163973
163939	163969
163939	163991
163940	164000
163940	164001
163940	163972
63286	63399
163944	163988
163945	164000
163945	164001
163945	163989
163945	163992
163945	163994
163945	163996
163945	163997
163945	163999
163946	164000
163946	163995
163947	164139
113481	116033
163969	164111
163972	164124
163973	164126
163991	164110
32921	34669
163866	163897
164000	164125
32938	33288
32938	33089
32940	33289
188	250
188	251
190	203
190	211
190	215
192	217
192	204
192	199
193	205
196	255
199	241
199	245
203	243
203	237
204	241
205	240
211	239
215	242
215	236
217	245
217	246
228	284
228	253
228	277
158417	158593
158417	158595
158417	158597
237	268
239	264
242	263
243	268
243	263
246	262
251	270
253	275
253	317
270	287
275	320
275	321
98583	98724
284	370
164125	164287
98593	98744
98593	98767
164130	164387
125659	125712
164139	164385
98609	98775
98618	98770
317	361
317	350
320	360
320	376
320	364
320	375
321	360
321	376
321	364
321	358
42565	42805
350	404
350	397
358	408
358	401
358	414
360	410
360	415
361	403
364	389
375	513
375	603
375	1118
375	455
376	512
87445	88630
389	512
389	507
389	485
389	493
389	559
389	501
389	505
389	506
401	1054
401	559
403	504
408	1054
408	559
410	507
410	485
410	493
410	559
410	501
410	505
410	506
414	1054
414	559
415	559
98732	101381
98732	101367
98744	98982
98744	98991
455	603
98766	99107
98770	99789
98779	101578
98779	101579
98779	99789
98779	101564
98784	99073
98784	99076
485	544
485	548
485	549
485	686
485	532
485	536
485	542
493	544
493	549
493	542
501	560
505	548
505	549
505	686
505	532
505	536
505	542
506	548
506	549
506	526
506	532
506	686
506	536
507	532
507	548
507	686
507	526
526	699
526	687
532	698
536	594
536	629
92932	93051
544	609
164387	164391
548	632
548	599
549	596
549	631
558	617
560	758
560	742
560	620
560	751
560	752
560	630
560	634
131634	132447
131638	132449
131638	132435
131643	132448
131643	132435
577	760
580	760
594	713
603	1115
603	1117
620	704
629	712
630	710
631	715
632	714
158484	158724
634	710
164484	164910
164492	164606
164501	164607
98982	99820
98982	99127
687	771
695	1020
695	1015
697	1024
697	1209
698	1015
699	771
699	773
704	962
704	1021
710	962
710	1021
713	1017
735	855
742	962
742	903
742	904
742	972
742	877
753	846
760	847
763	848
164626	164891
99091	99830
99107	99810
99123	99298
99128	99817
164683	164928
848	924
854	923
854	927
855	911
877	1312
877	1009
877	1014
877	987
877	1370
64406	64449
64406	65125
904	1009
904	987
904	1053
911	948
912	947
912	942
927	948
942	1112
942	1035
163997	164128
962	1022
972	1018
972	1309
972	1310
987	1647
1015	1208
1015	1073
1015	1164
1018	1096
1020	1170
1024	1218
96499	96672
164891	164896
164910	164971
125789	126057
164928	164960
164929	164961
164945	164981
164946	164982
164947	164983
1109	1175
164950	164987
1112	1132
1132	1179
164998	165029
164998	165181
164999	165044
165005	165016
165009	165171
165009	165175
165011	165179
165013	165024
165013	165022
165022	165155
165022	165158
165024	165160
165024	165164
165029	165177
38229	38930
38229	38715
165044	165132
1208	1225
165066	165148
165072	165193
165076	165183
165087	165194
165102	165203
158593	159209
165132	165187
165132	165174
158596	159208
165148	165169
165148	165182
165155	165197
165162	165168
165163	165201
165164	165229
165169	165217
165171	165210
165174	165223
165175	165213
165177	165216
165179	165218
165181	165222
165183	165209
165184	165225
165185	165212
165189	165215
165191	165226
165192	165228
165193	165220
165194	165221
165197	165227
132492	132643
132506	132538
132506	132539
132510	132639
132514	132633
132519	132856
132519	132984
132522	132688
132522	132856
132524	132778
132530	133284
132538	132873
99788	99875
99789	99963
99800	99970
67046	68362
67053	68357
67054	68354
67055	67569
67055	67564
67056	67561
67056	67555
132593	132739
67059	67560
67059	67803
67059	67804
67059	67567
67091	67616
67091	67614
132630	132759
132633	132762
132633	132774
132637	132743
132639	132763
132643	132764
132643	132775
67140	67806
164111	164130
99941	100277
1654	1673
1654	1679
1661	1680
1661	1675
1663	1683
1663	1670
1665	1686
132739	132972
132743	132941
99978	100075
1675	1710
99981	100082
99981	100092
1686	1702
132759	132940
132762	132965
132763	132939
132775	132960
132775	132955
132775	132950
164126	164289
98591	98734
44311	44792
44311	44786
100075	101567
100082	100315
100084	101465
100084	100310
100084	100407
49160	49645
100087	101602
132856	132989
100089	101466
100089	100317
100092	101461
132873	133160
132939	133331
132939	133221
132940	133216
132940	133212
132941	133217
132941	133219
67412	68915
67412	68919
132958	133218
132958	133394
132972	133219
125546	125696
67558	68064
67558	68049
67560	68069
67560	68054
67569	68077
67569	68062
67569	68991
133129	133395
133129	133396
133140	133411
133140	133526
133160	133285
76811	78119
133217	133325
133219	133800
34948	35405
34948	35399
34949	35409
34949	35402
34950	35403
34950	35411
34954	35400
34954	35404
122281	124079
133325	133760
133331	133762
133336	133569
133336	133754
67802	68060
67802	68126
67803	68056
67803	68123
67804	68124
67805	68059
67805	68125
67806	68122
133394	133754
150331	150377
150331	150374
133411	134199
133411	133527
133414	133601
133527	133600
133569	133776
16450	17068
73340	73883
73340	73877
68056	68963
68059	69579
68059	72653
68063	68644
68069	68637
68077	68645
98729	99815
98729	99303
98733	98969
98733	99301
68123	68963
68124	68963
122293	122361
122293	122380
122293	122350
98738	99290
35399	35466
35400	35450
35402	35469
35402	35510
35403	35458
35403	35500
35404	35460
35405	35462
35409	35468
35409	35509
98749	99091
98749	99084
133754	133844
133754	133854
133760	133808
133762	133856
122296	122373
98753	99071
35468	35903
35469	35906
35470	35909
44145	44887
133800	133942
35497	35908
98759	99088
35500	35894
133808	134011
35509	35903
35510	35906
35511	35909
133844	134001
133844	134100
133844	134005
133844	134102
133854	134025
133854	134001
133854	134482
133854	134100
133854	134005
133854	134102
133854	133976
133854	134009
133854	133979
133856	134010
81928	82094
68352	68992
68352	68993
133942	134045
133976	134093
133979	134483
49638	49718
134009	134481
134010	134486
134025	134198
49645	49719
134093	134496
504	558
504	543
134100	134468
134102	134478
512	526
513	603
3088	3106
3089	3104
3089	3107
3091	3102
68637	68969
3102	3138
3102	3111
3104	3736
3104	3112
3104	3118
3104	3380
3104	3637
3104	3135
3104	3550
3104	3681
3104	3172
3104	3174
3104	3179
3104	3368
3104	3574
3104	3577
3104	3709
3107	3140
68645	68985
68645	68996
3118	3139
3118	3131
134198	135097
101447	101608
101461	101573
101463	101591
101465	101576
101466	101582
3168	3221
3168	3205
3168	3213
3172	3218
3172	3207
3172	3222
3172	3215
3174	3217
3174	3214
3176	3210
3179	3198
115220	115562
3198	3299
3198	3364
3198	3368
3198	3380
3198	3574
3198	3577
3198	3300
3198	3294
3207	3577
3207	3364
3207	3368
3207	3380
3207	3574
3210	3295
3214	3299
3214	3364
3214	3368
3214	3380
3214	3574
3214	3577
3214	3300
3214	3294
3215	3577
3215	3364
3215	3368
3215	3380
3215	3574
3217	3364
3217	3368
3217	3380
3217	3574
3217	3577
3218	3577
3218	3364
3218	3368
3218	3380
3218	3574
3222	3577
3222	3364
3222	3368
3222	3380
3222	3574
49692	50434
49692	49710
115230	115530
115230	115366
101567	101594
101576	101604
3295	3355
3299	3354
101626	104241
134399	135274
101632	101824
101632	101903
101632	107088
101632	101911
101632	101812
101632	101817
101632	107132
101632	101821
101634	107088
101634	107132
101640	101751
101641	101753
101641	101731
101643	101793
101643	101954
101643	101799
101643	101849
101643	101787
101643	101949
101647	105537
101652	101714
101652	101711
3354	3571
101663	101673
101663	101674
101663	101748
101664	101901
3364	3586
68915	69544
3380	3575
134468	134824
134468	135091
134478	134821
134478	135109
134481	134608
134481	134611
134481	134819
134481	135086
134482	135092
134482	135043
134482	135036
134483	134609
134483	135030
134496	135083
134496	134822
68978	69120
68978	69390
68978	69111
68985	69224
68985	69121
68985	69380
68988	69378
68988	69119
68988	69132
68988	69223
68992	69379
68992	69320
68993	69379
68996	69306
68996	69246
164422	164454
101812	102184
101817	102237
101824	102167
134611	134825
164430	164460
3550	3682
164432	164464
3574	3674
3575	3673
69121	69491
69121	69516
69121	69575
599	695
164440	164476
109830	110252
109836	110258
109836	110220
3673	3749
3674	3750
3681	3753
3682	3735
55229	57386
3709	3771
69246	69566
109846	110218
3736	3775
3775	3968
3775	3878
69320	69488
69320	69562
69379	69503
69380	69497
69380	69531
164483	164914
102167	103082
3878	4043
3878	3965
164890	164957
98332	98618
102237	103040
102237	103050
102237	103087
102240	103048
102240	103036
135030	135200
69503	70536
69503	70137
3968	3994
135043	135203
69516	70254
3994	4040
69531	70257
69544	71031
135083	135277
69548	71034
135086	135287
135091	135280
69562	70238
69566	70240
135109	135318
135162	135298
98991	99130
24142	25545
135203	135284
135277	135307
135280	135309
135284	135324
63973	65995
135287	135317
37000	37072
37002	38031
37021	37886
135327	135606
135340	135482
135345	135737
135345	135490
135346	135741
135354	135406
135354	135421
135354	135409
135354	135412
135354	135413
135354	135417
135354	135517
135354	135519
135358	135406
135358	135409
135358	135412
135358	135413
135358	135417
135358	135421
135360	135415
135360	135419
135409	135593
135412	135563
135413	135594
135417	135559
135419	135584
135419	135578
135419	135572
135421	135584
135421	135559
135490	135747
38974	39442
135559	135816
135559	135812
135559	135925
135563	135811
135572	135733
63438	64128
164606	164626
4617	4630
4617	4632
4617	4633
4617	4651
4617	4652
4617	4655
4617	4657
4617	4658
4617	4659
4617	4683
4617	4684
4617	7121
4617	5202
4617	5204
4617	7125
4617	4952
4617	4956
4617	6750
4617	4962
4617	4963
4617	4964
4618	4633
4618	4651
4618	4652
4618	4655
4618	4657
4618	4658
4618	4659
4618	4683
4618	4684
4618	7121
4618	5202
4618	5204
4618	7125
4618	4952
4618	4956
4618	6750
4618	4962
4618	4963
4618	4964
4621	4638
4622	4968
4633	4649
4633	4654
4638	4653
4651	4737
4651	4745
4653	4700
4653	4718
4653	4726
4654	4737
4654	4745
4655	4720
4655	4745
4655	4725
4657	4737
4657	4725
4657	4745
4658	4759
4658	4739
4658	4772
4658	4741
4659	4769
4659	4771
4659	4772
4659	4741
4659	4777
4659	4778
4659	4759
4659	4783
4659	4766
135737	136001
135737	136017
135741	135999
135747	136017
4700	4784
4700	4773
4700	4767
70238	70360
4718	4774
4720	4779
70257	70544
70257	70410
4725	4780
4726	4775
103036	103216
103040	103332
103040	103303
4737	4824
4737	4825
4737	4984
4737	5041
4739	4984
4739	5041
135812	136190
4741	5930
4741	5133
135816	136190
4745	5930
4745	5133
103050	103303
4759	5130
4759	5131
4759	5133
4759	5137
4759	5144
4759	5030
4759	5930
4759	4922
4759	5568
4759	5202
4759	5204
4759	4838
4759	4843
4759	4848
4759	4853
4759	4857
4759	4858
113312	113695
4766	4922
4766	5202
4766	7125
4766	4952
4766	4963
4766	5204
4769	5130
4769	5131
4769	5133
4769	5137
4769	5144
4769	5030
4769	5930
4769	4922
4769	5568
4769	5202
4769	5204
4769	4952
4769	4838
4769	4843
4769	4848
4769	4853
4769	4857
4769	4858
4771	4952
4771	5202
4771	5204
4771	4922
4772	5130
4772	5131
4772	5133
4772	5137
4772	5144
4772	5030
4772	5930
4772	4922
4772	5568
4772	5202
4772	5204
4772	4838
4772	4843
4772	4848
4772	4853
4772	4857
4772	4858
4774	4856
4775	4856
4777	5202
4777	4963
4777	7125
4777	4952
4777	5204
4777	4922
4778	4922
4778	5202
4778	5204
4778	7125
4778	4952
4778	4963
4779	5130
4779	5133
4779	5202
4779	5204
4779	4952
4779	4922
4779	4848
4779	4838
4779	5030
4779	5930
4779	4843
4779	4853
4779	4857
4779	4858
4780	5130
4780	5133
4780	5202
4780	5204
4780	4922
4780	4848
4780	4838
4780	5030
4780	5930
4780	4843
4780	4853
4780	4857
4780	4858
4783	4922
4783	5202
4783	5204
4783	7125
4783	4952
4783	4963
4824	4984
4824	5041
4825	4984
4825	5041
4825	5786
4838	5130
4838	5030
135914	136322
4843	5130
4843	4890
4843	4893
4843	5030
4848	5130
4848	4890
4848	4893
4848	5030
4853	4908
63447	64151
115497	116004
4856	4891
4856	4911
4857	5130
4857	4890
4857	4893
4857	5030
4858	4890
4858	5130
4858	5030
70409	70691
70410	71033
103216	104041
135999	136175
136017	136103
4952	5202
4956	5176
4962	5165
4963	5354
4963	5196
4963	5365
4964	5364
4984	5927
103303	103580
103303	103548
70536	70912
70536	70927
164677	164929
5041	5928
88231	88946
37885	38228
37885	38229
136190	136333
5130	6168
5131	5706
5133	5224
5137	5568
5137	5705
5141	5568
5141	5705
5144	5568
5144	5705
5165	5455
5176	5366
5182	5568
5182	5830
5182	5836
5182	6637
5182	5586
5182	5589
5182	5721
5182	5690
5190	5774
5196	5350
5202	5353
5204	5352
136320	136401
136322	136366
136366	136550
136401	136561
68919	69548
5350	5482
5353	5479
5354	5482
5364	5481
5364	5485
5366	5457
70912	73107
60971	61355
70926	73213
70927	73107
70927	73220
125660	125709
5455	5528
5455	5525
5455	5527
5457	5533
38230	38715
5479	5531
5481	5536
5481	5535
5482	5529
5485	5533
136561	136991
125663	125691
5525	5725
5533	5728
5535	5729
5568	5692
5586	5694
5589	6260
5589	6447
5692	5870
5694	5874
5705	6192
5705	5870
5706	6193
5706	5873
125670	125699
5725	6064
104040	104220
104041	104221
5786	5929
5786	5931
5836	6263
38228	38930
38228	38715
38228	38718
5874	6194
22828	23201
22828	23211
22828	23218
22828	23222
22828	23196
22828	23199
99289	99955
99290	99788
99290	100093
5927	6196
5928	6040
5928	6195
5929	6106
5929	6050
5931	6106
104241	104536
104241	104538
104243	104545
104243	104525
22836	23425
22836	23218
22836	23428
22836	23418
22836	23222
38715	38920
38718	38924
99301	99781
99301	99966
99301	100090
22847	23337
6050	6356
6050	6207
6064	7103
158416	158595
6106	6356
42780	42909
42780	42911
158418	158596
38924	38952
38924	39441
38924	38974
38952	39626
6195	6363
104536	105307
104536	104677
104538	105069
104538	105277
104538	105533
104545	107144
61127	62734
61129	62761
61129	62763
164913	164976
164914	164977
113695	113977
113695	113914
164932	164965
44792	45024
6637	6660
39461	39634
39462	39633
137789	137884
137793	137888
6750	7047
137883	138280
137883	138021
137883	138030
137884	138027
137888	138022
137902	138161
39626	39732
39632	39904
39633	39900
39634	39899
39634	39903
138021	138305
138021	138284
138022	138388
138022	138286
138027	138304
138030	138305
165004	165072
165004	165066
165016	165162
165016	165206
138161	138810
138161	138814
39899	40009
39899	40007
39900	40009
39904	40012
150814	150932
138280	138387
138280	138390
138286	138386
138286	138389
138304	138391
40009	40747
40012	40625
40012	40383
61345	62012
39441	39632
39441	39461
39441	39462
44903	45128
138386	139113
138386	139114
138387	138481
138389	138479
138391	139314
138391	139997
7343	7362
7343	7367
7344	7363
7362	7394
7362	7454
7363	7394
7363	7454
7366	7410
7367	7394
7367	7454
7368	7410
7368	7406
7369	7407
7370	7400
7370	7399
7370	7407
7372	7410
7373	7394
7373	7410
7373	7454
7374	7407
7375	7407
105682	107142
7394	7452
7399	7441
7399	7445
7399	7437
7399	7449
7400	7440
7400	7444
7406	7447
7410	7446
27506	30170
27506	30175
7431	7553
7431	8202
7431	7564
7431	7701
7431	7526
7431	7527
7431	7528
7431	7529
7431	7530
7431	7531
7431	7788
7431	7789
7431	7797
7431	7802
7431	7551
7438	7553
7438	8202
7438	7564
7438	7701
7438	7526
7438	7527
7438	7528
7438	7529
7438	7530
7438	7531
7438	7788
7438	7789
7438	7797
7438	7802
7438	7551
7440	7553
7440	8202
7440	7564
7440	7701
7440	7526
7440	7527
7440	7528
7440	7529
7440	7530
7440	7531
7440	7788
7440	7789
7440	7797
7440	7802
7440	7551
7446	7553
7446	7526
7446	7527
7446	7528
7446	7529
7446	7530
7446	7531
7446	7701
7446	7789
7446	7564
7446	7551
7447	7553
7447	7526
7447	7527
7447	7528
7447	7529
7447	7530
7447	7531
7447	7701
7447	7789
7447	7564
7447	7551
7452	7498
7452	7494
7454	7498
50396	50465
27527	28430
7494	7643
7498	8404
27528	28425
27528	27735
7526	7553
7526	7564
7526	7789
7526	7701
7526	7551
7527	7553
7527	7560
7527	7563
7527	7564
7527	7789
7527	7701
7527	7551
7528	7560
7528	7563
7528	7789
7528	7701
7529	7586
7530	7560
7530	7563
7530	7789
7530	7701
7531	7553
7531	7560
7531	7564
7531	7789
7531	7701
7531	7551
7553	7699
7553	7660
7564	7658
7564	7698
88642	89460
7586	8330
7586	8202
7586	7803
7586	7679
165015	165102
62463	62881
7658	7791
7660	7805
7679	8202
62450	62863
50434	50511
7698	7804
7699	7801
73241	73751
73242	73753
73251	73403
73251	73398
73265	73402
73276	73902
73277	74769
73277	73902
73277	74759
73282	75468
73283	74734
73314	73755
73314	73731
7788	8328
7791	8320
73333	73886
73334	74104
73334	73894
73334	74094
73336	74105
73336	73891
73336	74092
7802	8202
7802	8330
73339	73874
73339	73879
7805	8322
73349	74108
73349	74589
73351	74588
73351	74103
31903	32008
31903	31994
31903	32125
31903	32119
105069	105306
73398	73621
73399	73621
73402	73621
73403	74864
73403	74000
73403	73621
50468	50748
50469	50747
19904	20035
73462	73943
73471	73631
73472	73941
73482	73955
73499	74722
73499	73646
73499	74686
73501	74692
73501	73653
73528	73702
73528	73648
73528	73713
73528	76062
73528	73694
73528	73631
31909	32921
31909	32924
31909	35124
31909	35130
31909	32608
31909	34663
73543	73924
73546	73921
73546	73876
73547	73956
73548	73956
139113	140211
139113	140229
139114	140211
139114	139973
139114	140229
125748	126092
125748	125789
116033	116065
116033	116266
73621	73998
98473	98765
98473	98735
73631	76065
73631	76069
73646	76056
73646	76061
73648	76060
73648	76079
62465	62858
73694	74730
73702	74738
73702	74733
73702	76079
73713	74732
73731	74727
8202	8326
73753	74740
73755	74740
23218	23423
139314	140180
94226	94648
94226	94641
94226	94348
8320	8451
8320	8501
8322	8450
8322	8679
8328	8504
8328	8502
8330	8500
8330	8694
132461	132524
94232	94917
94232	94349
94232	94638
94232	94652
73883	74090
73886	74091
73891	74089
73891	74101
73891	74078
73894	74096
73894	74073
73902	74774
8404	8559
73941	78009
73941	77267
73943	78001
73943	77379
73955	76816
73955	77062
73956	74888
74000	74863
28719	29130
28719	29124
28720	29304
28721	29305
8501	8688
8502	8687
74073	74402
74073	74427
74078	74436
74078	74407
74089	74403
74089	74429
74090	74405
74091	74423
74091	74399
74092	79139
8559	8683
74096	74853
74098	74756
74101	74476
74103	79139
74104	74860
74104	74862
74105	74859
74105	74852
74107	74701
74109	74758
74110	74762
74127	74760
116123	116439
122348	122913
122348	122504
122348	122455
122348	123193
122348	123194
122348	122462
8683	9028
116149	116272
61539	61896
74399	74823
74402	74846
74402	74830
74403	74840
74403	74825
74405	74822
74407	74848
107194	107364
107196	107423
107220	107463
139997	140186
107236	107429
107237	107357
74476	74851
107291	108340
107300	108352
107303	108350
49401	49692
9028	9039
107346	108142
74588	74792
74589	74793
107364	108713
99817	99941
99817	100277
31945	32137
31945	32938
31945	33083
140177	140212
132592	132970
132592	132971
107429	108512
67057	67802
67057	67558
67058	67805
67058	67806
74686	76068
74692	77572
107463	108505
107463	108507
107463	108476
74699	75212
74701	75214
74702	75464
140243	140280
140243	140278
140244	140298
140244	140277
140245	140298
140246	140299
140251	140456
140251	140569
140262	140465
140263	140466
140263	140471
140265	140372
140272	140457
140272	140466
140272	140450
140272	140471
74740	76094
140277	140384
140277	141729
140277	141731
140277	141737
140277	141229
140277	140375
140277	140380
140278	140375
74749	75209
74753	75216
74756	75219
74760	75205
140298	140384
140298	141729
140298	141731
140298	141737
140298	141229
140298	140380
74767	75350
74769	75352
74774	75351
105307	105536
105307	105511
74792	75217
74819	74905
140372	140472
140375	140665
140375	140676
74840	74960
74840	74975
140380	140676
74851	75221
74851	75126
74851	75333
74888	74904
74888	74922
74888	74919
74888	74911
140450	141069
140457	141065
140466	141089
140466	141060
140466	140870
140471	140577
99875	100089
23429	23595
140577	141053
7701	7806
123615	124053
50744	51103
75090	75452
50747	51104
107882	108400
42349	44087
42352	42505
42353	42747
42357	42937
42357	42942
75126	75514
75126	75419
75126	75526
42363	42434
42363	42436
42364	42440
42364	42434
42364	42436
42365	42436
42366	42436
42367	42436
42368	42436
42369	42981
42376	42538
42376	44750
42376	42578
42376	42579
42378	42538
42378	44750
42378	42578
42378	42579
42380	44750
42380	42578
42380	42538
42380	42579
42387	42579
42434	42780
75205	75435
75205	75470
42440	42788
75212	75429
75217	75513
75217	75418
75218	75513
75218	75418
75222	75479
75223	75434
75223	75516
141079	141256
42510	43024
42510	42758
42510	42735
42520	42744
42521	42748
28694	28987
42527	42743
42529	42758
28695	28800
42554	43024
42554	43035
42554	42765
42554	42735
75332	75475
75333	75414
140870	141067
42568	42724
75350	75484
108133	109224
99943	100654
75414	75888
75414	76624
75414	76626
75414	76152
75424	76154
75424	77307
75429	77721
75434	76422
75434	75918
75435	76622
75452	76286
75456	76292
75464	76274
99959	100091
75468	76287
75472	76442
75472	76278
75475	76271
163298	163740
75484	77072
99963	100084
75493	76261
42743	45627
42743	43012
42744	43016
42744	43018
75513	76290
75514	76272
75516	76422
141053	141094
141060	141132
75526	75888
75526	76624
75528	75865
75528	77307
141065	141079
141065	141260
141069	141084
141069	141259
141069	141236
10006	10024
10006	10078
10007	10024
10007	10078
10008	10048
10008	10051
10008	10024
10008	10035
10008	10037
10008	10039
10008	10078
141084	141257
141089	141249
141089	141330
141089	141254
42788	42910
141094	141327
10024	10077
10035	10065
10035	10069
108340	110233
108340	109884
10037	10067
10037	10070
10037	10063
10039	10066
10039	10059
10039	10071
39903	40748
10048	11040
10048	10517
10048	10428
10051	10138
10051	10139
10051	10284
10059	11040
10059	10149
10059	10517
10059	10428
10063	11040
10063	10149
10063	10517
10063	10428
10066	11040
10066	10149
10066	10517
10066	10428
10070	11040
10070	10149
10070	10517
10070	10428
10071	11040
10071	10149
10071	10517
10071	10428
10077	10122
10077	10139
10077	10284
10077	10138
10078	10122
10078	10139
10078	10284
10078	10138
10138	10284
10139	10284
42909	43282
42911	43702
108470	109656
29002	31377
29002	29356
141249	141351
141254	141866
141254	141863
141256	141858
141257	141872
141259	141348
141260	141352
108497	109518
108497	109846
108512	109126
132774	132952
132774	132958
43011	43096
43012	43099
43014	43097
43015	43102
43016	43100
43017	43098
43018	43101
43018	44085
43024	44558
141330	141522
141348	141868
141348	141862
141352	141867
10284	11197
10284	11199
43096	43651
75865	76584
75865	77301
43098	43660
43098	43661
43099	43665
43101	43664
43101	43659
75918	76164
108706	109012
28716	28960
28716	29304
10428	10517
141522	141857
28718	28957
43281	43425
43282	43682
76056	76808
76056	76843
61828	62465
61828	62460
61828	61989
76060	76245
76060	76919
76061	76811
76061	76246
76062	76914
76062	76251
76065	76248
76065	77039
76068	77994
76068	76254
76069	78017
76069	78116
76094	76709
12687	12803
12687	12844
12687	12845
12687	12846
61456	65901
76159	77718
105537	105682
150930	151416
150930	151398
141729	142737
141731	141895
141737	142726
141737	142757
76245	76918
76251	76913
100091	100323
76272	76618
76274	76439
76286	77075
76287	76447
76290	76427
76292	76951
61462	64665
141857	142027
141862	142802
141862	142790
141863	142028
141867	142808
141868	142772
141868	142790
109126	109818
43651	44140
76422	76621
76427	76623
43660	44100
43661	44145
43661	44102
43665	44146
76442	76634
76442	77723
109224	110739
142027	142203
76537	77560
76537	76708
76584	77305
76584	76635
76618	77715
76622	77314
76623	79143
76626	76955
111075	111282
11199	11676
109518	109805
109518	109855
76808	77055
76816	77060
76816	78015
76843	77063
7347	7372
44098	44554
44098	44197
44100	44206
45580	46176
45580	46174
109656	109800
132965	133336
132965	133218
108400	109836
108400	109518
108400	109846
96749	97593
96749	97578
96749	97627
34663	35121
44143	44887
76913	77013
76914	77023
76918	77017
76919	77036
45588	46181
45588	46175
76951	79144
12832	12871
12832	12873
12832	12879
12832	13049
12832	13183
12833	12873
12833	13049
12833	13183
12833	12871
74709	75472
109800	111075
109800	111404
109800	111664
109800	110100
109800	111263
109805	110286
109805	110295
42937	43311
77062	77380
142599	142725
109884	110222
109885	110237
109885	110239
129864	130132
98590	98733
7407	7438
7407	7431
11676	11837
142809	143276
142814	143276
142815	142992
142815	143276
142815	144095
77301	79145
77301	77452
142839	143074
77305	77453
77307	77452
77307	79142
142855	143070
44554	44828
44558	44908
110222	111096
110222	111130
142992	144096
110237	111117
48287	48519
48287	51484
48287	50850
48287	50856
48287	50823
110239	110861
110252	111089
110286	111090
110295	110512
44786	44903
44801	45065
44801	45029
44828	44909
44828	45063
67555	68047
67555	68332
67555	68063
44906	45129
44908	45128
44909	45169
44909	45627
108427	109833
108427	109830
77715	79141
77718	79140
77721	79137
77723	78454
143276	144098
143276	143391
111263	111664
111263	111404
111263	111391
122287	122321
122287	122323
122287	124079
45024	45195
45029	45136
45063	45127
45063	45167
45065	45138
45128	46471
45128	45628
45128	45927
45129	46471
45136	45443
45136	45941
45138	45443
45138	45941
45138	45630
45143	45941
45143	47925
45167	46317
45169	46053
77994	78071
78001	78129
78009	78118
124253	124379
49402	49709
49402	49694
78071	78224
110861	111115
78116	78385
78116	78232
78118	78369
78118	78365
78119	78230
78129	78369
78129	78365
122626	122794
64131	64423
12670	12731
12673	12708
12673	15177
12673	12717
12673	12722
12674	12713
12674	12722
12674	12708
12674	12717
12675	12716
12675	12710
12675	12719
12676	12720
12676	12704
12676	12714
78224	79239
12691	12804
12691	12806
12691	12847
78230	79259
78232	79252
12704	13185
12704	13193
12704	12812
12704	13199
12704	13251
12704	12820
12704	12824
12704	12828
12704	12832
12704	12833
12704	12834
12704	12839
12704	12843
12704	12844
12704	12845
12704	12863
12704	12865
12704	12867
12704	12875
12704	12878
12704	12879
12704	13154
12704	13155
12704	13158
12704	13162
12704	13049
12704	13183
12710	13185
12710	13193
12710	13199
12710	13251
12710	12820
12710	12824
12710	12828
12710	12832
12710	12833
12710	12834
12710	12839
12710	12843
12710	12863
12710	12865
12710	12867
12710	12875
12710	12878
12710	12879
12710	13154
12710	13155
12710	13158
12710	13162
12710	13049
12710	13183
12714	13185
12714	13193
12714	12812
12714	13199
12714	13251
12714	12820
12714	12824
12714	12828
12714	12832
12714	12833
12714	12834
12714	12839
12714	12843
12714	12863
12714	12865
12714	12867
12714	12875
12714	12878
12714	12879
12714	13154
12714	13155
12714	13158
12714	13162
12714	13049
12714	13183
12719	13185
12719	13193
12719	13199
12719	13251
12719	12820
12719	12824
12719	12828
12719	12832
12719	12833
12719	12834
12719	12839
12719	12843
12719	12863
12719	12865
12719	12867
12719	12875
12719	12878
12719	12879
12719	13154
12719	13155
12719	13158
12719	13162
12719	13049
12719	13183
12720	13185
12720	13193
12720	12812
12720	13199
12720	13251
12720	12820
12720	12824
12720	12828
12720	12832
12720	12833
12720	12834
12720	12839
12720	12843
12720	12844
12720	12845
12720	12863
12720	12865
12720	12867
12720	12875
12720	12878
12720	12879
12720	13154
12720	13155
12720	13158
12720	13162
12720	13049
12720	13183
12731	12847
12731	12804
12731	12806
12731	12791
12733	12847
12733	12804
12733	12806
12733	12791
13048	13200
12791	13925
12791	13054
12804	13002
12804	13054
12806	13002
12806	13054
12812	13154
12812	13155
12812	13003
111117	111369
111117	111346
12820	12865
12820	12867
12820	13158
12820	13162
12820	12875
12820	12878
12820	12879
12820	13049
12820	13183
12820	12863
12824	12865
12824	12867
12824	12871
12824	12873
12824	13162
12824	12875
12824	12878
12824	12879
12824	13049
12824	13183
12824	12863
12828	12903
12828	12873
12828	12871
12828	13049
12828	13183
12834	12865
12834	12867
12834	12871
12834	13162
12834	12875
12834	12878
12834	12879
12834	13049
12834	13183
12834	12863
12839	12865
12839	13154
12839	13155
12839	13158
12839	13162
12839	12875
12839	12878
12839	12863
12841	13152
12841	13153
12841	13188
12841	13157
12841	13163
12841	13189
12843	12865
12843	13154
12843	13003
12843	13158
12843	13162
12843	12875
12843	12878
12843	13155
12843	12863
12844	13154
12844	13155
12844	13003
12845	13154
12845	13155
12845	13158
12845	13003
12847	13002
12847	13054
12863	13187
12863	13181
12867	13048
12867	12988
12875	12985
12875	13045
12878	13181
122297	122473
122297	122561
12903	13192
12903	13195
12903	13693
78454	79138
111282	111392
111282	111406
129057	130084
12985	13184
132459	132522
132459	132519
12988	13203
13002	14132
13003	13932
144095	145348
144096	145348
144096	144807
144098	145348
122323	122825
122323	122515
122323	122844
122323	122553
13045	13202
13054	14135
45828	47924
111392	111659
111392	111758
111404	113121
111406	111676
111406	112949
49406	49709
13157	13308
45927	46332
45927	46629
13163	13307
13184	13840
13185	13828
13188	13313
13188	13307
13189	13314
13189	13308
13192	13824
13192	13693
13193	13824
13193	13693
13195	13824
13195	13693
13199	13824
13199	13693
13203	13823
122355	122913
122355	122530
122355	122905
122355	123194
122355	122908
122355	123193
122356	122496
122356	122504
122356	122493
122356	122462
122356	122455
122357	122913
122357	122905
122357	123194
122357	122908
122357	123193
13251	13693
74721	75224
122294	122387
122294	122356
122294	122365
122362	122496
122362	122465
122362	122504
122362	122507
122362	122511
122362	122487
122362	122493
25539	25711
13313	14057
13314	13929
122373	122496
122373	122504
122373	122507
122373	122511
122373	122472
122373	122483
122373	122487
122373	122493
46174	46297
46174	46251
46175	46299
46175	46253
46176	46257
46176	46301
46181	46273
46181	46311
46251	46730
46257	46737
73248	73314
73250	73404
73250	73399
46297	46730
46299	46745
46301	46737
46305	46734
46307	47270
46311	46735
79138	79254
79141	79267
79143	79253
164124	164288
73274	74721
73274	74731
73274	74699
73274	74702
73274	74735
73274	74709
73275	74721
73275	74753
73275	74699
73275	74702
73275	74767
73275	74709
73275	74749
64832	65427
79274	79689
79274	79630
79274	79567
79274	79632
79274	79571
79275	79568
79275	79553
79275	79539
79275	79543
79280	79939
79280	79715
79280	79949
79281	79739
79281	79694
79281	79702
79282	80353
79282	79947
99820	99943
99820	100654
79284	79960
79284	80570
79299	79465
79300	79465
79301	79465
79307	79762
79307	79757
79312	82689
79312	82997
79321	79772
79333	79779
79334	79777
79358	79780
13824	14297
13824	14055
13831	14055
79371	79738
79371	79783
79372	79744
79372	79737
79372	79741
79372	79734
13840	13980
13840	14063
13925	14139
13925	14134
79465	79835
122473	122626
122473	122620
46730	47273
46734	47275
46735	47274
46735	47205
46737	47124
46745	47126
113944	114415
7797	8202
7797	8330
79567	83975
79571	83975
7803	8330
7803	8202
14059	14295
14063	14294
79630	83975
79632	83975
14132	14360
14134	14362
14135	14360
79672	80467
122507	122705
122507	122715
79688	80481
74727	76537
74727	76535
79715	79922
79715	79941
79723	80505
79734	79787
79737	79789
79772	82897
79772	83627
79772	83004
79777	82464
79777	82697
79779	82464
79783	80604
79787	80574
79789	80576
14298	14456
29691	29715
145423	145888
145423	146064
145423	145587
145423	145884
145423	145589
145425	145576
145425	145520
145425	145523
145425	145541
145426	146064
145426	145587
145426	145589
145427	145537
145427	145575
29702	29721
79922	80224
79922	80206
79941	80568
79946	80499
79949	80569
79949	80563
79961	80492
73404	73621
145520	146057
145520	146058
145523	146057
29721	30038
97593	97897
97593	97872
97593	97908
80039	80444
145587	146117
145589	146115
145589	146068
97594	97851
112883	113124
163323	163521
163323	163833
163323	163903
112949	113066
99781	99959
80206	80544
80206	80557
53955	54272
53955	54816
53955	54288
51609	51721
145875	146581
145884	146081
145884	146076
145888	146082
145888	146078
80353	80513
113141	113425
113141	113426
113141	113428
113141	113429
113141	113432
113141	113436
113144	113536
113144	114957
113144	113690
113144	115372
113144	113454
113144	113577
113144	113843
113144	113462
113144	113469
113144	113983
113144	113888
113144	113474
113144	116036
113144	113477
113144	113862
113144	113479
113144	113480
113144	113481
113144	113482
113144	113877
113144	113878
113144	113496
113144	113882
113144	113885
113144	113886
113144	113889
113144	113895
113144	113516
113144	113520
113144	113905
113144	113652
113144	113654
113144	115063
113144	115064
113145	113330
113145	113437
113145	113438
113147	113209
113147	113998
113147	113750
113147	113961
113148	117732
113148	113961
113151	113966
113151	113967
113151	113957
113152	113312
113152	113953
113152	113954
113152	113285
113152	113708
113152	113290
113152	113932
113152	113712
113152	113937
113152	113300
113152	113303
113152	113949
113153	113312
113153	113953
113153	113954
113153	113316
113153	113285
113153	113708
113153	113290
113153	113932
113153	113712
113153	113937
113153	113938
113153	113300
113153	113941
113153	113303
113153	113949
113154	113536
113154	113682
113154	113683
113154	113944
113154	113690
113154	113691
113154	113648
113154	113699
113154	113701
113154	113703
113154	113577
113154	115372
113154	113454
113154	113935
113154	113907
113154	113462
113154	113652
113154	113897
113154	113469
113154	113983
113154	113474
113154	116036
113154	113477
113154	113862
113154	113479
113154	113480
113154	113481
113154	113482
113154	113877
113154	113878
113154	113496
113154	113882
113154	113885
113154	113886
113154	113888
113154	113889
113154	113890
113154	113891
113154	113895
113154	113641
113154	113899
113154	113516
113154	113520
113154	113905
113154	113909
113154	113654
113154	113271
113155	113935
113155	113682
113155	113683
113155	113944
113155	113691
113155	113699
113155	113701
113155	113703
113155	113907
113155	113897
113155	113983
113155	113496
113155	113890
113155	113891
113155	113641
113155	113899
113155	113648
113155	113909
113155	113271
113156	113935
113156	113682
113156	113683
113156	113944
113156	113691
113156	113699
113156	113701
113156	113703
113156	113454
113156	113907
113156	113462
113156	113897
113156	113983
113156	113474
113156	116036
113156	113477
113156	113479
113156	113480
113156	113481
113156	113496
113156	113890
113156	113891
113156	113641
113156	113899
113156	113648
113156	113909
113156	113271
113157	113312
113157	113953
113157	113954
113157	113316
113157	113285
113157	113708
113157	113290
113157	113932
113157	113712
113157	113937
113157	113938
113157	113300
113157	113941
113157	113303
113157	113949
113158	113312
113158	113953
113158	113954
113158	113285
113158	113708
113158	113290
113158	113932
113158	113712
113158	113937
113158	113300
113158	113303
113158	113949
113159	113312
113159	113953
113159	113954
113159	116036
113159	113477
113159	113479
113159	113480
113159	113708
113159	113932
113159	113474
113159	113454
113159	113712
113159	113937
113159	113300
113159	113481
113159	113462
113159	113303
113160	113312
113160	113314
113160	113285
113160	113958
113160	113319
113160	113963
113160	113708
113160	113965
113160	113712
113160	113300
113161	113312
113161	113712
113161	113300
113161	113285
113161	113708
113163	113966
113165	117732
113165	113961
113166	113750
113166	113998
113168	113536
113168	114957
113168	113690
113168	113691
113168	113699
113168	113701
113168	113703
113168	115372
113168	113454
113168	113577
113168	113843
113168	113462
113168	113652
113168	113469
113168	113983
113168	113888
113168	113474
113168	116036
113168	113477
113168	113862
113168	113479
113168	113480
113168	113481
113168	113482
113168	113271
113168	113877
113168	113878
113168	113496
113168	113882
113168	113885
113168	113886
113168	113889
113168	113890
113168	113895
113168	113897
113168	113899
113168	113516
113168	113520
113168	113905
113168	113907
113168	113654
113168	115063
113168	115064
113169	114957
113169	113691
113169	113699
113169	113701
113169	113703
113169	113454
113169	113907
113169	113462
113169	113983
113169	113474
113169	116036
113169	113477
113169	113479
113169	113480
113169	113481
113169	113271
113169	113496
113169	113890
113169	113897
113169	113899
113169	115063
113169	115064
35411	35470
35411	35511
113173	113538
113173	113750
113173	113749
113173	113998
113174	113186
113186	113544
113209	113974
80444	81144
80456	80914
80467	81131
80474	80920
80478	80955
80481	81169
80492	80906
80493	80907
80495	80912
113271	113602
80504	81029
146057	146152
146057	146145
146058	146153
146064	146116
146064	146102
146068	146156
146068	146159
113303	113901
146076	146285
146077	146216
146077	146180
146077	146221
146078	146179
146079	146217
146079	146222
146079	146319
146080	146288
146080	146108
146080	146311
146081	146105
146081	146212
146082	146218
146082	146223
113316	113933
113316	113934
113319	113968
80570	80917
80574	80657
146115	146395
146115	146309
146115	146398
146115	146941
146116	146310
146117	146400
80604	80624
80604	80633
80604	80620
146145	146369
146145	146373
146145	146385
146145	146391
146145	146489
146145	146501
146152	146369
146152	146373
146152	146378
146152	146385
146152	146388
146152	146391
146152	146489
146152	146501
146153	146376
146153	146394
146159	146941
146179	146320
146180	146318
113426	113757
113432	113757
113436	113763
113437	113766
113438	113765
146212	146314
146217	146312
146218	146317
146222	146308
113462	114587
113469	113841
113469	113986
68064	68647
113479	116040
113480	116033
113480	114963
15177	15333
113496	113779
113496	113980
67065	68358
113516	113842
113516	113987
146297	146430
146302	146424
113536	113845
113538	113769
146309	146933
146310	146940
146311	146426
146312	146429
146314	146425
146317	146436
146318	146433
146319	146435
48030	48320
113577	113989
48044	48337
48059	48272
48059	48289
48059	48526
48059	48287
48063	48272
48063	48526
48063	48287
113602	113788
48067	48272
48068	48289
48068	48280
48068	48283
48068	48287
48071	48280
48071	48287
146378	146829
48077	48272
48077	48526
146385	146571
48082	48272
48082	48526
48086	48272
146391	146568
146395	146938
146398	146574
146424	146945
146425	146936
146425	146924
146426	146937
146426	146930
146429	146745
146429	146783
146430	146942
146435	146745
80906	81145
80907	81135
46253	46745
80912	81116
80912	81150
113683	113936
113683	113990
80917	81136
113690	113981
113699	113928
113699	113988
113708	113979
113708	113916
146489	146903
113732	113991
146501	146916
113765	114265
113788	114597
81029	81159
46273	46735
146568	146834
146571	146832
146574	146943
99809	99981
48289	48523
48289	48519
48289	48476
48289	50850
48289	48483
48289	50856
48289	51484
48289	50823
48289	48497
113842	114595
113862	114696
48337	48482
48337	48475
23432	23552
23432	23555
113877	114690
113877	114686
113878	115035
113890	115016
113890	115015
81131	81933
81136	81936
113911	114677
113911	114694
81144	81928
113924	114148
113932	114081
113934	114148
113935	114416
113935	115036
113935	114082
113935	114828
81169	81947
113949	114458
113949	114148
113949	114174
113954	114145
113954	114458
113954	114165
113954	114150
113954	114173
113958	114179
113963	114132
113963	114123
113963	114180
113966	114105
113966	114285
113967	114123
113967	114180
113974	115733
113976	114677
113976	114694
146745	146914
113983	115065
113986	115375
113987	114595
99815	99940
113993	114051
113996	114505
113996	114540
48475	48784
48475	48786
48475	48788
48476	48784
48476	48786
146783	146923
99785	99978
48483	48801
48483	48794
48483	48796
48497	48801
48497	48580
48497	49405
48504	50630
48506	49037
48519	48581
48523	49154
48523	48582
48526	50131
114081	114902
114105	114364
48580	49152
48580	49698
48580	49402
48580	49403
48580	49404
48580	49406
48582	49160
48582	49146
48582	49156
146903	147874
122788	123144
114142	114621
146916	147267
146916	147883
114154	114632
114154	114631
146930	147921
146930	147930
114167	114457
114167	114908
15864	15968
15864	15970
15864	16003
15864	15982
15864	15984
15864	15989
146938	147087
15867	15982
15867	15984
15867	15989
15869	15982
15869	15984
15869	15989
146943	147088
146945	147940
146945	147935
15880	15970
114696	114856
63391	65130
63391	64036
114265	114528
114265	114526
15979	16326
15979	16327
15979	16302
15979	16301
15993	16326
15993	16327
15993	16300
15993	16302
15993	16018
15993	16297
15993	16301
15997	16326
15997	16327
15997	16300
15997	16302
15997	16018
15997	16297
15997	16301
15999	16326
15999	16327
15999	16302
15999	16301
16001	16326
16001	16327
16001	16300
16001	16301
16001	16302
147089	147258
16018	16325
98735	99128
98735	99123
48794	49401
48794	49698
48794	49402
48794	49406
48796	49698
48796	49403
48796	49404
48796	49402
48796	49406
62747	64134
74731	76289
114363	114545
114363	114538
114364	114546
114364	114539
161056	161618
114415	114658
114416	114824
114457	114627
114457	114915
114460	114916
114468	114818
74735	75269
62734	64138
114526	114844
114528	114844
114528	114845
114538	114965
114539	114976
114540	115278
114540	115734
114541	115276
49037	50669
35458	35894
114587	114954
114595	115364
114596	114960
114596	115062
16301	16443
16302	16444
114627	114920
114627	114911
114628	114919
16326	16449
16326	16443
16327	16450
16327	16444
114632	114920
114632	114897
35496	36353
114676	115053
114677	115011
114690	115052
49156	49696
49156	49645
81933	82096
81936	82079
16449	17200
147522	147742
147527	147758
147530	147768
147537	147775
114818	115008
114818	115047
114824	115042
114824	114997
114828	115048
114828	115009
49297	53162
82079	82271
82094	83350
82094	82287
114897	114990
114898	115002
114901	115986
114901	115226
114901	116271
114901	116275
114901	116280
114901	116284
114901	116286
114901	116809
114901	116810
114901	116811
114901	115045
114902	115010
114902	115050
114904	115006
114908	115000
114911	115060
114915	115004
114919	115056
114932	115076
114932	115079
49404	49638
57388	58197
57388	58206
114954	116037
114957	116041
114957	116038
114960	116035
114960	116063
114963	116037
114965	117601
114965	117602
147742	147859
114976	115913
147758	147861
147760	147870
114997	115230
147768	147878
115006	116811
115006	115242
115006	115980
115006	116270
115006	115220
115006	116281
115006	116810
147775	147857
115008	115228
115009	115224
115010	115231
115011	115361
115011	115497
115015	115336
115015	115374
115019	115480
115019	115357
115023	115373
82271	83353
115053	115502
115056	115983
115058	117606
115058	115983
115058	117598
115062	115317
115063	116038
115064	115329
115064	115325
115065	115324
115065	115332
147844	147910
147846	147891
115079	115258
115080	115260
147850	147894
147854	147899
147857	147938
147859	147936
147861	147934
147864	147902
147871	147915
147874	147919
147878	147933
62877	63216
62877	63286
62880	63152
62880	63269
147942	148012
147944	148144
147944	148138
147945	148252
147948	148138
147970	148207
115224	115360
115224	115378
115226	116811
115226	116809
115226	116284
147995	148946
49694	49712
49694	50437
49694	49750
115231	115538
115231	115387
82464	82698
82464	83621
148012	148148
49710	50436
49712	50438
49718	50403
49719	50396
115258	115576
115258	115718
115276	115440
90212	90342
60578	60749
115317	116052
115317	115991
115325	116010
115325	115828
115325	116247
54032	54201
54032	54204
54032	54199
115329	115474
115329	116034
115332	116031
115336	115475
115360	115498
115364	116057
148138	148945
148138	148251
17068	17203
148144	148948
115378	115540
161229	161468
161229	161438
123001	123161
123001	123199
30159	30623
125720	125852
125720	125749
148207	148454
82689	82981
82697	82889
115475	115995
115480	115996
148251	148351
148252	148346
8326	8500
115502	115774
30175	30633
115540	116131
115540	116118
115576	116553
115576	115722
73876	74819
73876	74903
148346	148610
82889	83008
50131	50534
60591	60752
13823	14298
13823	13981
122786	123426
122786	125550
115733	116562
115733	116565
115734	117608
13828	14059
13828	14062
62775	63208
79368	79529
79368	79631
83004	83202
83004	83619
115774	116030
117601	117744
117602	117746
79373	79744
79373	79783
79373	79734
79373	79737
79373	79738
79373	79741
117608	117763
115828	116032
150377	150454
148610	148950
60596	60840
60596	60836
60596	60845
115850	116039
150381	150464
19321	19558
35906	36262
50403	50465
63016	63487
63016	63422
63016	63391
50436	50510
50437	50476
50437	50466
50437	50468
50437	50469
50437	50478
50438	50450
50438	50508
50438	50466
50438	50509
115980	116146
115983	116149
115985	116101
115986	116103
117635	117733
115996	116123
115996	116135
116004	116077
50476	50744
116031	116263
116034	116264
116034	116217
116036	116185
116037	116060
116038	116262
116038	116223
116040	116218
116040	116266
116041	116265
116041	116230
116052	116242
116052	116254
116057	116373
116060	116260
116063	116261
116065	116259
116077	116915
19348	19493
116101	116288
116103	116287
83350	83542
83353	83552
116135	116921
116135	116349
116135	116439
116146	116285
49695	49718
148946	149672
148946	150285
84899	85128
84899	85134
84899	85199
84899	85202
84899	85204
84899	85207
84899	90210
84899	85110
148948	150274
148948	149572
49696	49719
596	697
86318	87008
86318	87457
86318	87283
86318	86748
116247	116364
116261	116927
116262	116360
116263	116372
116264	116375
116265	116368
116266	116367
116272	116469
116272	117721
116272	116538
116284	117764
116287	117715
114171	114625
114171	114628
114171	114629
13929	14137
13929	14058
116349	116552
116360	116946
13932	14138
116364	116913
116367	117767
116368	116929
116368	117771
116372	117775
163180	163842
163180	163846
163180	163856
163180	163608
163180	163834
163180	163324
50850	51609
83619	83722
50856	51608
129091	129432
129091	129435
150474	150618
150474	150613
150475	150602
140268	140464
116439	117537
83722	83814
117721	117750
116552	117536
116562	117605
116565	117607
117733	117778
51103	51249
51104	51250
90447	90859
90447	90847
150525	150611
150525	150607
123915	124087
149672	149884
116915	117476
116921	117544
116921	117477
68647	68978
68647	68988
35894	36272
134199	135313
134199	135310
35903	36366
3140	3168
3140	3176
114694	115019
19548	19786
19043	19242
19043	19228
19047	19244
19070	19136
19070	19488
19070	19552
19070	19115
19070	19476
19070	19130
19070	19486
19080	19159
19101	19478
19113	19288
19113	19352
19115	19289
19128	19348
19128	19284
19130	19350
19130	19286
19134	19478
150646	150800
108352	109885
19159	19487
19159	19321
19159	19554
85746	86097
85746	86220
85746	86033
117476	117635
117477	117636
19228	19548
117536	117713
19239	19550
19242	19785
19244	20354
150329	150378
150329	150375
150330	150385
150330	150381
19259	19506
150333	150385
150333	150381
150335	150385
150335	150405
150354	150392
19284	19480
19286	19477
19288	19494
84847	84970
84847	84979
84861	86911
150405	151270
84883	89452
84884	89452
19352	19491
84889	90210
84892	90210
84893	90210
84893	85604
84893	85619
84896	85104
84898	85136
84898	85201
84898	85130
84898	85206
84898	85112
150435	150499
150435	150525
84900	85140
84901	85140
84902	85201
84902	85619
84902	85206
84903	85199
84903	85202
84903	85204
84903	85207
84903	90210
84903	85604
84903	85619
84904	85199
84904	85202
84904	85204
84904	85207
84904	90210
84918	88232
84918	86879
161610	161682
84927	88231
150477	150619
150477	150615
150478	150617
150478	150620
150479	150621
117713	117743
117718	117747
117730	117757
150499	150616
19476	20242
19480	20246
117788	118010
150600	150649
150600	150690
150600	150685
150602	150653
150602	150647
150613	150714
150618	150736
150618	150643
150618	150741
150618	150814
150619	150738
150619	150735
150619	150646
150619	150743
150620	150647
150621	150644
150621	150734
19550	19901
19558	20094
85104	85522
85104	85397
85106	85523
85106	85398
150643	150809
150643	150796
150644	150799
85110	85391
85112	85395
150649	151404
150649	150904
150649	150906
150649	150911
150653	150912
85134	85510
85135	85746
85136	85440
85136	85512
85140	85400
85140	85685
150685	150904
150685	150906
150685	151404
150690	151404
62761	63457
150714	150817
150714	150782
58903	59401
85199	85513
150736	150820
85201	85435
85201	85508
85206	85675
85206	85676
150735	150815
85202	85635
118009	118466
118009	118460
85207	85647
150796	150935
150799	150940
150800	150930
150815	150933
150820	150942
19786	19904
115228	115368
115228	115533
62764	63951
150904	150971
150906	151080
150911	150961
150912	151405
150932	151258
150932	151229
150933	151407
85398	85720
150935	151253
85400	85735
150940	151402
150940	151419
97772	98593
117537	117730
123462	124064
123462	123912
123462	124088
118004	118243
150971	151420
19901	20028
19901	20030
85440	85751
85440	85679
118010	118243
118243	118481
19940	20036
19940	20037
19955	20035
85510	85632
85510	85665
85510	85739
85512	85753
85512	85682
85513	85633
85513	85666
85513	85740
151080	151400
151087	152306
37886	38230
20028	20267
20035	20270
20036	20271
85601	86914
85604	86152
20094	21340
20094	21165
20094	20239
85633	86106
85635	86151
85665	86108
85666	86107
85670	86105
85670	86225
85670	86038
85675	86245
85676	86245
85679	85864
85679	86217
85679	86032
85682	86217
85682	86032
85682	86103
85683	86225
85683	86038
85685	86241
85685	86246
85685	85918
118460	118973
151229	151401
151229	151371
118466	119762
101665	101903
85720	85880
85720	85874
85720	86238
85729	85872
85729	85897
85729	86228
85729	86014
85735	86241
85735	85916
85735	85918
85740	86109
85744	86036
85744	86110
85744	86223
3368	3575
85750	86004
85750	85983
85753	86027
85753	86091
85754	86036
85754	86223
99966	100090
99966	100078
115242	115563
115242	115985
115242	116811
115242	116283
20239	20502
20242	20506
20246	20417
62871	63016
62871	63028
62871	63290
62871	63124
62871	63001
151398	151976
151398	151981
151401	152199
151404	151574
151405	151982
151405	152336
151405	151986
151405	151987
151407	151984
151407	151975
151419	151977
151419	151983
151420	151575
62766	63973
85918	86359
28723	29124
53162	53348
19785	19955
19785	19940
63476	64120
20417	20508
63479	64152
86033	86407
86036	86320
86036	86347
86036	86391
151574	151737
20533	20894
145418	145888
145418	146080
145418	145511
145418	146064
145418	145589
145418	145884
145418	146077
145418	146079
99977	100653
99977	100081
99977	100087
146936	147937
146936	147939
68963	69039
62879	63286
86105	86304
86105	86384
86105	86326
86106	86345
86106	86390
86106	86318
107195	107365
86151	86353
86151	86393
86152	86367
118973	119768
118973	119018
86223	86346
86223	86319
86225	86346
86225	86319
86241	86355
86245	86360
52614	53161
86319	87014
86320	87441
86320	87012
86320	86769
86345	87283
86346	87290
86347	87140
86353	87283
86353	87132
86355	86953
86359	86971
86360	86964
86367	87144
86390	87283
86393	87283
85397	85712
85397	85729
129090	129440
20885	21971
114173	114914
114173	114460
20894	22413
20899	21978
20902	21980
151975	152161
151977	152165
151981	152169
151982	152186
151983	152191
151984	152162
151987	152194
114174	114452
114174	114460
152161	152340
152162	152339
85435	85754
85435	85683
152165	152262
152166	152264
101821	102240
152186	152265
152190	152342
152191	152285
152194	152289
152199	152344
21165	21499
152265	152343
152275	152309
152283	152320
86748	87016
152289	152345
152290	152329
152292	152331
86769	87018
54020	54196
54030	54170
152346	152860
152347	152859
152347	152383
152368	152400
152368	152389
152368	152429
152369	153892
152369	152398
152369	153941
152370	152388
152370	152399
152383	152435
152383	152431
30170	30620
152388	152512
152388	152515
152388	152492
152389	152514
152389	152491
152398	153892
152398	153941
152399	152513
152399	152490
152399	152486
152399	152510
152400	152504
152400	152494
21340	21504
152429	152508
152429	152509
127035	127229
86911	87105
86911	87766
86914	87107
86914	87763
86953	87919
152490	152537
152490	152569
152492	152537
152492	152533
152492	152569
152504	152568
152504	152571
152504	152565
54201	54543
86971	87592
152512	152594
152515	152610
152515	152611
152515	152533
152515	152614
119762	119929
119762	122111
152533	152661
3577	3675
119768	119931
152537	152736
152537	152659
152537	152667
87008	88642
87012	88624
87018	87060
116375	116928
80040	80456
152568	153892
152568	153941
152569	153892
152571	153892
152571	153941
80042	80495
54288	54824
54288	56303
152594	152653
152594	152669
85508	85744
85508	85670
152610	152668
152611	152670
87105	87767
87107	87762
152661	152757
58212	58311
152667	152777
152667	152758
87132	87285
107365	108694
161979	162287
87140	87291
85522	85750
152736	152777
152757	152984
152757	152971
152757	152959
152758	152981
152761	152985
87283	87467
87283	87445
87285	87473
87285	87459
87290	90179
87290	87460
87290	87474
87291	87451
152860	153926
96480	96702
30947	31248
96485	96701
152959	153113
152959	153095
87441	88156
152981	153087
152984	153105
152984	153085
87451	88626
152988	153882
152988	153883
87457	88160
87459	88636
87460	87833
152997	153900
100093	101463
21971	22168
21972	22171
21973	22163
21978	22145
21980	22167
19350	19492
49403	49638
49403	49695
58281	58903
153105	153617
153105	153611
153113	153814
54820	55788
22145	22403
22145	22780
22163	22448
22163	22415
22167	22448
22167	22417
22168	22410
22171	22404
22171	22390
58311	58916
87762	87887
87763	87884
87766	87889
87767	87877
107476	108497
107476	107882
107477	108482
107477	108470
107480	108401
107480	108412
91105	91411
74722	76071
91108	91411
55139	59362
87916	88437
87922	88212
87922	88221
22408	22510
22414	22510
74734	75493
97857	98109
97857	98142
107503	108133
107503	108142
55227	57383
55230	57388
3749	3780
3750	3781
153611	153811
153617	153823
107481	108427
74759	75222
74762	75223
88156	88326
115324	115850
54221	54819
153811	153908
153814	153887
153823	153885
151253	151367
153886	153919
153892	153922
153893	153923
153894	153924
22826	23201
22826	23211
22826	22926
22826	23093
22826	23192
22826	23196
22826	23199
22827	23201
22827	23211
22827	23196
22827	23222
22827	23199
22829	23201
22829	23211
22829	23199
22830	23201
22830	23211
22830	23222
22830	23199
153903	153940
22832	23416
22832	23426
22832	23427
22832	23174
22835	23425
22835	23218
22835	23418
22835	23222
22837	23201
22837	23211
22837	23218
22837	23222
22837	23418
22837	23199
22859	23177
22859	23429
22859	23431
153965	154037
153965	154054
153968	154038
153968	154055
85739	86087
129431	129770
74823	74968
74823	75344
74823	74973
22959	23307
22960	24115
154037	154107
154038	154107
60601	61548
60601	60845
86964	87916
129440	129864
85751	86027
103332	103608
103332	104040
96677	98105
55788	56058
164436	164468
164437	164470
88624	89464
88624	89460
88626	88862
88630	89471
88636	88845
88636	89471
23145	23505
23149	23340
23158	23520
23159	23344
23159	23331
23161	23501
74859	75218
23174	23430
23177	23432
23177	23346
23190	25537
23190	24195
23190	25025
23190	23918
23190	24210
23190	23767
23190	23769
23190	23965
23192	25537
23192	24195
23192	25025
23192	23918
23192	24210
23192	23767
23192	23769
23192	23965
23196	24099
23208	23415
23215	26210
23215	23412
23215	26201
23215	26202
23222	23424
23223	23592
23224	24769
23224	26219
23224	26218
23224	23595
23224	26220
23224	26206
48784	49401
48784	49698
63954	64746
63954	64751
154365	155394
154365	155395
63960	64748
63960	64750
88862	89477
23337	23487
23338	23503
23340	23494
23344	23512
23346	23511
23413	23591
23418	23594
23423	23522
23425	23592
23430	23556
162286	162329
162288	162331
23486	23661
113142	113432
113142	113433
113142	113434
113142	113436
113142	113437
113142	113438
23497	23664
23498	23660
23501	23663
23555	23989
124079	124096
124079	124236
124079	124269
23591	23696
23592	23693
23594	23697
23594	23693
23594	23695
23595	23693
162313	162357
113162	113312
113162	113474
113162	116036
113162	113477
113162	113479
113162	113480
113162	113481
113162	113708
113162	113454
113162	113712
113162	113300
113162	113462
23661	23984
23663	23983
23664	23993
23664	23982
151400	151572
58210	58326
151402	152166
124097	124267
124099	124380
124106	124877
23767	25119
23767	23942
23767	25351
23769	23939
25807	26208
3965	4037
117544	117718
74969	75424
74969	75456
74969	75528
89464	90216
89471	90212
23939	24288
89477	90211
122280	122314
122280	122310
122282	122323
122282	124079
23983	24092
122289	122377
122289	122374
122290	122379
122290	122348
122290	122342
122290	122367
122291	122369
122291	122346
122291	122388
122291	122357
122292	122337
122292	122386
122292	122355
122292	122330
122295	122362
122295	122372
122298	122396
122310	122548
122321	122913
122321	122530
122321	122908
122321	122553
122321	122825
122337	122913
122337	122530
122337	122543
122337	122905
122337	122519
122337	122521
122337	122908
122342	123193
122342	123194
122346	123193
122346	123194
122350	122504
122350	122455
122350	122462
122361	122504
122361	122455
122361	122462
122361	122465
122365	122496
122365	122465
122365	122504
122365	122507
122365	122455
122365	122493
122365	122462
122367	122504
122367	123193
122367	123194
122367	122455
122367	122462
122367	122465
122369	123193
122369	123194
122372	122496
122372	122504
122372	122507
122372	122511
122372	122487
122372	122493
122374	122554
122374	122562
122377	122432
122377	122562
122377	122554
122377	122786
122379	122913
122379	123194
122379	123193
122386	122913
122386	122530
122386	122908
122386	123194
122386	123193
122388	122913
122388	123194
122388	122908
122388	123193
24115	24416
122455	122723
122462	122671
122465	122670
122472	122626
24195	25542
24210	25117
24210	25543
122515	122834
122530	122912
122530	122911
122543	122826
122561	122751
122562	122611
24281	24984
24288	24983
122611	122785
122620	122794
122620	122788
64128	64788
64128	64574
113285	113732
113285	113717
155435	155573
155436	155799
122670	122878
155455	155505
155462	155609
122715	123089
122723	123001
113300	113698
122785	125546
122785	125549
155573	155800
13693	13831
122825	123220
122834	123221
87016	87060
122844	123129
122844	123219
63013	63404
63013	63438
155662	155942
122905	123209
122908	123181
122908	123182
122912	122986
122913	123185
57383	58210
57383	58196
57386	58203
57386	58212
146105	146302
90211	90325
122986	123501
122986	123502
155799	156271
42358	42528
42358	42529
42358	42506
42358	42510
42358	42550
42358	45143
42358	42554
90350	90825
90351	90829
90358	90822
90359	90822
90360	90822
90363	90701
90363	93046
90369	90450
90373	93648
90373	90702
90375	90822
90376	90822
90377	90537
90377	90611
90377	90527
90378	90529
90378	90540
90379	90528
90379	90618
90379	90539
90380	90553
90380	90610
90389	90612
90389	90554
90390	90763
90390	90533
90390	90767
90393	90705
90393	92046
42373	42565
42373	42568
42373	42574
42373	42579
90402	90552
90402	90609
155942	155983
90409	90667
90410	90679
90411	90712
90411	92070
123182	123504
123182	123615
123185	123608
123185	123510
123209	123610
155983	156357
90450	90704
123219	123476
123219	123479
123220	123462
123221	123476
161227	161362
129771	130804
129771	130807
146156	146395
146156	146941
146156	146398
90527	90801
90528	90794
90528	90804
90540	90814
90552	90816
90552	90765
90553	90820
90554	90810
90554	90759
90609	90746
90609	90755
90609	90807
90610	90812
90612	90752
90612	90762
90612	90815
123382	123509
123382	123646
90618	90808
25119	25538
86110	86304
86110	86384
86110	86326
90701	93085
90702	92848
90702	92829
90704	93659
90704	93087
90705	92073
90705	92068
123476	124080
123479	123593
90712	92069
90712	92085
90723	92108
90725	92106
123501	124099
90746	91102
90755	91059
90755	91103
90759	91204
90759	90949
90759	91061
90762	91105
90762	91204
90762	91061
90765	91059
90807	91060
90807	91110
90810	91063
90812	91109
90812	91062
90815	91108
90815	91063
90816	91060
90820	91062
90822	94437
90825	90918
90829	90918
123608	124052
123610	123860
90847	92080
90847	92053
90859	92087
25351	25536
25351	25539
58196	58281
58197	58346
58197	58285
58203	58309
58206	58363
58206	58316
64134	64264
37020	37885
58285	58912
91059	91345
91059	91317
91059	91393
91060	91345
91060	91317
91060	91393
91061	91408
91063	91408
113482	113992
25536	25711
25538	26009
58309	58918
25542	25878
58316	58906
123860	124077
58326	58908
91103	91392
91103	91315
91103	91343
91110	91392
91110	91315
91110	91343
123912	124083
64139	64254
42505	44801
42505	45027
42505	44311
124052	124161
124052	124149
124053	124106
107357	108706
58908	59578
124080	124268
124080	124237
124081	124097
91317	92450
91317	91876
91317	92170
91317	92614
124087	124265
124088	124240
124088	124253
25789	26139
124096	124266
25795	26209
156870	156906
52142	52614
25802	26138
91345	92450
58916	59504
58916	59575
156891	156905
124149	124457
91393	92450
49709	50437
156940	158098
156943	157347
156943	157087
91408	91843
91408	91876
91408	92614
156959	157071
156959	157351
156960	157070
156963	157027
156963	157007
113544	113769
124161	124457
124161	124891
124161	124366
124240	124893
48014	48124
48015	48128
48015	48124
124265	124908
124266	124921
124267	124915
124268	124382
124269	124384
157087	157345
157087	157207
48027	48312
124366	124551
124382	124924
124384	125708
124384	124926
13049	13201
157207	158056
157207	157719
157209	158312
26138	26178
26139	26179
26143	26187
58918	59412
124457	125477
26201	26502
26202	26489
26206	26818
26208	26500
26209	26491
26210	26495
26218	26505
26219	26490
26220	26493
101649	102070
157347	157720
157347	158058
157353	157402
48074	48129
48074	48095
91843	93342
91843	92182
84895	85106
84895	86237
124551	125483
84897	85129
84897	85140
84897	85135
26489	26801
26489	26837
26490	26796
26490	26820
26491	26740
26493	26819
26495	26838
26500	26751
26502	26841
26505	26821
92046	93059
92046	92255
92053	93078
92053	93063
75419	76624
75419	75888
75419	76159
92068	94917
92068	92266
92068	94201
92069	92834
92069	94917
92070	93641
92070	93650
92073	92930
92073	92269
92085	92822
92085	92839
92087	93072
92087	93075
92108	92530
124877	125432
117636	117716
124891	125440
124891	125502
59362	59581
124924	125711
92170	93876
92182	92230
157720	157825
157720	158094
26135	26163
92255	93045
92266	92932
92269	92929
113691	113976
113691	113911
26801	26873
59572	59828
26821	26968
26821	26969
26837	26958
59640	60520
59640	59825
26873	26954
92450	92619
113717	113984
158056	158303
158058	158321
92530	92714
158094	158356
158098	158338
92614	93345
92619	93854
42747	43015
42748	43014
42748	45127
42748	43017
151976	152190
125432	125579
130132	130806
113749	113993
113749	113996
125440	125604
113290	113924
113290	113927
117790	118009
42758	44098
42758	43011
125483	125670
125502	125663
113763	115080
113763	114524
113763	114932
158303	158389
158312	158381
158321	158391
125579	125659
92822	93076
92822	93638
92829	93652
92834	93082
92834	94917
92839	93086
92839	93646
113779	114600
113779	114596
113779	114597
27327	27407
125661	125689
27345	27592
27345	28427
27346	27592
27347	27528
27347	27589
27352	27444
27352	27446
158433	158484
92929	93027
92930	93042
158472	158590
27402	29261
27402	28256
27402	29281
27404	27527
158478	159107
27407	27530
125715	125749
27412	28255
27413	28255
27416	28247
125742	125867
125742	125870
125743	125867
125743	126092
125743	125789
125743	125870
27444	27612
125749	127035
27446	27610
27452	27730
27452	27603
27456	27608
27456	27734
93042	93651
93046	94226
27516	27892
158590	159684
27530	28570
93075	93440
93078	93415
125852	125889
93085	94232
93087	93286
125870	125932
15519	15603
125889	126729
27589	28429
27592	28718
27608	27849
27608	31224
27610	27789
27610	27782
27612	27789
125932	126095
158724	158871
113841	115375
123129	124081
123129	123915
113845	114676
27729	27892
132950	133129
27734	27847
27734	27852
27734	27895
93286	93417
27782	28002
27782	27988
27782	27990
27789	27993
27789	28299
158871	159433
158871	159756
93342	93862
111130	111363
111130	111367
60579	61361
60580	60792
60580	60971
60610	61298
60610	61295
27849	28001
27849	28302
27849	28016
27849	28019
93415	94210
4649	4737
4649	4745
93440	93653
93440	93661
86038	86320
86038	86347
86038	86391
113889	115023
60749	61345
60749	61347
27990	28294
27993	28291
28002	28301
60792	60970
159107	159220
60836	61539
60836	61555
60836	61551
60840	61555
60840	61551
60845	61555
113907	114828
113907	115036
42910	43281
93638	94917
93646	94917
93650	94208
93650	94470
93651	94344
93651	94206
93653	94191
159208	159402
159209	159403
42921	45822
42921	45823
97535	98753
97535	98766
60970	61357
28247	28965
28247	28486
28255	28965
28256	28488
28256	28577
113937	114081
113937	114163
113937	114165
113937	114150
113937	114145
113938	114154
113938	114171
113938	114148
113938	114142
113938	114167
152169	152337
88232	88957
113941	114458
113941	114148
113941	114174
28291	28404
28291	28406
114165	114898
114165	114908
28294	28432
28299	28402
28302	28395
70254	70409
70254	70926
93862	95578
61126	62153
61126	62747
159433	159635
61146	62772
97573	97880
97573	97851
28395	28693
28402	29000
28402	28695
28402	28798
28404	28989
28404	28694
28406	29002
28406	28989
113961	114283
113961	114363
61177	62883
28425	28721
28425	28717
28427	28723
28427	28719
28429	28720
28429	28716
28430	28722
135811	135914
28486	28573
28488	28571
61295	62880
61295	62450
61298	62123
61298	62470
61303	61828
61303	61806
61303	62127
61305	61832
61305	62882
61305	61811
97600	97890
159635	159760
28577	28970
28577	28962
122396	122432
122396	122786
61361	62012
61361	63366
64841	65421
159684	159718
97612	101578
97612	101579
97612	97905
97612	101564
97612	98302
113998	114049
113998	114541
159705	159738
94191	94290
97619	97857
94201	94307
123161	123382
103082	103312
94206	94317
94208	94313
94210	94342
94210	94681
159762	159803
159766	159944
159766	159949
159767	159937
159772	160104
159773	160122
159773	160131
159773	160134
159773	160127
159774	160129
159774	160124
159777	159956
159778	160107
159778	160119
159780	160113
159780	160108
159784	160115
159784	160123
97628	98312
28717	29843
28717	29305
159792	160130
159792	160100
159796	160121
159796	160105
159803	160976
159803	160971
159803	160371
163169	163296
163169	163323
94290	94459
61531	65891
61536	63960
94313	94471
94317	94466
61551	61948
61555	61910
28798	28998
28800	28991
94342	94453
94342	94681
94344	94469
94344	94917
94344	94910
94348	94648
94348	94641
94349	94917
94349	94638
94349	94652
43035	44906
43035	44309
159954	160018
159956	160015
132989	133140
94453	95691
94459	94684
94459	95677
61694	62767
94466	95672
94466	94679
94469	95704
94470	95695
94471	95674
94471	94677
160015	160470
160015	160679
160018	160471
28957	29691
28960	29327
28965	29342
117716	117776
28989	29356
28989	29164
160107	160342
160107	160248
160107	160316
160108	160317
61806	61976
160113	160250
160115	160341
160115	160429
160119	160258
160123	160345
160130	160320
61832	62463
61832	62871
135925	136320
61896	61941
29130	29702
114082	114468
61941	62891
160248	160427
61948	62899
61976	62821
160316	160427
160342	160424
160345	160432
29327	29681
62118	62888
160429	160557
97629	98397
62162	62877
62162	62879
62165	62468
4908	5568
4908	5190
4908	5705
4908	5141
4908	5193
4908	5210
4908	5182
160557	161025
146102	146297
163297	163343
114148	114427
114148	114453
163306	163510
136001	136174
146924	147939
146924	147941
97776	98729
114163	114904
114163	114459
114163	114901
146933	147537
146933	147527
146937	147921
146937	147900
146940	147536
146940	147530
146940	147522
146941	147089
29681	30041
62452	62856
146942	147760
160762	161015
15871	16003
15871	15982
15871	15984
15871	15989
62468	62852
160775	160994
59575	59826
35908	36378
35909	36374
160971	161028
122111	122254
160976	161034
160994	161022
160999	161030
161000	161031
62772	63144
161095	161601
161095	161486
161098	161136
161099	161605
161099	161638
161100	161136
161100	161135
161106	161225
161107	161211
30041	30118
103312	103561
103312	103594
161135	161610
161135	161470
161136	161610
62863	63289
62863	63013
62881	63149
62881	63213
62883	63220
62884	63223
97862	98107
97862	98140
62888	63224
161201	161562
161201	161460
161221	161436
161222	162353
30173	30539
97872	98341
30178	30538
30180	30625
5030	5146
95749	95817
95752	95958
95754	95957
95761	95922
95761	95934
95762	95935
95762	95924
95762	95911
95765	95886
95766	95937
95767	95893
95768	95939
95769	96011
95769	96020
95769	95853
95770	96012
95770	96021
95770	95854
95772	96016
95772	95842
95772	96006
95773	95850
95773	96019
95773	96010
95774	95858
95775	95857
95775	95883
95775	96014
95775	96023
95776	95880
95776	96013
95776	96022
95776	95855
95778	95947
95778	95885
95779	95942
95781	95889
95781	95949
95781	95871
95782	95884
95782	95860
95782	95867
95782	95876
95782	95953
95783	95940
95784	95938
95784	95931
95785	95941
95786	95946
95791	95994
95791	95986
95791	95973
95791	95981
95794	98784
95794	98785
95794	99074
95842	96424
95842	96434
95842	96474
95850	96248
95853	98318
95853	99800
95853	100654
95853	98328
95853	99308
95854	98318
95854	99800
95854	100654
95854	98328
95854	99308
95855	96256
95855	96235
95855	96246
95857	96390
95857	96402
95857	96339
95857	96477
95857	101601
95857	96749
95857	96433
95857	96759
95857	96319
95858	96677
95860	96677
65129	65288
65129	66931
95871	96480
95871	96677
95871	96498
95871	96499
95871	96692
95871	96215
95871	96699
114283	114504
95876	96677
95880	101601
95883	101601
95884	96759
95885	96224
95885	96273
95885	96496
95886	96224
95886	96496
95889	96480
95889	96692
95889	96215
95893	96480
95893	96692
95893	96215
161436	162354
161438	161564
161438	162333
95911	96142
63144	63434
63149	63479
95922	96105
95922	96523
95922	96206
95922	96118
95922	96111
95924	96528
95924	96145
95931	96485
95931	96533
161468	161567
95934	96209
95934	96123
95934	96110
95934	96497
95935	96148
95935	96527
95937	96491
95937	96222
95938	96211
95939	96534
95940	96534
95941	96184
95941	96198
95942	96491
95942	96268
95942	96222
95949	96480
95949	96692
95949	96215
161486	161633
95953	96404
95953	96455
95953	96341
95957	96088
95957	96090
95958	96090
97913	98342
95963	96083
95963	96027
95963	96086
95972	96720
95972	96708
95973	96720
95973	96708
95973	96728
63208	63444
97916	98315
97916	98332
97916	98311
95981	97553
95986	97535
63223	63410
63223	63483
63224	63476
63224	63390
95994	96709
95994	96718
95994	96733
96003	96034
96003	96037
96003	96038
96003	96039
96003	96041
96003	96043
96003	96045
96004	96034
96004	96083
96006	96427
96006	96747
96012	96747
96014	96425
96016	96424
96016	96742
96020	98318
96020	99800
96020	100654
96020	98328
96020	99308
96021	98318
96021	99800
96021	100654
96021	98328
96021	96742
96021	99308
161562	162348
161562	161707
96038	96554
63289	63447
63290	63409
63290	63450
161601	161633
161601	161687
163179	163842
163179	163846
163179	163856
163179	163608
163179	163834
163179	163611
163179	163324
161605	161639
30538	30565
30539	30577
161618	161892
161638	161898
58906	59640
58906	59572
129772	130802
129772	130807
96148	96642
30620	30947
30623	30957
30625	30952
63399	64435
30633	30951
161707	162318
74848	74969
74848	75090
74848	75332
63422	64121
96215	96705
63450	64131
96235	96690
96246	96743
96248	96738
63483	64139
63487	65130
63487	63803
96256	96683
54272	56891
129058	130083
129058	129334
129060	129431
129061	129771
129061	129436
96319	96696
96339	96691
129108	129430
161892	162330
161892	162315
129140	130063
96390	96700
96402	96704
135733	135976
135733	135977
23942	24281
96424	96734
96427	96741
96433	96740
96434	96746
96474	96735
96477	96685
30951	31259
30952	31261
30957	31246
96527	96650
96533	96703
96554	97180
96554	97174
63803	65129
63803	64406
129341	129760
129341	129378
1035	1180
1035	1109
96642	97629
20502	21054
129432	129773
129432	129862
129436	129772
96672	97598
96683	97619
96685	101601
96691	97645
96692	97613
130804	131003
130804	130927
96699	98111
96700	97612
96701	97626
96702	97620
96703	97625
96704	101578
96704	101579
96704	101564
43425	43700
130807	130824
130807	130998
63951	65947
96720	97542
63956	64658
63956	64638
96734	97589
96734	97590
96738	97601
96738	97607
96740	97600
96740	97628
96740	97606
96741	97611
96741	97591
96743	97594
96743	97573
96743	97622
96746	97579
96746	97595
96747	97610
96747	97599
162290	162332
31224	31366
162300	162344
162304	162349
162306	162351
162307	162352
162311	162356
152668	152761
162368	162430
162380	162432
162380	162433
162380	162435
162380	162437
162380	162479
162380	162480
162380	162481
162380	162483
162380	162484
162380	162489
162380	162490
162380	162632
162380	162431
162382	162432
162382	162433
162382	162435
162382	162437
162382	163104
162382	163107
162382	162470
162382	162474
162382	162478
162382	162479
162382	162480
162382	162481
162382	162483
162382	162484
162382	162489
162382	162490
162382	163109
162382	162632
162382	162527
162382	163123
162382	162540
162382	162431
162385	162432
162385	162433
162385	162435
162385	162437
162385	162479
162385	162480
162385	162481
162385	162483
162385	162484
162385	162490
162385	162632
162385	162489
162385	162431
162386	162432
162386	162433
162386	162435
162386	162437
162386	163078
162386	162479
162386	162480
162386	162481
162386	162483
162386	162484
162386	162632
162386	162431
64120	64260
64121	64773
162430	162584
162430	162581
162433	162624
64151	64905
162470	162534
14139	14362
162474	162535
162478	162548
162479	162544
162479	163113
162484	162545
162489	162550
162490	162547
162527	163126
129760	130091
162535	163141
162535	162669
129770	131100
129773	130802
162550	163119
109012	112883
64254	64429
64264	66929
162581	162776
162581	162651
62153	62452
129862	130145
129862	130132
97180	98794
64435	64787
64435	64782
130083	130513
162856	163105
114524	114745
130091	130237
130145	130269
64638	64881
64638	65961
31881	31945
31881	31938
31881	31933
64658	64892
64665	65890
64665	64895
31905	32608
31905	34663
31905	32924
31905	35124
31905	32921
31905	35130
31907	32921
31907	32608
31907	34663
31907	32924
31907	35124
31907	35130
31908	32921
31908	32924
31908	35124
31908	35130
31908	32608
31908	34663
31915	32033
31915	32129
31915	32008
31915	32093
31915	32119
31915	31994
31915	32125
31917	32128
31917	32097
31917	32100
31917	32134
31917	32038
31917	32014
31917	32118
31917	32121
31917	32132
31917	32092
31918	34949
31918	34950
31918	35497
31921	34948
31921	34949
31921	34950
31921	35497
31921	34954
31922	32134
31922	32118
31923	32100
31923	32134
31923	32118
31923	32092
31933	32145
31938	32137
125477	125661
64746	64821
64748	64832
64748	64884
64750	64841
64750	64889
64751	64843
31986	32940
64773	67025
32008	32310
163083	163127
32014	32313
32014	32310
97553	98749
163104	163146
163107	163130
163109	163136
32038	32313
163113	163144
97578	97887
97598	97913
97598	97862
97599	98759
97599	97772
97599	98762
97599	100653
97599	99809
97599	98473
97599	99309
97599	100654
97599	99977
97599	100087
97606	98312
97606	97904
97606	97916
97606	97879
97607	97776
97625	98114
97626	98138
32092	32317
163168	163324
32097	35496
32097	32313
32097	33693
97645	97797
49405	49697
49405	49647
32119	32203
32125	32336
32125	32310
32128	32313
32128	32310
32132	32313
32134	32304
163207	163856
163207	163608
163207	163834
163207	163611
163343	163525
42538	42584
97851	98134
97851	98102
32317	32442
59354	59581
97879	98330
97879	98325
97880	98161
97880	98738
97890	98156
97890	98590
97897	98591
65130	65288
65130	66932
114621	117606
114621	114919
114621	115058
114621	117598
97904	98163
97904	98583
97905	98333
97908	98316
97908	98335
125549	125686
163521	163905
130802	130962
130802	130814
130806	131000
130806	130962
58912	59400
130814	130997
163608	163876
163611	163866
98105	98321
98105	99289
98107	98732
98111	98336
98111	98742
98114	98737
98114	98778
43659	44143
98163	98303
65421	65884
65427	66046
130997	131631
130998	131088
131000	131097
131003	131101
125604	125660
163834	163880
98302	101578
98302	101579
98302	98779
98302	101564
98303	98616
98303	98609
