183	AT1G20810
183	AT2G30695
183	AT2G37400
183	AT1G21750
183	AT3G15840
183	AT1G03090
183	AT3G25480
183	AT2G21530
183	AT5G35170
183	AT3G15360
184	AT5G21430
184	AT1G22020
184	AT3G21055
184	AT3G15110
185	AT1G27510
185	AT2G40400
186	AT1G31180
186	AT1G30510
187	AT1G65260
187	AT1G74880
187	AT1G50450
188	AT1G73530
188	AT4G31390
188	AT1G03600
189	AT2G26340
189	AT2G01918
189	AT3G10130
189	AT2G42975
189	AT1G79450
189	AT1G16790
189	AT1G76760
189	AT4G24750
189	AT4G39960
189	AT5G53490
189	AT1G54790
189	AT5G52780
189	AT1G23740
189	AT4G39730
189	AT5G23890
189	AT1G05385
189	AT1G03850
189	AT4G01900
190	AT2G17630
190	AT3G10470
190	AT4G31560
190	AT5G52970
190	AT4G20820
190	AT4G13670
190	AT1G14150
190	AT1G12250
190	AT5G42070
190	AT1G54580
190	AT1G02560
190	AT2G43010
190	AT5G39830
190	AT1G74710
190	AT2G20270
190	AT1G66670
190	AT3G60370
190	AT1G07510
190	AT3G58010
190	AT4G38380
190	AT1G54050
190	AT3G22690
190	AT2G40100
190	AT4G39460
190	AT5G42270
190	AT1G75690
190	AT2G27290
190	AT1G56500
190	AT1G72640
190	AT1G52220
190	AT1G17850
190	AT1G29920
190	AT2G35040
190	AT5G15250
190	AT4G19830
190	AT3G28850
190	AT1G14345
190	AT1G15820
190	AT2G37660
190	AT4G18370
190	AT1G42960
190	AT5G19370
190	AT5G19500
190	AT5G03455
190	AT1G67280
190	AT3G26580
190	AT2G40760
190	AT1G80030
190	AT5G01500
190	AT1G06690
190	AT1G67700
190	AT2G30950
190	AT5G20140
190	AT5G08540
190	AT3G55330
190	AT1G79230
190	AT5G12470
190	AT3G47060
190	AT5G13120
190	AT4G04020
190	AT1G51110
190	AT5G16150
190	AT5G16660
190	AT3G57680
190	AT2G44990
190	AT4G35770
190	AT2G41330
190	AT2G26800
191	AT2G29500
191	AT2G20260
191	AT1G03160
192	AT2G41680
192	AT3G17830
192	AT4G36810
193	AT1G15140
193	AT1G55370
193	AT4G16155
193	AT4G13010
193	AT2G24020
193	AT1G51350
193	AT5G59250
193	AT3G46780
193	AT1G18730
193	AT1G50460
194	AT1G79040
194	AT1G44575
194	AT3G56040
194	AT1G71500
195	AT3G08920
195	AT4G33010
196	AT3G01480
196	AT4G33520
197	AT5G02160
197	AT5G62720
197	AT1G78915
197	AT3G53560
197	AT2G37230
197	AT2G21160
198	185
198	186
199	189
199	AT4G24930
200	190
200	191
201	AT5G53170
201	191
202	192
202	AT3G47450
203	AT4G01050
203	AT3G24590
204	193
204	190
205	184
205	193
206	AT4G28025
206	AT2G22360
207	AT4G37925
207	189
208	200
208	204
209	204
209	205
210	200
210	201
211	188
211	AT4G25050
212	AT4G27700
212	AT1G14590
213	195
213	AT5G53170
214	184
214	AT5G52440
215	208
215	209
216	208
216	210
217	201
217	213
218	184
218	AT1G54500
219	197
219	189
220	207
220	199
221	AT2G22360
221	214
222	AT4G01050
222	212
223	AT4G28025
223	AT1G54780
224	AT5G42765
224	AT1G10170
225	205
225	214
226	AT1G54500
226	AT2G22360
226	AT1G54780
227	206
227	223
228	AT2G01140
228	AT3G24590
229	219
229	199
230	AT2G18790
230	195
231	AT3G14420
231	AT1G16880
232	218
232	205
232	AT2G22360
233	216
233	215
234	225
234	209
235	225
235	221
236	221
236	206
237	203
237	222
238	217
238	210
239	AT1G32500
239	AT2G29180
240	226
240	227
240	218
241	203
241	228
242	187
242	207
243	220
243	229
244	AT2G18790
244	231
245	AT1G32500
245	AT3G14420
246	232
246	234
246	235
247	234
247	215
248	216
248	238
249	232
249	235
249	236
250	AT1G67840
250	187
251	AT2G01140
251	AT4G24930
252	242
252	220
253	213
253	230
254	245
254	239
255	240
255	232
256	246
256	247
257	248
257	233
258	233
258	247
259	249
259	246
260	AT1G22450
260	AT5G07020
261	AT2G42220
261	AT1G50250
262	251
262	199
263	259
263	255
264	256
264	259
265	256
265	258
266	217
266	253
267	AT3G14420
267	AT2G18790
267	AT2G29180
268	243
268	252
269	266
269	238
270	264
270	263
271	257
271	258
272	264
272	265
273	AT3G26080
273	204
274	267
274	254
275	AT3G46610
275	194
276	241
276	237
277	220
277	262
278	273
278	215
279	248
279	269
280	272
280	270
281	265
281	271
282	AT2G18790
282	AT5G53170
282	AT2G29180
283	244
283	245
284	244
284	230
285	257
285	279
286	272
286	281
287	233
287	278
288	201
288	282
289	251
289	228
290	243
290	277
291	274
291	283
292	289
292	241
293	289
293	262
294	250
294	242
295	AT4G27700
295	AT1G80380
296	185
296	197
297	258
297	287
298	288
298	269
299	280
299	286
300	282
300	284
301	AT1G74070
301	AT4G38100
302	252
302	294
303	290
303	268
304	292
304	293
305	298
305	279
306	297
306	281
307	285
307	271
308	288
308	300
309	291
309	284
310	296
310	198
311	AT5G08050
311	183
312	AT2G26550
312	AT1G65230
313	293
313	277
314	212
314	295
315	298
315	308
316	281
316	307
317	306
317	286
318	305
318	285
319	186
319	AT1G74070
320	AT5G42765
320	AT1G80380
321	296
321	219
322	268
322	302
323	313
323	290
324	304
324	313
325	AT2G26360
325	AT4G25910
326	314
326	222
327	292
327	276
328	300
328	309
329	305
329	315
330	316
330	286
331	299
331	317
332	328
332	308
333	329
333	318
334	330
334	331
335	307
335	318
336	198
336	319
337	321
337	310
338	321
338	229
339	323
339	324
340	304
340	327
341	AT4G27700
341	324
342	237
342	326
343	AT1G65230
343	AT1G22450
344	337
344	338
345	338
345	243
346	323
346	303
347	315
347	332
348	316
348	335
349	AT3G47450
349	AT4G25910
350	320
350	224
351	346
351	339
352	344
352	345
353	340
353	341
354	329
354	347
355	330
355	348
356	333
356	335
357	349
357	325
358	202
358	349
359	322
359	303
360	353
360	339
361	354
361	333
362	356
362	348
363	306
363	AT1G16880
363	348
364	355
364	334
365	357
365	358
366	341
366	351
367	345
367	268
368	363
368	362
368	355
369	276
369	342
370	260
370	343
371	AT3G26080
371	AT1G50250
372	301
372	AT5G01220
373	360
373	366
374	352
374	367
375	361
375	356
376	368
376	364
377	AT1G54780
377	AT5G07020
378	312
378	343
379	367
379	303
380	362
380	375
381	AT3G46610
381	AT2G26550
382	377
382	223
383	AT5G01220
383	319
384	379
384	374
385	346
385	359
386	AT1G32500
386	AT3G19490
387	355
387	380
388	226
388	227
388	382
389	336
389	383
390	385
390	351
391	376
391	387
392	371
392	261
393	388
393	AT5G52440
394	187
394	198
394	AT5G01220
395	377
395	260
396	312
396	381
397	275
397	381
398	395
398	382
399	240
399	393
400	378
400	370
401	385
401	379
402	390
402	366
403	386
403	245
403	231
404	369
404	327
405	320
405	314
406	372
406	383
407	388
407	398
408	399
408	255
409	353
409	404
410	384
410	401
411	401
411	390
412	402
412	373
413	336
413	310
414	389
414	406
415	393
415	407
416	408
416	280
417	410
417	411
418	403
418	254
419	396
419	397
420	AT4G27700
420	AT3G01440
420	AT4G01050
421	394
421	250
422	AT2G42220
422	AT3G26080
422	AT1G54500
422	AT2G22360
423	405
423	350
424	203
424	420
425	405
425	326
426	273
426	234
426	371
427	416
427	299
428	AT1G50250
428	AT1G10170
429	421
429	294
430	389
430	189
431	411
431	412
432	337
432	413
433	360
433	409
434	424
434	237
435	425
435	342
436	AT4G38100
436	AT5G08050
437	415
437	399
438	426
438	235
438	278
439	392
439	235
440	249
440	422
440	255
441	428
441	261
442	429
442	302
443	430
443	199
444	417
444	431
445	432
445	344
446	433
446	373
447	418
447	291
448	408
448	437
449	272
449	297
449	438
450	426
450	259
450	422
450	439
451	440
451	273
452	369
452	434
453	434
453	435
454	443
454	220
455	352
455	445
456	448
456	263
457	450
457	451
457	438
458	280
458	449
459	425
459	420
459	423
460	442
460	374
461	454
461	455
462	412
462	446
463	456
463	416
464	457
464	458
465	458
465	331
466	330
466	427
467	459
467	453
468	224
468	428
469	427
469	463
470	AT4G37925
470	452
471	452
471	453
472	441
472	468
473	394
473	461
474	AT2G26360
474	AT2G04030
475	404
475	470
476	465
476	334
477	466
477	334
478	464
478	465
479	309
479	447
480	409
480	475
481	364
481	477
482	480
482	AT1G67840
483	384
483	460
484	384
484	473
485	467
485	471
486	AT1G16880
486	476
487	476
487	478
488	481
488	267
489	328
489	479
490	466
490	469
491	364
491	486
492	488
492	376
493	489
493	332
494	482
494	302
495	192
495	474
496	AT4G23890
496	AT5G01220
497	494
497	462
498	347
498	493
499	486
499	487
500	376
500	491
501	490
501	477
502	202
502	495
503	470
503	471
504	413
504	414
505	499
505	491
506	492
506	391
507	498
507	354
508	365
508	502
509	475
509	503
510	436
510	311
511	370
511	395
512	378
512	396
513	410
513	483
513	484
514	462
514	431
515	480
515	509
516	481
516	501
517	505
517	500
518	361
518	507
519	504
519	394
520	436
520	AT5G01220
521	398
521	511
522	513
522	417
523	514
523	444
524	432
524	242
524	519
525	488
525	516
526	518
526	375
527	485
527	503
528	496
528	AT5G08050
529	520
529	372
530	496
530	187
531	521
531	407
532	492
532	525
533	500
533	391
534	380
534	526
535	473
535	524
536	515
536	252
537	509
537	527
538	196
538	AT4G25910
539	512
539	419
540	531
540	415
541	537
541	515
542	417
542	402
542	483
543	536
543	446
544	368
544	387
544	534
545	196
545	188
546	400
546	511
547	506
547	532
548	512
548	400
549	533
549	517
550	530
550	250
551	522
551	444
551	542
552	497
552	543
553	506
553	451
554	544
554	391
555	521
555	546
556	540
556	437
557	536
557	541
558	224
558	AT2G42220
558	AT3G01440
559	545
559	211
560	555
560	531
561	448
561	556
562	468
562	350
563	550
563	294
564	557
564	543
565	460
565	535
566	562
566	558
567	563
567	302
568	552
568	564
569	188
569	AT2G04030
570	538
570	325
571	561
571	463
572	553
572	547
573	560
573	540
574	539
574	548
575	497
575	514
576	484
576	565
577	571
577	469
578	553
578	549
579	392
579	441
580	520
580	510
581	523
581	575
582	322
582	AT1G74070
582	567
583	569
583	211
584	556
584	573
585	528
585	AT1G74070
586	528
586	311
587	577
587	490
588	584
588	561
589	586
589	580
590	582
590	406
591	571
591	588
592	587
592	355
593	578
593	572
594	585
594	529
595	594
595	589
596	576
596	513
597	565
597	590
598	577
598	591
599	592
599	267
600	472
600	579
601	522
601	596
602	576
602	597
603	AT2G26550
603	469
603	239
604	598
604	AT2G29180
605	362
605	599
606	523
606	542
607	552
607	575
608	490
608	603
608	274
609	604
609	599
610	532
610	605
611	554
611	506
612	594
612	406
613	606
613	551
614	581
614	607
615	601
615	542
616	569
616	474
617	545
617	AT2G26360
618	608
618	609
618	605
619	610
619	547
620	612
620	414
621	581
621	606
622	615
622	551
623	616
623	583
624	617
624	559
625	AT1G32500
625	548
626	611
626	533
627	568
627	607
628	426
628	579
629	566
629	423
630	602
630	596
631	570
631	357
632	626
632	578
633	627
633	614
634	457
634	628
635	625
635	239
636	508
636	631
637	624
637	623
638	601
638	630
639	618
639	619
640	634
640	478
641	632
641	593
642	616
642	617
642	570
643	638
643	622
644	434
644	444
644	542
644	567
645	640
645	487
646	600
646	628
647	459
647	629
648	619
648	572
649	642
649	637
650	634
650	646
651	467
651	647
652	499
652	645
653	635
653	254
654	621
654	613
655	644
655	582
656	640
656	650
657	546
657	653
658	652
658	284
659	656
659	645
660	657
660	555
661	625
661	574
662	659
662	652
663	560
663	274
663	660
664	648
664	593
665	642
665	495
666	AT3G46610
666	386
666	274
666	407
667	613
667	622
668	530
668	620
669	658
669	517
670	651
670	485
671	648
671	639
672	291
672	573
672	663
673	665
673	636
674	665
674	649
675	AT3G19490
675	AT2G04030
676	666
676	447
676	415
677	635
677	661
678	621
678	614
679	668
679	550
680	595
680	612
681	673
681	674
682	600
682	566
683	658
683	662
684	669
684	549
685	600
685	AT1G54500
685	AT1G54780
685	558
686	680
686	620
687	672
687	584
687	210
687	288
688	654
688	655
689	569
689	675
690	288
690	210
690	676
690	437
691	546
691	677
692	667
692	643
693	679
693	519
694	578
694	684
695	562
695	AT1G67840
695	485
696	683
696	669
697	227
697	685
697	422
698	633
698	678
699	618
699	687
700	608
700	611
700	572
701	608
701	690
702	691
702	660
703	689
703	583
704	688
704	692
705	579
705	AT3G01440
705	422
705	399
706	240
706	697
706	236
707	664
707	700
707	671
708	699
708	701
709	678
709	654
710	560
710	702
711	563
711	693
712	593
712	694
713	448
713	705
714	696
714	684
715	440
715	706
716	695
716	670
716	527
717	666
717	573
717	710
718	597
718	711
719	713
719	628
720	676
720	717
721	AT3G46610
721	AT3G19490
721	AT4G25050
722	705
722	715
722	646
723	537
723	716
724	714
724	694
725	AT1G67840
725	686
726	720
726	690
727	721
727	275
728	723
728	557
729	464
729	722
729	650
729	719
730	698
730	709
731	712
731	724
732	725
732	679
733	708
733	639
734	708
734	726
735	721
735	211
736	656
736	729
737	712
737	641
738	AT1G16880
738	562
738	307
738	646
739	682
739	307
739	646
740	736
740	659
741	735
741	727
742	740
742	662
743	728
743	568
744	738
744	739
744	715
745	667
745	709
746	610
746	517
746	AT3G01440
747	602
747	718
748	696
748	742
749	744
749	683
750	704
750	745
751	733
751	734
752	737
752	731
753	730
753	750
754	696
754	749
755	682
755	629
756	732
756	711
757	712
757	746
757	719
758	664
758	737
759	731
759	748
760	754
760	714
761	756
761	718
762	755
762	647
763	700
763	733
764	747
764	630
765	746
765	671
766	763
766	751
767	764
767	638
768	757
768	759
769	760
769	724
770	762
770	651
771	752
771	758
772	386
772	675
772	AT1G16880
773	763
773	707
774	767
774	615
775	769
775	759
776	752
776	738
777	403
777	772
778	773
778	766
779	643
779	774
780	761
780	747
781	779
781	655
782	777
782	AT3G46610
783	AT4G23890
783	627
783	558
784	765
784	757
785	707
785	758
786	AT4G23890
786	743
787	650
787	755
787	715
788	770
788	670
789	744
789	295
790	AT4G23890
790	194
790	261
791	735
791	703
792	397
792	727
793	633
793	783
794	786
794	783
795	787
795	789
796	789
796	749
797	776
797	775
798	784
798	785
798	771
799	721
799	386
799	675
800	792
800	386
801	703
801	559
802	AT1G65230
802	790
803	472
803	AT4G23890
803	AT1G65230
803	558
804	793
804	794
805	795
805	796
806	754
806	796
807	418
807	275
807	782
808	799
808	741
808	791
809	800
809	741
810	801
810	637
811	807
811	447
812	704
812	781
813	194
813	707
813	765
814	802
814	AT3G01440
815	803
815	566
816	805
816	806
817	788
817	695
818	762
818	805
819	771
819	797
820	793
820	698
821	780
821	764
822	816
822	760
823	816
823	818
824	818
824	770
825	769
825	806
826	802
826	275
827	799
827	239
827	727
828	800
828	239
829	809
829	827
829	828
830	811
830	397
831	778
831	813
832	827
832	828
832	254
833	826
833	814
834	825
834	823
835	821
835	767
836	820
836	804
837	824
837	722
837	823
838	817
838	716
839	825
839	775
840	AT4G23890
840	260
840	566
840	295
841	819
841	798
842	400
842	815
843	810
843	674
844	418
844	419
844	828
845	832
845	807
846	832
846	829
847	833
847	574
848	834
848	837
849	723
849	838
850	AT4G23890
850	651
850	AT5G07020
851	845
851	846
852	681
852	843
853	830
853	479
854	784
854	785
854	773
855	441
855	548
855	AT3G01440
855	AT4G23890
856	834
856	797
856	839
857	424
857	835
857	774
858	728
858	849
859	848
859	839
860	840
860	850
861	211
861	183
862	851
862	844
863	801
863	194
864	419
864	518
864	853
864	AT1G54780
864	218
864	287
865	854
865	831
866	854
866	798
867	855
867	847
868	803
868	855
869	819
869	839
870	840
870	815
871	856
871	859
872	857
872	781
873	788
873	837
874	850
874	670
875	812
875	750
876	863
876	791
877	864
877	554
878	865
878	866
879	600
879	867
879	868
880	842
880	682
881	770
881	860
881	870
882	753
882	875
883	858
883	786
884	848
884	873
885	874
885	788
886	869
886	871
887	844
887	845
887	830
888	862
888	887
889	861
889	559
890	877
890	549
891	872
891	812
892	817
892	283
892	284
893	884
893	871
894	860
894	885
895	889
895	202
896	890
896	724
897	893
897	886
898	881
898	894
899	824
899	554
899	892
899	823
900	753
900	820
901	841
901	886
902	880
902	881
903	304
903	AT1G14590
903	196
903	445
903	183
904	241
904	AT3G19490
904	196
904	AT1G14590
905	810
905	863
906	792
906	876
907	895
907	583
908	861
908	311
909	896
909	785
910	776
910	785
910	777
911	554
911	194
911	715
911	714
911	AT1G67840
912	AT1G67840
912	685
912	790
913	685
913	879
914	898
914	685
915	817
915	685
915	AT4G23890
916	685
916	902
917	903
917	446
917	455
918	AT1G80380
918	196
918	AT2G04030
918	183
919	AT1G80380
919	675
919	196
919	AT2G26550
920	AT3G19490
920	196
920	AT2G26550
920	342
921	904
921	369
922	192
922	801
922	AT1G16880
923	791
923	741
923	AT1G65230
923	623
924	AT4G23890
924	275
924	AT1G65230
924	623
925	905
925	876
926	681
926	907
927	AT4G23890
927	861
927	623
928	906
928	AT1G16880
929	AT4G23890
929	419
929	583
930	AT4G23890
930	908
931	AT4G23890
931	AT1G80380
931	AT2G04030
931	183
932	909
932	910
933	AT1G16880
933	397
933	350
933	919
934	560
934	562
934	AT2G04030
934	600
934	826
934	574
935	690
935	819
935	911
936	196
936	275
936	AT1G67840
936	AT3G01440
936	AT3G19490
936	AT1G16880
936	350
937	912
937	833
937	531
937	815
937	697
938	841
938	878
939	196
939	397
939	AT3G19490
939	AT3G01440
939	AT1G16880
939	350
940	880
940	913
940	697
941	897
941	899
941	911
942	921
942	194
942	AT1G67840
942	485
942	AT1G16880
943	301
943	581
943	917
944	900
944	836
945	824
945	194
945	587
945	838
945	742
946	912
946	697
946	914
946	915
946	838
947	883
947	790
948	883
948	567
949	194
949	AT1G67840
949	196
949	AT1G16880
949	527
950	633
950	196
950	301
950	455
951	568
951	194
951	196
952	897
952	901
952	813
953	920
953	921
953	194
953	AT1G16880
953	485
954	697
954	914
954	916
954	814
955	AT5G07020
955	474
955	675
955	AT1G65230
955	727
956	AT5G07020
956	AT4G25050
956	275
956	AT1G65230
956	AT4G23890
956	474
957	853
957	734
957	887
958	560
958	AT4G23890
958	AT2G04030
958	574
958	AT4G25050
959	930
959	583
959	275
959	586
959	AT1G67840
959	AT1G65230
959	889
960	928
960	888
960	AT1G67840
960	507
960	853
961	929
961	AT1G67840
961	559
962	888
962	AT1G67840
962	957
963	584
963	929
963	AT1G67840
963	958
964	AT1G67840
964	194
964	907
964	AT5G01220
965	AT1G67840
965	922
965	863
965	202
965	231
966	AT1G67840
966	538
966	907
966	AT5G01220
967	801
967	538
967	AT1G67840
967	358
968	931
968	AT1G65230
968	275
968	586
968	AT1G67840
968	AT3G01440
968	918
969	419
969	933
969	936
969	682
969	939
969	853
969	507
970	938
970	932
970	935
971	833
971	419
971	196
971	682
971	815
971	AT1G67840
971	AT2G04030
972	937
972	706
972	940
972	934
973	833
973	196
973	682
973	815
973	496
973	AT1G67840
973	AT2G04030
974	196
974	AT1G65230
974	275
974	558
974	528
974	AT1G67840
974	AT2G04030
974	350
975	942
975	919
975	312
975	953
975	507
975	892
976	952
976	941
976	910
977	194
977	675
977	231
977	202
977	AT1G67840
977	921
978	AT1G67840
978	921
978	538
978	675
978	358
979	194
979	196
979	329
979	817
979	404
979	AT2G04030
979	312
980	609
980	194
980	873
980	746
980	748
980	817
980	404
980	AT2G04030
981	196
981	814
981	815
981	817
981	404
981	AT2G04030
981	312
982	954
982	915
982	404
982	706
982	AT2G04030
983	944
983	AT2G04030
983	950
984	891
984	931
984	943
985	882
985	900
985	AT2G04030
985	950
986	948
986	836
986	196
986	AT2G04030
987	194
987	931
987	AT1G65230
987	586
987	AT1G67840
987	918
987	475
988	194
988	931
988	586
988	497
988	918
988	567
989	849
989	AT1G65230
989	949
989	AT2G04030
989	329
990	196
990	814
990	815
990	496
990	849
990	AT2G04030
991	948
991	AT2G04030
991	951
992	945
992	873
992	AT2G04030
992	849
993	849
993	946
993	706
993	AT2G04030
994	194
994	196
994	AT1G65230
994	558
994	528
994	AT1G67840
994	AT2G04030
994	537
995	528
995	951
995	AT2G04030
995	558
995	567
996	194
996	196
996	231
996	202
996	AT1G67840
996	404
996	AT2G04030
996	AT4G37925
997	538
997	667
997	917
997	358
997	918
998	194
998	AT5G01220
998	202
998	462
998	918
999	196
999	AT1G65230
999	275
999	586
999	AT4G25050
999	AT1G67840
999	AT3G01440
999	AT2G04030
1000	196
1000	558
1000	AT1G67840
1000	853
1000	887
1000	600
1000	507
1001	957
1001	911
1002	833
1002	803
1002	196
1002	419
1002	AT4G25050
1002	AT1G67840
1002	AT2G04030
1002	600
1003	912
1003	913
1003	706
1003	958
1004	833
1004	803
1004	196
1004	AT4G25050
1004	496
1004	AT1G67840
1004	AT2G04030
1004	600
1005	196
1005	AT1G65230
1005	275
1005	558
1005	AT4G25050
1005	528
1005	AT1G67840
1005	AT2G04030
1006	792
1006	955
1006	923
1006	574
1006	231
1007	929
1007	956
1007	574
1008	929
1008	924
1008	637
1009	928
1009	923
1009	925
1009	231
1010	905
1010	922
1010	502
1010	231
1011	889
1011	924
1011	927
1012	194
1012	907
1012	637
1013	792
1013	955
1013	AT3G01440
1013	574
1013	231
1014	956
1014	AT3G01440
1014	574
1015	675
1015	196
1015	231
1015	419
1015	AT3G01440
1015	792
1015	474
1016	196
1016	AT4G25050
1016	275
1016	AT3G01440
1016	AT1G65230
1016	183
1016	AT4G23890
1016	474
1017	419
1017	196
1017	AT4G25050
1017	AT3G01440
1017	AT4G23890
1017	474
1018	997
1018	998
1018	1001
1018	1003
1018	1004
1018	1005
1018	1012
1018	1014
1018	1015
1018	1016
1018	1017