AT2G17630	[7]
AT4G13670	[]
AT1G05385	[5]
AT5G02160	[0]
AT1G07510	[4]
AT1G75690	[5]
AT2G41680	[3, 3, 3, 4, 4, 3, 7, 4, 7, 4]
AT3G10470	[6, 5]
AT1G14150	[3, 4]
AT2G18790	[5, 6, 5, 5, 6, 3, 3, 4, 4, 6, 7, 5, 3, 5, 5, 6, 4, 3, 4, 4, 6, 8, 4, 6, 3, 7, 7]
AT1G67840	[5, 7, 6]
AT1G31180	[6, 3, 6]
AT5G08050	[3, 5, 7, 5, 6, 4]
AT2G43010	[5, 6, 5, 4, 5, 5, 6, 5, 6, 6]
AT2G42220	[0]
AT1G23740	[3, 3]
AT4G16155	[]
AT1G03160	[5, 3, 6, 6]
AT4G35770	[3, 3, 3, 4, 3, 3]
AT3G53560	[0]
AT1G50250	[4, 3, 5, 7, 5, 6]
AT4G38380	[]
AT4G25050	[5, 4, 5, 5, 5, 3, 4]
AT2G40100	[4, 5, 3, 6, 6, 5, 6, 6]
AT4G39460	[3, 5, 5, 5, 5]
AT1G54780	[5, 5]
AT4G27700	[3]
AT3G15840	[5]
AT4G37925	[3, 3, 7]
AT1G06690	[3]
AT1G29920	[5, 3, 5, 6, 6, 7]
AT5G19500	[6, 5, 6]
AT2G30695	[2, 4]
AT4G13010	[3]
AT5G07020	[4, 3]
AT1G14345	[]
AT5G42765	[0]
AT1G27510	[4, 6]
AT1G03090	[6, 6]
AT1G15140	[3, 4]
AT4G33010	[7, 8, 3, 3, 7, 5]
AT1G67280	[3, 3, 6]
AT4G23890	[3, 4]
AT2G20260	[3, 4]
AT2G30950	[4, 3, 5, 7, 6, 7, 4, 3, 5, 4, 5]
AT5G20140	[3]
AT2G26550	[4, 4, 3, 5]
AT1G79450	[0]
AT5G52440	[4, 5, 3, 5, 5, 5]
AT4G39960	[2, 2, 3]
AT2G40760	[3]
AT2G41330	[4]
AT2G40400	[3, 4, 3]
AT3G46780	[2]
AT4G31560	[7]
AT4G20820	[3]
AT1G44575	[3, 3, 3, 6, 6, 3, 5]
AT5G42070	[0]
AT1G65230	[0]
AT3G15360	[4, 4, 4, 3, 3, 4, 5, 4, 4]
AT5G39830	[4, 4, 4, 5]
AT2G29500	[3, 3, 3, 6, 4]
AT2G21160	[0]
AT2G20270	[4, 4, 4]
AT1G74880	[3, 3, 7]
AT1G79040	[3, 6, 4]
AT3G22690	[5, 5, 5, 5, 7, 3]
AT5G42270	[4, 3, 5, 5, 6, 7, 4, 4, 5]
AT2G21530	[0]
AT1G56500	[1, 4, 6]
AT1G22020	[6, 6, 6, 6, 4]
AT1G17850	[0]
AT1G21750	[2, 4, 4, 3, 5, 3, 4, 4]
AT4G24930	[0]
AT2G37660	[]
AT4G18370	[4, 4, 5]
AT5G19370	[4]
AT1G74710	[6, 5, 6, 3, 6, 6, 5, 3, 4, 5, 4, 6, 3]
AT1G66670	[4]
AT4G31390	[6, 3, 4, 4]
AT3G28850	[4]
AT1G03600	[5, 5, 6]
AT5G08540	[0]
AT3G55330	[3]
AT1G79230	[3, 3]
AT3G47060	[4]
AT5G13120	[8, 2, 2, 3, 6]
AT1G78915	[0]
AT5G16150	[5, 8]
AT3G19490	[7, 7, 7, 4]
AT2G29180	[0]
AT2G26360	[3, 5]
AT2G26800	[5]
AT2G01918	[4, 3]
AT1G50450	[3]
AT5G52970	[0]
AT5G62720	[0]
AT3G56040	[5]
AT1G12250	[0]
AT1G54580	[5, 5, 5]
AT4G25910	[4, 4, 5, 4]
AT2G42975	[0]
AT1G80380	[5, 5, 5, 5]
AT4G28025	[0]
AT3G10130	[0]
AT3G21055	[3]
AT3G60370	[5]
AT1G54500	[5, 5]
AT1G54050	[3, 3, 6, 4]
AT4G01050	[5]
AT5G53490	[0]
AT2G37230	[0, 3]
AT4G38100	[]
AT5G21430	[3, 3]
AT1G80030	[2, 2, 3]
AT4G01900	[5, 6, 3, 7, 6, 2, 4, 5, 6]
AT3G24590	[4, 4, 4, 5, 5, 4, 4]
AT3G01480	[8, 2, 2]
AT4G33520	[6, 4, 7, 4, 9]
AT1G74070	[2]
AT3G47450	[3, 4, 3, 4, 4, 5, 6, 5, 5, 4]
AT2G22360	[2, 2, 3]
AT3G17830	[2, 2, 3]
AT3G26580	[0]
AT1G65260	[5, 4]
AT5G01500	[3, 5, 3, 5, 5]
AT1G14590	[0]
AT3G14420	[5, 3, 3, 4, 4, 4]
AT1G72640	[]
AT2G37400	[0]
AT3G08920	[0, 3]
AT1G52220	[0]
AT4G04020	[4, 7, 3]
AT1G51110	[]
AT5G16660	[0]
AT2G44990	[3, 4, 7, 7, 9, 4, 6, 7, 6]
AT3G15110	[0]
AT1G22450	[3]
AT1G32500	[3, 4, 3, 5]
AT1G16880	[1, 3, 4, 6, 4]
AT1G03850	[4, 4, 4]
AT1G20810	[]
AT5G53170	[4, 6, 3, 6]
AT1G16790	[0]
AT1G42960	[0]
AT1G02560	[4]
AT2G26340	[0]
AT4G19830	[]
AT4G36810	[5, 5, 5, 5, 4, 6, 3]
AT3G58010	[0]
AT1G51350	[0]
AT5G59250	[5, 8]
AT1G71500	[4, 3, 5, 7]
AT2G04030	[2, 2, 3, 3, 3, 4, 5, 5, 4]
AT5G01220	[5, 5, 5, 5, 5]
AT2G27290	[0]
AT3G26080	[0]
AT1G50460	[5, 5, 4, 3, 3, 4, 4]
AT5G23890	[]
AT2G35040	[6, 6, 3]
AT1G30510	[3, 3, 3]
AT1G15820	[5, 6, 3, 6, 3]
AT1G73530	[0]
AT1G67700	[4]
AT3G46610	[0]
AT5G03455	[3, 3, 6, 3, 3]
AT3G25480	[0]
AT5G52780	[0]
AT1G18730	[3, 5, 5]
AT4G39730	[3, 3, 3, 4]
AT2G01140	[5, 5, 3, 7, 5]
AT5G12470	[3]
AT1G55370	[3]
AT1G10170	[8, 6, 6, 8, 5, 4, 6, 6, 4, 4]
AT2G24020	[0]
AT1G76760	[4, 4, 4, 3, 4]
AT4G24750	[0]
AT5G15250	[4, 4, 5, 7, 5, 6]
AT3G57680	[4]
AT1G54790	[4]
AT5G35170	[]
AT3G01440	[3, 4, 4]
