AT2G17630	[]
AT4G13670	[5, 3]
AT1G05385	[5]
AT5G02160	[3, 5]
AT1G07510	[4, 3, 4, 4, 5, 4, 4, 4]
AT1G75690	[3, 5, 5]
AT2G41680	[5, 5]
AT3G10470	[]
AT1G14150	[3, 2, 4, 5, 5, 5, 2]
AT2G18790	[6, 4, 4, 4, 5, 4, 5]
AT1G67840	[5, 5]
AT1G31180	[4, 4, 4]
AT5G08050	[3, 5, 6]
AT2G43010	[4, 4]
AT2G42220	[3, 5]
AT1G23740	[4]
AT4G16155	[5]
AT1G03160	[5, 5, 3, 4, 5]
AT4G35770	[3, 5]
AT3G53560	[5, 4]
AT1G50250	[4, 3, 5, 5, 5]
AT4G38380	[]
AT4G25050	[4, 5]
AT2G40100	[4, 4, 4, 4, 5, 5, 5, 3, 3, 3, 5]
AT4G39460	[4, 4, 3, 4, 4, 4, 5, 4]
AT1G54780	[3, 5, 5, 5]
AT4G27700	[5]
AT3G15840	[5]
AT4G37925	[5, 3]
AT1G06690	[5, 5]
AT1G29920	[5, 5, 3, 5]
AT5G19500	[3, 1, 5, 5]
AT2G30695	[]
AT4G13010	[5, 5, 2]
AT5G07020	[5, 5]
AT1G14345	[3, 5]
AT5G42765	[]
AT1G27510	[5, 3]
AT1G03090	[4, 4]
AT1G15140	[]
AT4G33010	[3, 4]
AT1G67280	[4]
AT4G23890	[5, 5, 3]
AT2G20260	[3, 3, 5, 5]
AT2G30950	[4, 3, 5, 5, 5, 5, 5, 5]
AT5G20140	[5]
AT2G26550	[5, 5]
AT1G79450	[4, 2, 1, 3, 5, 5]
AT5G52440	[3, 3, 5, 4, 5]
AT4G39960	[5, 5]
AT2G40760	[]
AT2G41330	[]
AT2G40400	[3, 4, 5, 5]
AT3G46780	[5, 3, 5, 3, 3]
AT4G31560	[3]
AT4G20820	[1]
AT1G44575	[4, 5, 3, 3, 5, 5]
AT5G42070	[5]
AT1G65230	[3]
AT3G15360	[]
AT5G39830	[5, 5]
AT2G29500	[3]
AT2G21160	[2, 2, 3, 5, 3, 3]
AT2G20270	[5]
AT1G74880	[2, 5, 5, 3]
AT1G79040	[4, 3, 5]
AT3G22690	[5]
AT5G42270	[4, 3, 5, 5, 5]
AT2G21530	[5]
AT1G56500	[3]
AT1G22020	[3]
AT1G17850	[]
AT1G21750	[3, 4, 3, 6, 4, 3]
AT4G24930	[5, 5, 5]
AT2G37660	[]
AT4G18370	[5, 5, 5]
AT5G19370	[]
AT1G74710	[5, 4, 4]
AT1G66670	[5, 5, 4]
AT4G31390	[5, 5]
AT3G28850	[]
AT1G03600	[4, 5, 5, 5]
AT5G08540	[5, 5, 4]
AT3G55330	[5, 3, 3, 2, 4, 5, 5]
AT1G79230	[4, 4, 4, 4, 4]
AT3G47060	[4, 5, 3, 5]
AT5G13120	[5, 5, 6]
AT1G78915	[5]
AT5G16150	[5, 1, 3]
AT3G19490	[3, 4, 5]
AT2G29180	[3, 5]
AT2G26360	[4]
AT2G26800	[4, 4]
AT2G01918	[5, 3, 2]
AT1G50450	[]
AT5G52970	[5, 5, 5]
AT5G62720	[3, 3, 5]
AT3G56040	[4]
AT1G12250	[5, 5, 5]
AT1G54580	[4]
AT4G25910	[5, 5]
AT2G42975	[3, 5]
AT1G80380	[5]
AT4G28025	[5]
AT3G10130	[5, 5, 5]
AT3G21055	[4, 5, 5, 4]
AT3G60370	[5, 5]
AT1G54500	[3, 5]
AT1G54050	[3]
AT4G01050	[3, 5, 5]
AT5G53490	[5, 3, 5]
AT2G37230	[5]
AT4G38100	[3, 5]
AT5G21430	[3, 5, 5, 3]
AT1G80030	[5, 5]
AT4G01900	[5, 4, 5]
AT3G24590	[5, 1, 3, 5, 4, 5, 4, 4]
AT3G01480	[5, 5, 5, 5, 5]
AT4G33520	[3, 3, 4, 5, 4]
AT1G74070	[5]
AT3G47450	[4, 4, 5]
AT2G22360	[5, 5]
AT3G17830	[3, 5]
AT3G26580	[3, 5]
AT1G65260	[4, 5, 1, 5, 5, 5, 3]
AT5G01500	[4, 4, 5, 3, 4, 4, 4, 3, 4]
AT1G14590	[5]
AT3G14420	[5]
AT1G72640	[5]
AT2G37400	[5, 4]
AT3G08920	[3]
AT1G52220	[3, 5]
AT4G04020	[5, 5, 5, 4]
AT1G51110	[5, 5]
AT5G16660	[3, 4]
AT2G44990	[5, 5, 4]
AT3G15110	[3, 5]
AT1G22450	[4, 4, 4]
AT1G32500	[5, 4]
AT1G16880	[5, 4, 5]
AT1G03850	[4, 3]
AT1G20810	[5, 5, 5]
AT5G53170	[4, 5, 3, 5, 4, 4]
AT1G16790	[4, 5, 4]
AT1G42960	[3, 5, 5, 4, 4, 4]
AT1G02560	[5, 5, 4]
AT2G26340	[5, 5]
AT4G19830	[5, 5, 5]
AT4G36810	[5, 5, 4, 4]
AT3G58010	[5, 5, 5]
AT1G51350	[5]
AT5G59250	[1, 3, 4]
AT1G71500	[5, 5]
AT2G04030	[4, 5, 4, 4]
AT5G01220	[3, 4, 4]
AT2G27290	[5]
AT3G26080	[]
AT1G50460	[4, 4, 4, 4, 4, 4, 5, 4, 4]
AT5G23890	[3, 5, 5, 4, 4, 4]
AT2G35040	[4, 4]
AT1G30510	[5]
AT1G15820	[4, 3, 3, 5, 5, 3]
AT1G73530	[]
AT1G67700	[5, 3]
AT3G46610	[]
AT5G03455	[4, 4]
AT3G25480	[3, 5]
AT5G52780	[3, 5]
AT1G18730	[5, 3, 3, 3, 5, 5, 3, 3]
AT4G39730	[5, 2, 3]
AT2G01140	[5, 4, 4, 5, 5, 4]
AT5G12470	[3, 5, 4, 4, 4]
AT1G55370	[5]
AT1G10170	[4, 4]
AT2G24020	[5]
AT1G76760	[5]
AT4G24750	[]
AT5G15250	[4, 5, 5, 3, 3, 5]
AT3G57680	[5]
AT1G54790	[1]
AT5G35170	[5, 5]
AT3G01440	[2, 4, 5, 3, 5, 5, 2]
