0	98350
0	98366
0	98367
0	98370
0	65678
0	65679
0	131229
0	65696
0	131233
0	65700
0	65701
0	65706
0	131243
0	82092
0	131245
0	65710
0	65711
0	65713
0	65715
0	131253
0	131254
0	82103
0	82104
0	131257
0	65723
0	82109
0	82110
0	193
0	65731
0	65732
0	82117
0	198
0	65735
0	65736
0	231
0	82157
0	82158
0	82160
0	82164
0	65781
0	82173
0	30082
0	278
0	282
0	283
0	288
0	30087
0	30088
0	30089
0	30090
0	355
0	82280
0	431
0	467
0	469
0	476
0	483
0	487
0	492
0	82544
0	82563
0	82564
0	82566
0	82567
0	82573
0	17483
0	65694
0	131236
0	65708
0	50217
0	50236
0	50237
0	50238
0	65717
0	50240
0	50248
0	17481
0	50253
0	50257
0	50258
0	50262
0	17496
0	65722
0	65729
0	116011
0	116015
0	116017
0	116021
0	116033
0	116054
0	158616
0	116122
0	30317
0	158659
0	1691
0	76749
0	149285
0	51083
0	149405
0	149407
0	149408
0	149410
0	149411
0	149413
0	149432
0	149433
0	149435
0	149437
0	149438
0	161524
0	35308
0	35309
0	35310
0	35327
0	35334
0	60503
0	60504
0	60505
0	60506
0	35359
0	35363
0	60508
0	35380
0	3166
0	35382
0	35385
0	35390
0	158825
0	134285
0	101347
0	101378
0	101379
0	101388
0	3158
0	134238
0	134239
0	134240
0	134241
0	134243
0	134284
0	101618
0	150854
0	151089
0	151103
0	36462
0	36480
0	36481
0	151204
0	151205
0	151206
0	151222
0	151224
0	151225
0	151234
0	161769
0	161779
0	161781
0	37024
0	37035
0	119055
0	119056
0	119062
0	119063
0	119064
0	119065
0	119067
0	119068
0	119069
0	119075
0	119087
0	4740
0	4742
0	4743
0	21194
0	21198
0	70356
0	70357
0	21207
0	21214
0	21218
0	21219
0	70387
0	21287
0	119858
0	87261
0	87267
0	87268
0	87269
0	87270
0	87273
0	87274
0	87275
0	87276
0	87277
0	87278
0	87279
0	87280
0	87281
0	87282
0	87283
0	87284
0	87293
0	87294
0	87295
0	87296
0	87306
0	87307
0	87312
0	87317
0	87320
0	152874
0	152875
0	152878
0	152888
0	71095
0	137096
0	137228
0	137229
0	137231
0	137241
0	137243
0	137244
0	137245
0	137246
0	137247
0	137255
0	55455
0	55456
0	55459
0	55462
0	55475
0	55493
0	55494
0	55508
0	55509
0	55510
0	17482
0	17492
0	154168
0	154171
0	154172
0	23196
0	23201
0	23205
0	23206
0	154279
0	105209
0	105210
0	105211
0	105217
0	105221
0	105222
0	105225
0	105226
0	154381
0	105230
0	105231
0	105234
0	105235
0	105244
0	105248
0	154403
0	154523
0	154527
0	154528
0	154533
0	154677
0	154682
0	154686
0	154694
0	154707
0	154754
0	154756
0	154824
0	154836
0	154841
0	154866
0	154872
0	154876
0	154877
0	122160
0	122161
0	122162
0	122164
0	105789
0	122177
0	122182
0	122184
0	122187
0	122188
0	122193
0	154974
0	65718
0	154976
0	65720
0	65721
0	40405
0	40408
0	40409
0	40411
0	40442
0	40453
0	40454
0	40460
0	73240
0	73261
0	7764
0	7776
0	7777
0	82099
0	23195
0	157394
0	155746
0	155977
0	155978
0	156143
0	156149
0	139983
0	139984
0	139985
0	139986
0	139987
0	139990
0	139992
0	139993
0	139994
0	139995
0	140001
0	25477
0	25482
0	25483
0	25484
0	25485
0	25497
0	25502
0	25503
0	25504
0	25505
0	25506
0	25507
0	25508
0	25509
0	25510
0	25511
0	25512
0	25714
0	25729
0	61650
0	131258
0	45346
0	157396
0	157541
0	157547
0	157548
0	157552
0	157568
0	157569
0	157570
0	157576
0	157664
0	157665
0	157676
0	157678
0	157686
0	157849
0	125103
0	125106
0	125108
0	125113
0	92348
0	125128
0	92368
0	125140
0	158029
0	92674
0	10780
0	10850
0	109163
0	109164
0	109166
0	109167
0	109168
0	109169
0	109172
0	109173
0	109196
0	109197
0	109198
0	92953
0	109440
0	76693
0	76694
0	76696
0	76697
0	76698
0	76699
0	76700
0	76701
0	76702
0	76707
0	76709
0	76716
0	76721
0	76725
0	76726
0	76728
0	76733
0	76734
0	76735
0	76736
0	76737
0	76738
0	76739
0	76747
0	76748
0	76750
0	158788
0	158796
0	158798
0	60499
0	60500
0	60501
0	60502
0	158807
0	158808
0	158809
0	158810
0	60507
0	158812
0	158814
0	158820
0	158823
0	60523
0	158834
0	158835
0	158836
0	158837
0	142594
0	142600
0	142608
0	159833
0	159954
0	159955
0	159960
0	159961
0	159962
0	159967
0	159969
0	159971
0	159978
0	159982
0	45298
0	45301
0	45302
0	45303
0	45306
0	159995
0	159996
0	45310
0	45326
0	45327
0	45329
0	45331
0	45333
0	45341
0	45342
0	45347
0	45348
0	45349
0	45350
0	45354
0	45359
0	45364
0	45372
0	45374
0	160093
0	70373
0	61813
0	61824
0	45585
0	62159
0	62212
0	62213
0	62219
0	62221
0	157848
0	197
0	160742
0	160852
0	92345
0	92347
0	160874
0	160878
0	160879
0	160880
0	160887
0	160888
0	160912
0	125123
0	160917
0	160920
0	160921
0	160922
0	160923
0	160925
0	92357
0	160928
0	160929
0	128184
0	128186
0	128205
0	92378
0	30100
0	30105
0	157936
0	144844
0	13778
0	13787
0	13791
0	13796
0	13798
0	13799
0	30189
0	13836
0	13837
0	70578
0	144956
0	144957
0	144958
0	144961
0	144973
0	144974
0	144975
0	144979
0	154858
0	30314
0	30319
0	161513
0	161515
0	161517
0	161518
0	161519
0	161522
0	161783
0	161785
0	161788
0	161835
0	30841
0	112852
0	112854
0	112855
0	112856
0	112858
0	112859
0	112860
0	112861
0	112862
0	112863
0	112864
0	112865
0	63805
0	160873
0	97284
0	97286
0	97287
0	97288
0	97289
0	97291
0	128183
0	97441
0	51747
0	97800
0	97832
0	150141
0	147196
0	147200
0	147202
0	152879
109228	131263
109228	98604
98309	29161
98309	29148
98309	29165
98309	98309
98348	98739
98360	101147
98360	98739
98370	99121
98372	98737
98372	98739
98406	25230
98406	94172
98406	96088
98406	29148
98406	94176
98406	99298
98406	93032
98406	29161
98406	29165
98406	28789
131200	128176
131200	131200
131200	138782
131200	128158
65679	60614
98448	98618
98448	101307
98448	101301
131217	128158
65696	60635
131236	131311
65706	61056
65706	61163
65706	61060
65706	61191
65706	60696
65706	60712
65706	31968
65706	47823
65706	23162
65706	46304
65706	31970
65706	30819
65706	6758
65706	31977
65706	62193
65706	61178
65706	61180
65706	41725
131243	131584
65708	37896
65708	47650
65708	47673
65708	6758
65708	23162
65708	61060
65708	63699
65708	47243
65708	42642
65708	83113
65708	47306
65708	47823
65708	47827
65708	47330
65708	61163
65708	62193
65708	47350
65708	61178
65708	61180
65708	60696
65708	61221
65708	60712
65708	60717
65708	50990
65708	60724
65708	60728
65708	47418
65708	60731
65708	60732
65708	46977
65708	38799
65708	37269
65708	65972
65708	65974
65708	47694
65710	37896
65710	47650
65710	47673
65710	6758
65710	63699
65710	47243
65710	42642
65710	83113
65710	47306
65710	47823
65710	47827
65710	47330
65710	61163
65710	62193
65710	47350
65710	61178
65710	61180
65710	60696
65710	60712
65710	60717
65710	50990
65710	60724
65710	60728
65710	47418
65710	60731
65710	60732
65710	62274
65710	46977
65710	38799
65710	37269
65710	65972
65710	65974
65710	47694
65711	46977
65711	83113
65711	47823
65711	47827
65711	46304
65711	6758
65711	62193
65711	41725
65713	46977
65713	83113
65713	47823
65713	47827
65713	46304
65713	6758
65713	62193
65713	41725
65715	60759
65715	60756
65715	61751
65715	60665
131254	131584
131254	131852
131254	131357
131254	131615
131254	131362
131254	128293
131254	131306
131263	108337
131263	128327
65729	61191
65729	62217
65729	37912
65729	37930
65729	37931
65729	37932
65729	37896
65729	6758
65729	46963
65729	53118
65729	46977
65729	62216
65729	38799
65729	42642
65729	61086
65729	42673
65729	61376
65729	46790
65729	47823
65729	46304
65729	47331
65729	61163
65729	61178
65729	61180
65729	41725
65731	60834
65731	60667
65731	37930
65732	61191
65732	65939
65732	60836
65732	60712
65732	61098
65732	47823
65732	6758
65732	61163
65732	61178
65732	61180
65735	119138
65735	61219
65735	128327
65735	61897
65735	82320
65735	65939
65735	64223
131274	131380
131274	131381
131274	131577
131280	131763
131281	127092
131306	131440
65781	62999
278	1227
278	595
282	595
282	1227
131357	128455
288	1216
288	514
288	1098
288	1099
288	595
288	598
288	609
288	5941
288	5942
288	1212
288	1214
131380	131886
131380	129021
131380	131761
131380	131380
131380	129017
131380	128476
131381	131604
131381	131886
131381	128479
61323	61751
98618	98736
122217	119229
47355	48014
47355	38799
47355	42673
47355	47509
355	480
355	488
131440	99376
131440	132196
131440	131583
38291	44076
38291	38943
98367	99121
65939	61050
65939	101802
416	1211
33200	33200
131521	131618
467	514
467	1414
467	1098
467	1099
467	1216
467	1330
467	5941
467	5942
467	1212
467	1214
66011	37280
66011	67463
66015	62829
66015	61166
66015	37280
66015	62841
66015	62810
66015	61161
66015	61162
66015	61163
66015	62830
492	579
492	588
66030	38281
66030	48052
66031	61191
66031	61178
66031	61180
131577	140333
131577	132063
131584	137890
131584	132198
514	622
131604	128720
131604	131769
579	721
579	719
588	719
598	1218
609	1213
131761	131889
131763	131891
131769	129587
131769	128891
131769	129599
51307	6758
51307	47823
51307	47827
51307	46615
109356	102152
109356	102409
109356	98448
109356	105762
109356	105768
109356	98348
109356	102061
109356	98736
109356	109489
109356	98739
109356	106078
109356	101307
109356	98372
109356	106074
109356	105565
109356	105566
109356	105567
109356	105569
109356	105317
109356	105320
131852	137521
131886	129017
131886	117586
131886	117485
131886	132054
131889	131761
131889	129587
131889	129021
131889	129599
51312	52815
909	3825
912	3824
131229	125384
131229	131274
131229	128343
131229	117586
131229	128340
131229	124311
131229	128476
131229	128479
131229	128235
131229	117485
131229	131380
131229	131381
131229	128886
131233	128327
131233	131263
132054	131200
132054	131217
132054	129212
132054	126037
65700	60665
132063	132193
132063	129587
132063	145251
99298	94172
99298	96335
99298	96088
99298	86268
99298	96093
99376	100138
99376	99485
99376	71142
131253	131358
1093	23225
1093	6187
1093	6212
1093	6190
1093	4793
65720	37896
65720	47650
65720	47673
65720	6758
65720	47243
65720	42642
65720	47827
65720	83113
65720	61098
65720	47306
65720	47823
65720	63699
65720	47330
65720	61163
65720	62193
65720	47350
65720	61178
65720	61180
65720	60712
65720	60724
65720	60728
65720	47418
65720	60732
65720	46977
65720	37269
131257	131584
131257	25230
131257	128293
131257	131306
131258	25230
132193	135218
132193	145251
132193	133071
40409	40645
40409	36461
40409	45720
40409	37052
40409	40501
1124	1166
1124	1159
132198	143067
132198	143150
132198	132510
132199	132728
132199	132470
125519	117485
125519	126037
1213	1379
1218	1272
1272	1429
1272	1430
1274	1425
1274	6749
114908	115980
114909	115946
114909	114718
1330	1381
132470	132738
1414	1489
1414	1436
1414	38398
1414	38217
82157	82298
1425	28357
1425	28343
132505	115990
132507	145817
132507	115722
132510	139528
132510	143634
132510	133059
1489	38800
1489	38464
1489	38798
31693	27032
31693	23720
31693	23725
31693	33405
31693	29679
34292	34362
76726	71490
76726	76967
76726	71497
76726	73272
76726	76861
76728	77632
76728	77491
76733	73272
76735	70618
76735	76932
76735	76909
132738	132914
76738	71490
76738	71497
76738	73272
1691	200
100014	100512
131362	131521
131362	131516
109519	105816
109519	105817
125914	127092
125914	124311
125914	126046
100132	100138
100144	100144
100144	101317
100144	114825
100144	98767
100144	95920
100144	95922
100144	101333
100144	100122
132914	133128
51345	52815
67463	52895
67463	46615
133071	134194
133071	130195
27652	50690
27652	24725
27652	27871
50262	37896
50262	40970
50262	46607
50262	46608
50262	46615
50262	37912
50262	45744
50262	47650
50262	43044
50262	46629
50262	45745
50262	37930
50262	37931
50262	37932
50262	50992
50262	50993
50262	45747
50262	47673
50262	47932
50262	47330
50262	47694
50262	51300
50262	6758
50262	47331
50262	51304
50262	46568
50262	46963
50262	78198
50262	53118
50262	46977
50262	47243
50262	51342
50262	38799
50262	42642
50262	48023
50262	37269
50262	45719
50262	15259
50262	45727
50262	36200
50262	45730
50262	45740
50262	42673
50262	47350
50262	46790
50262	47306
50262	47827
50262	46969
50262	47823
50262	41181
50262	50403
50262	50407
50262	41202
50262	41973
50262	47355
113554	113859
82320	77217
82320	77236
82320	98604
35308	30819
35308	36461
35308	35413
35308	30341
35309	36200
35309	36209
35309	23786
35310	36209
35310	36204
35327	30184
35327	30185
60502	55721
60502	55722
60502	61680
60502	61681
60502	61686
60502	61687
35334	1414
35334	23786
60503	55721
60503	55722
60503	55730
60503	22966
60503	55729
60505	55729
98737	100698
98737	99118
35380	1414
35380	23786
35380	37931
35380	37930
126046	124311
65972	37280
65972	61090
65972	66030
65972	66011
35390	22248
35390	29161
35390	29772
35390	30318
35390	31283
35390	22229
35390	31356
65974	6758
65974	47823
65974	47827
65974	66011
35412	30341
35412	31977
35412	25964
35412	35862
35412	35865
35412	41790
60523	61680
60523	61681
60523	61686
60523	61687
98767	95920
98767	100144
98767	100122
98767	98767
51083	51490
51083	47327
469	514
469	1414
469	1098
469	1099
469	1216
469	1330
469	5941
469	5942
469	1212
469	1214
71477	37931
71477	47694
71477	72404
71477	47673
71477	72409
76939	46977
76939	42642
76939	77573
483	518
483	542
66022	46629
66022	46608
66022	61178
66022	61180
488	537
488	531
488	525
488	547
488	553
101300	7736
101300	64971
76967	71501
76967	70883
101378	101802
134194	131200
134194	131184
134228	144881
134228	147171
3158	1700
134238	131263
134239	140164
134239	117586
134239	134499
134239	117485
134239	131380
134239	131577
134240	134499
134240	140164
134240	131274
134240	117586
134240	117485
134240	128340
134241	131280
134241	131281
134241	131278
134241	134695
134243	134499
134243	140164
134243	131577
101478	97672
101478	103178
101478	97680
101478	95005
101478	97695
101478	74209
101478	71142
3182	3193
3184	514
3184	1048
3184	1064
3184	3372
3184	1074
3184	1330
3184	5941
3184	5942
3184	1335
3184	1093
3184	3399
3184	1098
3184	1355
3184	1356
3184	595
3184	3412
3184	598
3184	1124
3184	3216
3184	609
3184	25464
3184	3193
3184	3194
3184	1414
3184	3979
3184	909
3184	912
3184	919
3184	416
3184	4005
3184	1212
3184	1214
3184	1216
3184	1227
3184	3269
3184	3275
3184	3278
3184	4308
3184	4312
3184	3824
3184	3825
3184	1099
3184	3838
3193	3193
3194	3211
134284	131358
101522	103178
101522	97680
101522	114717
101522	95920
101522	100132
101522	95005
101522	99376
101522	100122
101522	98767
101522	100144
101522	74209
101522	71142
3275	3427
3275	3422
131618	132199
3278	3419
3278	3423
101606	98406
101606	102024
101606	102042
3422	3472
3422	3493
3422	3479
3423	3484
3423	3462
134499	141040
134499	136015
3432	3546
3432	3535
36204	37896
36204	37932
36204	37930
36204	36460
36204	37912
36204	36478
36204	36479
36217	31174
36217	31177
61219	61892
109229	105576
3546	3643
122325	75723
134695	131763
134695	134814
22460	5971
22460	22831
36460	41176
36460	36479
36460	37031
36462	37028
36462	37023
36468	27292
36468	31436
36468	37057
102024	102854
102042	99298
102042	93032
102042	29161
102042	29165
102042	29148
102042	96088
102042	102042
102042	94172
102042	98309
134814	155820
134814	137103
134814	131891
134814	136117
102061	102409
102061	98736
102061	98360
102061	101307
82551	47270
82551	47306
33405	34836
3824	22519
109241	105664
109241	105762
109241	105644
109241	109489
109241	98739
109241	105396
109241	109429
40682	40827
40682	40725
82564	47270
82564	82761
82564	47306
82564	83415
40501	41187
40501	31174
40501	11921
40501	40968
40501	12211
40501	36212
40501	19322
40501	15259
119063	119229
109247	105416
109247	105428
109247	105430
109247	106078
26322	22338
102409	98736
102409	101147
102409	98739
135218	131200
135218	137178
135218	130195
135218	131217
37237	37272
37237	37291
37237	37279
37052	37209
37052	31970
114716	114908
37213	41958
37213	37326
37213	37327
37213	32187
37213	37213
37269	47239
37279	38288
37280	38280
37280	33200
37299	37787
37299	42679
102854	29161
102854	25230
102854	103831
102854	102975
37326	32289
37326	37802
60836	61056
60836	61050
60836	61059
60836	61060
60836	101802
4742	3211
4742	3182
4742	4312
4742	3193
4743	21335
4743	6053
4743	6178
4743	6184
4743	37930
4743	37932
4743	6196
4743	6200
4743	3643
4743	3644
4743	5696
4743	6211
4743	1124
4743	6758
4743	3184
4743	3193
4743	3194
4743	3216
4743	4766
4743	4800
4743	4801
4743	1227
4743	3269
4743	3275
4743	3278
4743	4308
4743	4312
4743	3824
4743	3825
4743	4853
4743	3838
4743	5920
4743	5924
4743	5925
4743	3372
4743	5941
4743	5942
4743	47932
4743	3399
4743	6472
4743	3412
4743	6999
4743	3423
4743	3426
4743	4982
4743	25464
4743	3979
4743	909
4743	912
4743	5012
4743	3479
4743	5018
4743	5026
4743	5027
4743	6052
4743	4005
4743	5030
4743	5031
4743	5033
4743	5037
4743	5041
4743	5566
4743	5568
4743	6051
4743	5972
4743	5630
4743	5631
4745	3979
4745	4764
4745	1093
4745	4005
4745	5927
4745	3372
4745	5933
4745	3643
4745	3644
4745	4800
4745	4801
4745	3269
4745	3423
4745	3824
4745	3825
4745	3838
4760	4793
4760	3211
4764	4795
4764	3211
4766	3194
4775	4924
4775	5071
4795	3211
4800	6211
4800	1227
4801	6211
4801	1227
70387	70500
103197	100138
4925	5070
4982	5164
5012	3399
5012	6999
5012	5924
5012	5925
5012	37932
5012	5941
5012	5942
5012	47932
5012	37930
5018	3412
5018	6999
5018	5924
5018	5925
5018	37932
5018	5941
5018	5942
5018	47932
5018	37930
5026	5113
5026	5099
5026	3422
5027	3419
5030	3427
5030	3462
5030	3463
5030	5099
5030	3539
5030	5107
5030	5081
5030	5113
5030	3485
5030	3493
5031	5081
5031	3643
5031	3423
5033	3426
5033	3269
5033	3423
5037	5179
5041	3432
5041	5161
5041	5174
70578	71129
70578	71018
136117	137091
40405	40645
40405	35862
40405	45720
40405	15259
40405	37052
5071	8283
5071	8239
5081	3539
5081	3484
5081	3485
5081	3462
5099	3479
5107	3484
5107	3485
70644	70827
70644	71502
112856	109241
37896	42673
37896	1489
37912	47509
5161	5344
5161	5355
5161	3979
5161	4005
5161	3535
5164	5344
5164	3643
5164	5355
5164	5351
5174	5344
5174	3546
5174	5355
40544	26759
5179	3539
55493	55721
70827	37912
70827	47331
70827	46963
5351	3644
5355	3979
5355	4005
70940	71137
70940	71142
70940	71133
103749	104035
38217	38464
71018	28789
38280	33200
38280	38943
38281	47779
38281	41973
103831	100014
71095	74209
5566	5696
5566	1124
5566	5972
71133	34834
71133	73006
71133	72662
71133	72663
71137	72662
5696	5971
5696	5973
30746	26273
30746	50690
30746	26759
30746	29161
30746	29772
30746	27022
114825	139528
114825	115980
114825	116005
114825	144941
5920	6476
5924	6182
5924	6198
5925	6185
5925	6194
5925	23203
5925	23194
5925	6199
5927	1211
5933	11918
71472	72577
71472	71688
71472	71472
71472	47350
71472	47673
71472	72410
71472	71483
71483	71688
71483	72577
71483	72410
71488	72568
71488	72409
71488	72550
71489	72577
71489	72568
71489	62476
5971	22970
11921	23162
11921	12341
98604	109678
38800	53784
38800	38826
38800	54131
137178	134194
61098	43044
61098	61161
61098	46615
71688	72025
137228	131584
137229	134695
137229	155820
137229	137103
137229	136117
137241	137309
137241	137310
137243	137309
137244	137309
137247	103831
6184	6334
6194	6757
6211	19322
6211	12211
51324	46629
51324	46608
137309	137898
137334	137947
6334	6742
6334	6743
6472	25467
6472	6556
6472	6550
6476	7736
6476	6557
50236	45718
50236	45719
50236	45720
50236	50394
50236	45727
50236	41187
50236	50407
50236	45744
50236	45749
50238	50400
50240	43520
50240	29762
50240	27652
50240	29766
50240	75721
50240	29770
50240	29771
50240	24725
50240	50272
50240	50277
50240	50285
50240	50292
71142	106849
71142	100132
71142	71142
71142	74156
71142	98767
71142	95920
71142	100122
71142	100144
50258	45568
50258	45571
50258	37896
50258	40970
50258	37912
50258	45744
50258	47650
50258	45745
50258	37930
50258	37931
50258	45612
50258	45613
50258	47673
50258	47694
50258	47331
50258	47243
50258	42642
50258	45747
50258	45719
50258	45727
50258	45730
50258	45740
50258	42673
50258	45749
50258	46790
50258	47306
50258	47827
50258	41181
50258	47330
50258	50403
50258	50407
50258	41202
50258	47350
50258	47355
50258	37932
50258	47932
50258	36200
50258	46963
50258	78198
50258	46969
50258	53118
50258	46977
50258	38799
50258	37269
50258	48023
50258	41973
6742	6756
132196	114712
132196	132507
137890	138218
137890	132510
51328	46608
51328	46629
137898	115718
137898	138430
50237	26795
50237	47823
50237	35412
50237	45527
50237	41187
50237	6758
50237	41190
50237	41191
72404	37930
72404	47932
72404	47650
72404	47694
61222	51977
61222	62274
61222	12342
105209	105254
105211	105399
105217	102409
105217	105566
105222	97676
105222	97693
105222	105383
105222	114717
105222	97672
105222	102975
105222	106070
105222	101478
105225	106070
105225	97672
105225	103178
105225	106008
105225	106009
105225	97695
105225	105293
105225	105297
105225	105298
105225	97680
105226	97672
105226	106008
105226	106009
105226	114717
105226	97695
105226	105293
105226	105297
105226	105298
105226	106070
105226	97680
143149	143334
105234	43520
105234	84482
105234	98309
105234	105480
105234	73234
105234	86268
105234	102975
105234	28789
105234	102024
105234	100014
105234	95005
105234	93876
105234	105724
105234	84234
105234	105856
105234	103831
105234	105383
105234	102854
105234	75721
105234	75723
105234	29148
105234	74207
105234	74209
105234	105443
105234	105445
105234	29161
105234	29165
105234	106488
105235	43520
105235	84482
105235	98309
105235	73234
105235	28789
105235	102024
105235	25230
105235	100014
105235	93876
105235	86268
105235	84234
105235	95005
105235	94172
105235	94521
105235	96088
105235	96093
105235	93032
105235	105856
105235	102042
105235	75721
105235	75723
105235	29148
105235	74207
105235	94176
105235	74209
105235	99298
105235	29161
105235	29165
105248	106008
105248	106009
105248	114717
105248	105383
105248	105298
105248	106070
105248	105445
105248	101478
105248	105724
105254	105760
105267	101802
105267	105380
105267	105375
65701	60667
72568	73272
72568	73293
72568	72030
72568	63711
105375	101802
105375	105622
105380	105622
105383	103178
105383	106069
105396	105664
105396	98739
105396	105644
105399	105646
105415	98739
105416	102409
105416	109419
105416	98372
105428	102409
105428	105644
105443	106010
105443	95005
105445	106004
138218	114712
138218	143634
138218	143636
138218	144941
105480	74209
105480	102024
105480	73234
105480	95005
105565	105762
105565	98372
105565	98348
105565	109419
105565	98736
105565	102409
105567	102409
105567	102061
105569	105762
105569	105768
105569	102409
1211	1274
1211	1211
105576	105928
105576	105576
105576	105930
105576	105254
105622	105933
105622	105934
105644	105664
105644	109538
105644	105768
105644	102409
105644	105835
105644	105644
105644	105762
105644	105837
105644	98739
105646	105812
105724	106004
105724	95005
50394	37896
50394	46607
50394	46608
50394	51222
50394	46615
50394	51231
50394	47650
50394	46629
50394	37930
50394	47694
50394	51300
50394	6758
50394	51302
50394	51304
50394	51308
50394	51324
50394	51333
50394	47243
50394	51342
50394	42642
50394	45718
50394	45719
50394	45720
50394	45730
50394	47306
50394	47823
50394	47827
50394	41187
50394	47350
50394	46332
50394	50991
50394	50992
50394	50993
50394	47418
50394	47932
50394	53594
50394	53595
50394	48487
50394	53108
50394	37269
50394	38799
50394	38281
50394	53647
50394	46326
50394	46568
50394	66030
50394	41973
105760	105925
105762	54116
105762	106445
105762	109159
105768	106074
65718	60768
65718	60769
65718	27652
65718	61754
138627	138827
83185	84234
83185	86268
105963	99376
105963	71142
40453	40514
40453	40692
40453	30694
40454	40544
40454	40693
40454	26759
106004	106218
106004	95005
73240	73542
73240	29161
106010	106221
106010	95005
138782	128176
138782	128158
40492	40966
73261	73553
73261	74207
117008	117497
117008	113973
7764	21335
7764	6053
7764	6178
7764	3479
7764	6184
7764	37930
7764	37932
7764	6196
7764	6200
7764	3643
7764	3644
7764	5696
7764	6211
7764	1093
7764	1124
7764	6758
7764	7786
7764	3194
7764	7809
7764	4745
7764	3216
7764	4766
7764	4800
7764	4801
7764	1227
7764	3269
7764	3275
7764	3278
7764	4308
7764	4312
7764	5344
7764	5355
7764	3824
7764	3825
7764	4853
7764	3838
7764	5920
7764	5924
7764	5925
7764	5927
7764	3372
7764	5933
7764	5941
7764	5942
7764	47932
7764	3399
7764	6472
7764	3412
7764	6999
7764	3423
7764	3426
7764	4982
7764	25464
7764	3979
7764	909
7764	912
7764	5012
7764	5018
7764	5026
7764	5027
7764	6052
7764	4005
7764	5030
7764	5031
7764	5033
7764	5037
7764	5041
7764	5566
7764	5568
7764	6051
7764	5972
7764	5630
7764	5631
106070	106849
106074	102409
106078	102409
7776	3193
7776	7811
7776	7812
7777	4760
7777	7817
7777	7811
7777	7812
7786	7816
7786	4764
7786	4766
7786	6178
7786	6182
7786	5927
7786	6185
7786	5933
7786	6196
7786	6198
7786	6199
7786	6200
7786	1093
7809	1093
7809	5927
7809	5933
7809	8943
7817	4793
7817	6212
7817	23225
7817	6190
7817	8943
40641	43520
17698	8239
40658	26345
40658	17555
40658	41541
40658	19126
23162	19273
40677	40827
106221	106484
106221	95005
40693	26692
7952	4925
7952	5071
116015	116042
23183	27955
23183	23741
65736	61050
65736	65939
65736	101802
23200	24086
55974	56256
55974	82298
23207	23364
106487	103831
106487	95005
106487	106811
106487	75723
106487	106700
106488	106816
106488	103831
106488	95005
106488	75723
40960	36217
106503	106689
106528	131263
8239	18102
106685	106833
106685	106834
106685	95005
106689	106833
106689	106845
106689	95005
41191	36452
41191	27350
41191	41789
41195	41794
41195	37801
41195	36468
41195	42679
41195	37787
41201	36478
41201	36479
106820	106919
106836	106913
106836	103178
106836	106891
106839	106977
106845	106919
106845	107517
106849	106915
106849	100132
106849	71142
106849	106849
106849	98767
106849	95920
106849	100122
106849	100144
106891	103178
106919	109161
106919	109133
106919	108014
74156	64169
74156	34292
106931	107522
159819	158669
159819	157397
74207	75721
74207	75723
105231	103178
105231	106008
105231	106009
105231	95005
105231	105298
105231	105443
105231	106070
105231	101478
105231	101522
105231	105383
105231	74209
105231	105445
105231	71142
105231	105724
105244	94172
105244	94521
105244	96093
105244	93032
105244	28789
105244	75721
105244	75723
105244	29148
105244	29161
105244	29165
105244	86268
139983	131200
139983	140166
139983	145131
139983	140151
139983	156348
139983	145565
139984	152909
139984	140166
139984	140151
139985	140164
139985	140166
139985	140151
139986	131577
139986	131891
139986	140158
139992	140033
139995	137309
139995	137310
140001	137521
140001	131852
140001	137334
119231	119583
41725	37896
41725	42642
41725	41973
41725	41176
41725	37269
140033	140161
41743	42033
41752	41974
41789	42050
41790	33200
41790	37209
41790	37787
41790	37052
41790	41790
41792	41958
41792	36461
41792	35865
41793	42048
41793	43044
41793	12341
41793	19322
41793	37051
41793	12211
140151	141040
140151	141038
140158	131891
140164	140488
140164	132063
115964	138627
109419	105762
109419	102409
109419	109419
109419	105644
109419	109489
107522	109120
107522	107780
140333	129212
42033	37280
42033	42701
42048	42680
42048	12341
42050	42545
42078	42551
42078	37326
42078	37327
105317	105762
105317	105317
105317	105569
105317	105416
105317	105415
105317	105396
105317	102409
105320	105762
105320	105415
105320	105768
105320	105320
105320	105428
105323	102409
105323	105396
105323	105644
140488	131200
140488	153217
140488	141246
107763	107812
107775	107804
107775	107812
72577	73272
107786	109125
107786	109043
107786	108015
107810	108018
107810	108019
107810	104035
40689	40827
116280	116577
116280	113836
116280	115985
116280	113716
116280	113243
116286	116577
116286	113836
116286	116594
116286	115985
116286	113246
40692	40827
61681	101300
61681	61838
114890	115985
114890	143317
42538	37801
42538	42679
56256	51207
42642	37896
42642	24034
108180	108390
82164	77089
42673	37912
42673	42673
42673	37930
42673	37932
42673	38799
42680	43016
115990	134193
115990	134228
42701	43014
45347	46082
45347	19126
45347	26345
45347	40658
45347	17555
45347	40660
45347	22966
141038	141249
141038	141356
141040	141248
51349	52008
141246	141343
141248	42545
141248	142540
160737	159825
43014	38280
43016	43036
43016	43044
141356	141789
125113	95005
141789	142040
141789	142561
43520	43682
43520	63799
43520	63803
43520	43679
43520	74207
10780	10804
10803	7809
10803	11918
10803	11921
109122	109162
10819	12211
10819	12212
10819	19322
10819	15259
10821	12211
10821	12212
10821	19322
10821	15259
10822	12211
10822	12212
10822	19322
10822	15259
10836	15259
10836	12212
109164	105254
109164	109488
109164	131263
109166	105576
109166	109229
109168	131263
109169	109228
109172	105267
109172	106261
109196	105569
109196	105317
109196	105320
109196	109247
109196	109241
109196	105565
109196	105566
109196	105567
109197	105317
109197	105320
109197	105323
109197	106078
109197	109241
109197	109246
109246	105415
109246	105644
109246	105396
109246	109429
31977	33200
31977	32289
31977	23165
35862	35412
35862	30820
35862	30821
50993	6758
50993	47823
50993	47827
50993	46615
50993	51225
109429	105664
109429	109519
109440	109545
76697	46615
76697	47790
76697	78397
76700	77217
76700	43044
76700	6758
76700	47823
76700	77232
76701	62830
76701	12341
76701	12342
76702	46615
76702	47790
76702	47823
76702	47827
76702	6758
76707	70940
76709	77217
76709	77236
76716	70500
76725	42642
76725	76939
76725	46977
76734	47650
76734	47306
76736	76924
76736	76918
76737	76936
76737	62476
76737	72568
76737	76924
76739	37912
76739	70837
76739	73272
76739	61376
76739	47331
76739	46963
76739	70644
76739	76917
76739	76920
76747	76935
76747	38799
76747	37912
76747	37930
76747	37932
76747	42673
76747	71477
76747	47673
76747	71488
76747	46790
76747	47694
76747	46969
76747	72409
76747	47331
76747	72550
76747	72568
76747	46963
76747	76920
76748	73272
76749	76913
76749	47673
76749	47694
76750	76912
109538	109538
109538	105835
109538	105837
109538	105812
109551	105856
109488	105760
109488	116115
109488	109951
106215	103831
106215	95005
106215	100014
106215	106487
106215	102975
106215	74209
109489	105762
76861	77488
76909	71472
76909	76909
76912	42642
76912	47694
76912	46977
76913	73272
76913	47694
76913	47673
76917	47331
76917	70827
76917	37912
76917	46963
76917	73272
76918	73272
76920	71488
76920	71502
76920	37912
76920	72409
76920	47331
76920	72550
76920	78694
76920	77615
76920	46963
76920	72568
76924	62476
76924	72568
76924	73272
105664	105816
105664	105817
76932	71489
76932	76932
76932	62476
76932	72568
76935	77600
76935	42673
76935	37930
76935	37932
76935	77617
76935	71477
76935	37912
76935	46969
76936	73272
76947	77613
76947	73272
76947	77630
142594	140033
142594	131577
142594	142629
142600	142682
142608	142699
77089	77089
77089	77189
77089	71142
77089	99376
77089	72662
142629	140161
142629	131577
41958	42051
41958	41958
41958	37801
41958	37326
41958	37299
41958	42679
41958	37213
41958	42078
142682	142879
142699	142944
142699	142945
77232	33200
142874	143066
142874	143063
142874	143087
142875	143067
142875	143091
142875	143062
77357	78593
77357	78588
77369	78593
77369	78945
142944	142981
142944	143112
142944	143113
142944	142989
142944	143001
142945	143112
142945	143113
142945	119007
142945	142981
11918	6560
11918	23177
11918	12187
11918	23182
77488	48016
143062	143146
143066	143148
143067	143144
143067	143146
143067	143147
143067	144941
143067	145391
143067	139528
143067	132510
143087	143333
143091	114890
143091	143149
77573	47694
77573	47270
143112	143156
77582	47650
77582	47673
77594	83113
77594	47306
77594	47350
77600	73272
77600	71477
122160	122360
122160	117586
122160	117485
143146	143263
77613	73272
77613	71490
143150	138218
77615	71488
77615	78694
77615	78701
77615	72568
77615	72409
77617	73272
77617	72409
77630	73272
122177	119138
12187	23345
12187	12342
143263	139528
143263	143334
143263	144941
143263	144934
122184	113120
122184	113122
122184	122244
122184	74209
122184	75723
122184	122325
122184	103831
122184	122264
122184	119162
122187	122316
122187	113141
143317	144938
143333	144881
112882	43520
112882	113026
112882	95005
112882	102024
112882	73234
112882	86268
112882	29148
112882	93876
112882	116193
112882	75721
112882	75723
112882	74209
112882	113122
112882	29161
112882	29165
112882	116339
51210	51380
51210	51349
62135	63119
113559	113856
113559	113560
34836	33405
34836	29679
45298	45720
45301	45571
45301	40492
45302	45571
45302	40492
45302	45718
45306	26759
45306	40514
45306	29772
45306	40544
45306	30694
45306	29161
45310	26759
45310	24725
45310	6053
45310	22953
45310	22830
45310	26692
45310	29772
45310	40539
45310	29148
45310	40544
45310	29161
45310	29165
45310	28789
45326	43520
45326	27652
45326	24725
45326	29762
45326	29766
45326	75721
45326	29770
45326	29771
45326	29772
45326	29161
45327	43520
45327	27652
45327	24725
45327	29762
45327	29766
45327	75721
45327	29770
45327	29771
45327	29772
45327	29161
45327	40569
45329	43520
45329	27652
45329	29762
45329	24725
45329	40641
45329	40642
45329	29766
45329	75721
45329	29770
45329	29771
45329	29772
45329	29161
45341	40645
45342	42538
45342	42547
45342	35412
45342	42078
45348	19126
45348	26345
45348	17555
45348	40660
45348	22966
45349	26345
45350	22370
45350	22966
45350	23724
45350	40725
45350	25464
45354	40677
45354	40682
45359	26692
45359	40677
45359	29161
45359	29772
45359	40689
45359	40692
45359	40693
45364	40677
45364	22966
45364	26345
45364	23724
45364	40689
45364	22738
45364	17555
45364	40692
45364	40693
45364	19126
45364	25464
45372	45578
45372	45527
78198	78728
78198	53114
78198	53127
78198	47673
62193	48016
62193	48028
62193	63111
45568	40964
45568	40968
45568	43044
45571	40966
45578	40970
45578	41973
45585	46977
45585	46790
45585	40970
45585	45744
45585	45749
45585	45727
130100	127092
62213	53118
62213	82774
45612	47823
45612	6758
45613	40971
45613	41018
109125	109155
51300	6758
51300	47823
51300	47827
51300	46615
51308	67463
51308	52307
51308	46615
51308	52825
51308	43044
45719	41176
45719	46332
45719	41181
45719	46326
45720	31174
45720	41191
45727	46304
47350	47694
47350	47509
47350	48014
47350	38799
45730	45730
45730	46325
45730	46615
45740	41201
45740	41202
105928	122362
105928	106261
105928	106255
45747	41202
40408	40971
40408	40499
40408	40492
51333	47778
51333	46629
51333	46572
51333	46608
40411	40645
40411	26794
40411	36461
40411	35412
40411	35413
40411	15259
40411	37052
78694	72568
40442	40569
46082	41541
40460	40539
50253	45568
50253	46977
50253	45571
50253	37896
50253	40970
50253	40971
50253	38799
50253	42642
50253	48023
50253	37269
50253	45719
50253	37912
50253	45727
50253	47650
50253	46790
50253	37930
50253	37931
50253	37932
50253	42673
50253	47673
50253	47932
50253	47243
50253	47350
50253	47306
50253	47694
50253	47331
50253	41181
50253	47330
50253	50403
50253	50407
50253	36200
50253	46963
50253	78198
50253	46969
50253	47355
50253	53118
46326	47330
46326	41768
46326	47306
46326	46568
46326	42642
46326	41752
46326	41725
46332	41752
40499	40964
40499	41190
13778	7952
13778	17683
13807	13892
13807	11918
13807	11921
13809	14050
13809	10819
13809	6211
13809	12211
13809	12212
13809	19322
13809	15259
13810	6211
13810	10821
13810	12211
13810	12212
13810	19322
13810	15259
13811	6211
13811	10822
13811	12211
13811	12212
13811	19322
13811	15259
106069	106836
13836	15281
13836	15256
13836	14142
13837	15281
13837	15256
13837	14142
144956	131200
144956	117586
144956	145565
144956	145566
144957	140158
144957	142475
144957	142629
144958	145016
144958	142629
144958	145006
144961	145566
144973	142682
144973	145230
144973	143087
144974	142682
144974	145213
144974	145215
144975	145093
144975	145063
144979	142699
144979	145210
144979	145211
112852	109214
145061	132198
145061	144938
145061	145132
145061	143150
145061	147445
145061	142874
145061	142875
145063	144881
145063	144938
46790	46969
46790	46963
14042	15264
14042	15257
14042	11921
14050	15259
14050	12212
145131	145470
145132	143067
145132	145349
145132	132198
145132	143144
145132	145327
145132	145328
145132	142874
145132	142875
145132	132510
7816	4795
7816	8943
145210	142945
145210	147346
145210	145210
145211	142944
145211	145281
145211	147346
145211	145292
145211	103831
145213	143112
145213	143113
145213	145348
14142	15281
14142	15256
145215	143112
145215	143113
145215	142879
145230	142879
145230	143087
145251	131200
145251	135218
46963	37912
46963	47331
46963	46963
105221	101483
105221	103831
105221	114717
105221	105383
105221	101471
105221	106070
105221	101473
105221	101478
145281	142989
145327	147596
145327	143062
145327	147790
145328	143063
145348	145392
145348	119007
145348	143087
145349	145393
145349	143091
145349	145388
145349	143087
145388	147137
145388	147172
145388	114890
145388	119007
112863	112882
145391	143144
145391	143146
145391	143147
145391	143148
145391	132510
145392	145648
145392	143333
145393	143333
145393	145542
145393	143149
145470	145849
480	537
480	531
480	553
145542	143333
145542	143334
145565	145745
145565	156156
145566	145848
145566	141038
40645	40960
40645	41792
40645	30819
40645	40645
40645	35412
40645	35862
40645	36217
40645	37052
47270	24144
47270	47673
47270	24034
47270	46977
47306	47650
47306	47306
47306	47694
47306	38799
47306	47509
47306	47932
47306	37930
112854	105576
112854	109228
112854	109229
112858	109241
112858	109246
112859	109489
112859	109247
112860	103831
112860	113118
112861	95005
112861	74209
112861	112885
112862	95005
112862	74209
112862	112886
112864	43520
112864	84482
112864	98309
112864	84234
112864	75723
112864	73234
112864	95005
112864	28789
112864	102024
112864	93876
112864	75721
112864	29148
112864	74207
112864	74209
112864	29161
112864	29165
112864	112887
112864	86268
112865	105856
112865	84482
112865	75723
112865	86268
112865	75721
112865	84234
112865	29148
112865	109551
112865	29165
112865	28789
112865	29161
112865	112888
47330	47509
145648	144881
112888	43520
112888	98309
112888	73234
112888	95005
112888	113028
112888	102024
112888	113300
112888	113301
112888	113303
112888	113310
112888	93876
112888	75721
112888	75723
112888	29148
112888	74207
112888	74209
112888	29161
112888	113132
112888	29165
112888	113134
112888	86268
106218	106503
106218	95005
106218	106493
113026	113307
113026	95005
113026	75721
113026	75723
113026	74207
113026	113120
113026	74209
113026	29161
113026	86268
113028	113141
145818	143634
145818	144941
145818	143263
145819	134228
145819	143636
113058	116115
113058	109951
113113	103178
113113	103831
113113	103197
113113	95005
113113	99376
113113	74209
113119	74209
113119	71142
113119	103178
113119	103831
113119	95005
113120	113243
113120	113229
113121	74209
113121	113190
113121	113201
113121	103831
113122	103831
113122	113190
113122	113246
113122	75723
113122	113230
113122	74209
113134	98309
113134	113311
113134	94172
113134	102854
113134	75721
113134	75723
113134	29165
113134	29148
113134	74207
113134	74209
113134	29161
113134	86268
113141	113228
47650	48487
113190	113554
113190	95005
47673	48016
47673	48028
47673	63111
113228	75723
113228	113559
113228	95005
47694	47650
47694	37930
47694	47694
47694	48023
47694	47932
106255	106528
113246	113539
113246	75723
113246	113558
113246	74209
160873	160994
160873	160995
160873	161005
112885	113121
112885	113113
112885	113119
113299	99485
113299	75723
113299	74207
113299	74209
113300	95005
113300	75723
113300	74207
113300	74209
113303	113547
113303	75723
113303	74207
113303	74209
113311	102854
113311	113546
112887	43520
112887	98309
112887	102024
112887	73234
112887	95005
112887	93876
112887	75721
112887	75723
112887	29148
112887	74207
112887	74209
112887	29161
112887	29165
112887	86268
113513	113891
113539	75723
113539	103831
113539	113720
113547	113729
113558	95922
113558	95920
113558	113716
113558	113718
113558	113720
15256	15609
15256	15281
15256	15597
15256	15575
15257	11921
15257	15594
15257	15587
15259	15259
15259	37051
15259	12212
15259	22751
15264	15579
15264	15590
15264	11918
113710	113848
113710	95920
113710	95922
113710	113836
113718	113860
113718	113832
113718	113928
113718	113939
113718	113718
113729	116746
113729	113827
113729	113975
113832	103197
113832	113926
113832	113935
113836	113918
113836	113926
113848	113928
113848	113919
113859	113920
113859	113897
113859	114455
113860	103197
116199	113122
116199	116275
116199	116247
116199	116286
15579	15778
15579	12187
15594	15780
15594	12341
113918	99376
113920	114448
128183	128235
113973	115718
46304	46977
46304	46572
46304	37269
46304	41973
35385	29161
35385	29772
35385	31356
128235	128340
15778	12342
15780	16042
15780	12341
35413	30819
35413	40645
35413	35865
35413	30341
147137	144938
147171	144954
147171	143333
147196	145061
147196	145063
147196	145210
147196	145213
147196	145230
147196	143444
147196	147312
147196	147320
147196	147322
114448	114668
114448	114718
114455	114659
114455	114717
114455	114671
147227	103749
147227	142879
147310	142989
147310	100014
147310	147346
147312	142945
147312	147346
147312	145213
147313	142944
147313	147346
147313	145215
147313	103831
147314	147346
147314	142989
147314	100014
147314	142879
147320	145388
147320	145348
147320	142879
147322	145388
147322	145213
147322	145230
147362	145281
147373	145292
106484	106816
106484	106685
106484	106931
106484	95005
147422	147488
147422	147484
147422	145327
147423	145328
147423	145817
147423	145818
114659	114713
114671	114707
114671	114716
147445	147483
147445	145348
147445	145349
147445	147487
114707	114890
114712	138760
114712	115722
114712	132505
114713	114825
147483	145388
147484	147790
114717	100144
114717	107810
114717	103749
114717	98767
114717	95920
114717	95922
114717	100122
114717	114717
147487	145392
147487	145393
147488	145648
147488	147596
61650	62135
40968	31174
40968	36212
40968	15259
40970	1489
40970	23786
40970	36482
40970	36209
40970	36478
105297	105963
147596	143146
147596	147783
147596	145648
147596	144881
147596	147794
82092	82492
82092	77491
82092	76861
82099	82592
82099	82582
82099	77617
82099	76917
82099	76918
82099	82586
82103	76939
82103	82565
82103	82375
82104	47306
82104	46977
82109	82592
82109	76935
82109	76913
82109	82586
82110	47673
82110	47694
82110	46977
82117	77089
82117	70939
147783	144881
147783	145818
147783	138218
147790	145820
147794	145648
147794	145819
126037	126235
126037	117485
82280	28789
82298	51207
82324	77232
82324	82623
82370	47650
82370	47270
82374	47270
82375	47650
82375	47270
82392	78593
82392	77357
82392	83497
82405	77369
82405	83497
82405	78593
82492	77491
82544	46977
82544	82761
82544	82762
82544	38799
82544	83415
82544	83418
82544	78198
82559	77582
82563	83113
82563	78198
82565	77573
82565	82761
82565	47306
82565	83415
82567	71488
82567	76932
82567	82774
82573	77600
82573	77594
82573	76909
82582	76932
82582	77613
82582	77615
82582	77617
82582	82774
82586	77617
82586	77630
82586	77613
82592	77617
82593	77613
82593	77615
82598	77632
82598	77491
82623	83234
82623	88020
13787	10803
13787	13807
82761	83095
82774	62653
46572	47778
46572	46572
46572	41973
144881	144954
144881	143333
61680	74156
115718	115877
115718	115718
115718	115992
115718	115964
115722	115970
115722	115981
115722	115990
13830	14054
13830	15281
13830	12212
13830	15256
13830	10836
13830	19322
13830	15259
50248	37896
50248	45740
50248	46607
50248	46608
50248	46615
50248	37912
50248	47650
50248	43044
50248	46629
50248	45745
50248	37930
50248	37932
50248	50992
50248	50993
50248	45747
50248	47932
50248	47694
50248	51300
50248	6758
50248	51304
50248	46568
50248	46977
50248	47243
50248	51342
50248	38799
50248	42642
50248	48023
50248	37269
50248	45719
50248	15259
50248	45727
50248	36200
50248	45730
50248	42673
50248	47306
50248	47823
50248	47827
50248	41181
50248	47330
50248	50403
50248	41202
50248	41973
50248	47350
50248	47355
17481	15259
17481	37023
17481	5925
17481	15281
17481	12211
17481	17716
17481	12212
17481	6211
17481	15609
17481	19322
17481	22751
17481	14054
17481	15599
17481	13809
17481	15607
17481	15610
17482	6211
17482	13810
17482	12211
17482	12212
17482	19322
17482	15259
17482	22751
17483	6211
17483	13811
17483	12212
17483	19273
17483	19322
17483	15259
17483	12211
17483	22751
50257	37896
50257	45740
50257	46607
50257	46608
50257	46615
50257	37912
50257	47650
50257	46629
50257	45745
50257	37930
50257	37931
50257	37932
50257	50992
50257	50993
50257	45747
50257	47673
50257	47932
50257	47694
50257	51300
50257	41190
50257	6758
50257	47331
50257	51304
50257	46568
50257	46963
50257	78198
50257	53118
50257	46977
50257	47243
50257	51342
50257	38799
50257	42642
50257	48023
50257	37269
50257	45719
50257	15259
50257	45727
50257	36200
50257	45730
50257	45744
50257	42673
50257	46790
50257	47306
50257	47823
50257	47827
50257	46969
50257	41181
50257	47330
50257	50403
50257	50407
50257	41202
50257	41973
50257	47350
50257	47355
17496	13830
17496	15256
17496	15259
17496	37023
17496	37028
17496	15281
17496	17716
17496	12212
17496	19322
17496	22751
17496	15592
17496	15596
17496	15599
17496	15607
17496	15610
50272	50689
50272	27022
50272	50670
50272	50669
50277	50690
17553	17684
17553	17933
17553	17685
17555	17555
17555	17684
17555	17685
17555	19126
106693	106820
106693	106840
83113	83616
83113	47694
83113	78198
106700	106978
106700	106839
106700	106810
50403	45744
50403	45745
50403	45740
17683	4925
17683	4775
83234	83291
83240	47790
83240	46615
83240	78397
116011	116115
17709	14030
116017	43520
116017	98309
116017	73234
116017	102042
116017	100014
116017	93876
116017	112882
116017	112885
116017	112886
116017	112887
116017	112888
116017	86268
116017	95005
116017	29148
116017	96093
116017	93032
116017	116092
116017	116093
116017	116094
116017	116096
116017	116098
116017	116106
116017	75721
116017	75723
116017	94172
116017	74207
116017	74209
116017	116199
116017	29161
116017	29165
116017	113134
17716	14050
17716	14054
17716	12212
17716	15259
17716	22751
116033	43520
116033	84482
116033	98309
116033	73234
116033	114717
116033	114718
116033	113201
116033	103178
116033	113243
116033	113246
116033	28789
116033	102024
116033	25230
116033	113300
116033	113301
116033	113303
116033	102042
116033	113307
116033	113310
116033	113836
116033	100014
116033	93876
116033	115946
116033	112882
116033	112885
116033	86268
116033	95005
116033	84234
116033	115985
116033	29148
116033	96093
116033	93032
116033	116094
116033	116098
116033	116106
116033	114659
116033	103831
116033	75721
116033	75723
116033	94172
116033	74207
116033	74209
116033	71142
116033	29161
116033	113132
116033	29165
116033	113134
41187	41793
41187	11921
41187	15259
41187	41187
41187	43044
41187	12211
41187	19322
41187	41791
116054	105576
116054	105930
116054	116115
116054	105254
116054	106255
83291	83620
116092	113729
116092	113836
116092	113720
116092	114707
116092	113716
116092	113119
116092	113559
116092	113560
116092	113848
116093	113729
116093	113121
116093	116590
116093	113558
116093	113559
116093	113560
116094	113729
116094	113716
116094	113720
116094	113113
116096	113026
116096	116195
116096	113028
116096	116197
116096	114707
116096	113848
116098	113303
116098	95005
116098	99376
116098	113716
116098	102975
116098	74209
116098	75721
116098	75723
116098	113301
116098	74207
116098	116193
116098	103831
116098	29161
116098	116345
116098	86268
116106	116339
116106	113300
116106	113310
116115	106528
116115	113058
116115	105925
116115	116390
116115	109488
13892	11918
13892	11921
13892	14042
116193	116098
116193	113539
116193	103831
116193	113303
116193	95005
116193	113716
116193	113547
116193	75723
116193	74207
116193	74209
116193	116344
116195	103831
116195	113307
116195	113716
116195	75723
116195	74207
116195	74209
116195	113141
116195	116344
116197	113120
116197	113228
116197	116273
116197	114707
116197	113716
116197	116280
116197	113848
50690	29777
50690	24725
116247	113860
116247	113190
116247	113718
116247	116247
116247	115718
116247	119007
83497	78593
116273	116577
116273	113836
116273	113228
116273	113229
116273	114707
116273	113716
116273	113559
116273	113848
116275	116577
116275	116594
116275	113230
116275	114707
116275	116590
116275	113559
161376	160737
116344	103831
116344	95005
116344	113307
116344	113716
116344	74209
116344	75723
116344	74207
116344	116577
116344	116581
116345	113303
116345	113301
116345	103831
116345	95005
116345	102975
116345	75723
116345	75721
116345	74207
116345	74209
116345	29161
116345	86268
161386	155935
161386	161484
83616	78728
83616	37930
83616	63699
83616	53127
50970	43044
50970	51241
50970	47790
50970	46615
50982	6758
50982	47823
50982	47827
50982	51222
50982	51231
50986	46977
50986	51333
50986	47239
50986	37896
50986	47243
50986	53647
50986	42642
50986	37269
50986	46615
50986	45730
50986	47270
50986	37930
50986	53595
50986	53108
50986	47418
50986	47932
50986	46326
50986	47306
50986	47650
50986	47694
50986	47827
50986	48014
50986	47673
50986	47823
50986	46304
50986	6758
50986	48487
50986	46568
50986	46572
50986	51312
50986	51316
50986	47350
50986	46332
50986	47509
50990	47823
50990	47827
50990	46615
50990	6758
50991	47330
50991	47243
50991	47350
50991	46568
50991	47306
50991	46607
50991	42642
50991	46325
50991	46326
51027	51210
51027	47790
51027	51348
51027	46615
116577	113729
116577	116746
116577	113539
116581	113539
116581	116746
116581	113547
116594	113729
116594	116746
116594	113558
38799	47650
149405	149792
149405	131200
149405	149682
149405	117586
149407	131200
149408	140164
149408	149452
149411	145061
149413	147227
149413	145061
149432	147305
149432	147307
149433	147310
149433	149457
149433	149465
149433	145210
149433	145211
149435	147312
149435	149457
149435	147314
149435	147313
149437	147320
149437	147483
149438	147322
149438	147483
149457	147346
106833	106919
106833	107517
116746	117009
116746	116877
116746	113973
101379	95005
101379	74209
51222	51296
51222	38281
51222	46572
51222	41973
51222	46615
51241	43044
51241	52311
51241	51309
51241	46615
101388	101606
101388	98406
101388	93032
101388	93034
101388	93038
51296	52836
51296	52821
51296	46615
51296	43044
51302	6758
51302	47823
51302	47827
51302	46615
51304	47823
51304	47827
51304	46615
51304	52826
51304	6758
51304	47790
51309	37280
51309	52844
51314	52831
116877	117008
116877	116746
51342	38281
51342	52847
51342	48052
51348	51977
51348	12342
35865	37280
35865	30821
35865	31977
35865	26795
35865	31436
35865	35412
35865	36468
51380	51982
84234	84482
117009	115718
117009	113975
149792	150072
14054	15259
14054	12212
42679	38291
113166	113513
113166	119583
51747	52219
3166	514
3166	1414
3166	909
3166	912
3166	919
3166	1048
3166	416
3166	1064
3166	1330
3166	1074
3166	5941
3166	5942
3166	1335
3166	1212
3166	1214
3166	1216
3166	1227
3166	1093
3166	1098
3166	1355
3166	1356
3166	595
3166	598
3166	1124
3166	609
3166	3182
3166	3184
3166	1099
3166	25464
150072	150416
101473	93274
101473	100132
101473	101320
101473	74156
101473	97675
101473	97676
101473	114717
101473	101300
101473	100122
101473	97693
101483	101320
101483	101300
101483	103749
116339	113827
116339	98309
116339	115718
116339	75723
116339	113299
116339	113300
117497	115718
117497	119007
51977	52277
106977	107780
19273	19481
19273	15779
19322	6211
19322	19322
19322	15779
52219	51490
52219	1381
52219	53109
52219	47327
19481	20001
19481	15779
19481	19750
19481	38291
19481	19990
52277	52811
3269	3432
3269	3426
3269	3269
3269	3423
45303	45568
45303	40499
45303	40501
45303	41187
46969	37912
46969	37931
46969	47331
46969	46963
46977	48016
46977	47270
46977	47673
145292	143001
41541	41673
41541	17555
41541	19126
101618	102042
101618	97834
101618	98406
52811	62873
52811	52885
52821	47790
52821	46615
52825	47790
52825	46615
52826	6758
52826	47790
52826	47823
52826	47827
52826	46615
52836	46615
52836	52895
52847	47779
52847	41973
52885	53783
52895	47825
52895	47827
52895	6758
52895	47823
151204	149457
151205	149465
151222	151281
151222	149604
151222	151279
151224	151478
151225	149604
151281	149604
151281	151624
151281	151625
151281	152343
151281	151694
151281	151480
30694	22830
53108	48023
53114	48016
53114	48028
53114	63111
53118	48016
53118	63711
53127	53579
62873	119138
62873	128327
62873	53781
62873	64223
151480	152075
129017	129212
129017	117485
129017	126037
151625	151727
3427	3493
3427	3462
3427	3463
3427	3472
3427	3539
3427	3479
3427	3484
3427	3485
36200	37896
36200	42673
36200	41176
36200	37930
36200	36478
41673	41941
119007	119048
119007	145388
119007	119043
119007	143444
119007	143317
119062	119229
119064	105812
119068	119105
119087	119138
119129	119231
53594	38800
53594	54116
53594	109159
119162	113560
119162	74209
119162	116594
119162	113558
8943	23225
8943	4793
8943	6212
8943	6190
8943	9191
53781	55168
53783	54371
37802	32732
21194	26795
21194	22773
21198	21259
21198	17683
21198	21246
3535	3643
3535	3644
21214	21418
21214	21413
21218	21409
21218	21422
21219	21408
21219	21421
21246	21475
21246	17683
21246	21470
21259	17698
21259	21469
21275	11921
21275	11918
119583	114712
119583	132507
119583	103749
119583	120575
21287	15259
21287	17709
21287	17716
21287	12212
21287	22751
47243	47418
47243	37269
21335	3372
21335	21602
21408	21491
21409	21596
21409	21493
21418	21598
21418	21582
119075	119162
119075	116093
21469	21653
21469	8239
21470	21730
21470	8283
21475	21707
21479	21640
125106	122214
21582	25923
21582	21910
21598	25923
21598	21910
21602	25923
21602	21908
21602	21910
21653	18102
87261	82298
87268	47778
87268	47779
87268	87337
87268	82635
87268	46572
87268	82639
87268	82320
87268	82324
87268	41973
87268	46615
87269	82320
87269	82324
87269	83240
87269	87337
87269	87339
87269	82635
87269	82639
87270	47239
87270	83240
87270	47243
87270	87347
87270	84285
87273	47778
87273	47779
87273	46572
87273	47790
87273	41973
87273	46615
87274	82374
87274	87344
87274	84285
87274	82370
87274	87350
87274	87494
87274	82375
87274	82376
87275	47778
87275	47779
87275	46572
87275	47790
87275	41973
87275	46615
87279	82392
87281	82405
87283	47778
87283	47779
87283	41973
87283	46572
87293	47306
87293	47270
87293	47673
87294	47306
87294	46977
87296	82492
87306	77573
87306	82374
87306	87763
87306	82557
87306	78198
87306	82551
87306	82555
87306	84285
87307	84285
87307	82370
87307	82374
87307	82375
87307	82376
87307	82559
87312	82592
87312	82593
87312	82774
87312	48023
87312	82582
87312	82586
87317	82598
87317	82774
152874	152954
152874	152958
152875	152959
152878	152954
152879	153556
87344	37269
87344	87911
87344	83240
87344	47418
87344	84285
87347	87911
87347	37269
87347	47418
87347	84285
87395	29161
87395	87952
87395	83185
87395	75721
87395	86268
87395	74207
21900	22338
21900	3979
21900	4005
21907	22268
21911	3979
21911	22340
21911	4005
21911	22341
21922	21922
21922	22245
21922	5971
21922	22812
21922	22239
21926	22248
21926	22229
112886	95005
112886	74209
52815	47778
52815	46572
52822	52885
125123	122244
153217	128176
153217	128158
153217	153951
36461	31968
36461	31427
36461	26795
36461	36461
36461	30819
36461	37052
61687	61851
87763	83113
22229	29161
22229	26692
22239	26234
22239	22830
22245	22812
22245	5971
22245	22460
22248	26243
120575	120851
120575	103749
22340	26321
22368	23024
22368	17685
87911	6758
87911	83240
87911	88014
87911	88015
87911	52895
113132	75721
113132	75723
113132	103831
113132	74209
113132	29161
113132	74207
113132	86268
129345	126370
129345	129587
129345	129599
22413	22738
22413	22747
22413	22812
87952	89025
87952	83185
87996	89033
87996	89025
41973	38281
41973	37234
145745	145833
107517	109161
107517	107786
107517	109133
107517	108014
120851	121329
120851	25422
126235	126370
55456	32524
55456	32534
55462	46615
55462	50970
55462	50982
55462	50990
55462	51026
55462	51027
55462	6758
55462	51312
55462	51316
55462	51333
55462	51345
55462	45720
55462	52895
55462	45730
55462	41187
55462	47823
55462	47827
55462	41181
55462	50400
55462	46568
55462	46572
55462	46325
55475	46615
55475	50970
55475	50982
55475	50990
55475	51026
55475	51027
55475	6758
55475	51312
55475	51316
55475	82298
55475	51333
55475	51345
55475	45720
55475	52895
55475	45730
55475	55974
55475	41187
55475	47823
55475	47827
55475	50400
55475	46568
55475	46572
22723	22953
22723	6053
55494	55722
22738	22964
55508	55729
55510	55730
22747	31693
22751	15259
22751	12212
22751	23223
22759	23200
22773	23225
22812	22968
152909	140488
22830	22952
22831	22969
42051	41958
42051	42538
42051	37299
42051	42547
22964	23724
22964	23630
22966	17555
22966	19126
102152	98448
102152	101307
23179	23345
23195	23365
154279	154341
23224	19322
154381	154674
154403	154521
154403	154531
23345	6560
23345	23433
23345	23183
23345	23177
113118	113166
23364	6757
23364	23405
23364	23391
23365	23392
23365	23407
154521	154666
154521	154675
154523	154673
154523	154663
154527	154669
154528	154670
154528	154676
154533	154689
154533	154683
128476	117485
128476	125519
128476	129017
89025	86268
89025	84234
89025	84482
46615	46629
46615	47790
46615	46608
46615	47825
46615	46615
23720	25467
23720	25422
23724	25467
23806	24034
113201	103178
113201	103831
113201	95005
113201	95920
113201	95922
113201	74209
113201	71142
122161	122360
122161	117586
122161	117485
122161	122362
122164	119105
122182	74209
122182	116098
122182	113560
122182	113307
122182	95005
122188	122320
122188	122316
122193	95005
122193	102854
122193	75723
122193	122323
122193	74207
122193	74209
154976	155196
122214	119227
122244	95920
122244	95922
122244	71142
153556	6190
153556	153782
113229	113539
113229	75723
113229	103831
113229	113560
122323	95005
122323	102854
122323	122568
122323	75723
122323	74207
122323	74209
113230	113539
113230	116590
113230	113558
113230	113560
24034	24422
24034	23806
122362	125088
122362	106528
122362	108337
122362	125087
107780	109122
107780	107786
107780	109042
113243	75723
113243	113539
113243	103831
113243	74209
155196	155201
155201	155955
41176	37896
41176	38281
41176	36460
41176	37234
41176	41725
122568	95005
107812	107937
41181	41752
41181	41768
41181	41202
41181	41181
113307	113539
113307	113547
113307	103831
113307	113307
113307	95005
113307	75723
113307	74207
113307	74209
155562	155819
128479	126370
128479	117485
128479	128720
128479	117586
155746	155901
25965	26328
25965	26810
24725	78588
24725	65093
24725	25230
24725	96335
155819	155939
155935	160846
155935	161479
155977	156323
155977	156042
155977	156126
155977	154461
155977	155359
156042	154584
156042	151625
156042	156163
156042	156166
124311	125012
51231	51296
51231	51314
51231	51315
51231	43044
156143	156320
156143	155562
156143	154755
156149	156322
156149	154755
156149	155828
156149	154757
156154	156154
156154	157522
156156	155914
156156	147119
156156	157526
156156	147159
156156	155935
40539	26692
40539	24725
40539	26759
156320	156320
156320	154755
156320	156565
156322	154755
156322	154757
156348	156653
156348	141038
25422	25464
25422	25463
25467	104035
25467	23724
25467	29679
25467	34834
25467	34835
25467	33405
25477	21665
25477	17553
25477	23023
25482	26795
25482	23165
25483	15259
25483	15266
25483	17709
25483	12211
25483	12212
25483	23224
25483	6211
25483	19273
25483	23162
25483	22751
25483	22769
25483	19322
25484	6211
25484	19273
25484	15259
25484	23162
25484	22751
25484	15266
25484	21275
25484	26794
25484	22769
25484	12211
25484	12212
25484	23224
25484	19322
25485	23162
25485	21275
25497	27652
25497	22830
25497	29762
25497	26692
25497	29766
25497	29770
25497	29771
25497	25932
25497	21332
25497	21335
25497	50272
25497	22370
25497	26238
25497	26250
25497	3979
25497	21900
25497	25230
25497	21907
25497	24725
25497	21911
25497	21922
25497	6051
25497	4005
25497	21926
25497	21927
25497	22711
25497	22723
25497	75721
25497	22950
25497	23786
25497	22257
25497	22266
25502	42642
25502	37269
25502	23197
25502	5925
25502	47270
25502	23207
25502	5942
25502	47418
25502	23870
25502	21479
25502	22759
25502	3824
25502	22782
25502	22780
25502	22781
25502	23806
25503	42642
25503	37269
25503	5925
25503	47270
25503	21479
25503	22759
25503	22781
25503	3824
25503	23870
25503	5942
25503	47418
25503	22780
25503	23806
25504	42642
25504	37269
25504	5925
25504	47270
25504	5942
25504	47418
25504	23870
25504	23786
25504	25564
25504	25565
25504	21479
25504	22759
25504	3824
25504	22519
25504	22780
25504	22781
25504	23806
25505	42642
25505	37269
25505	5925
25505	47270
25505	5942
25505	47418
25505	23870
25505	23786
25505	25564
25505	25565
25505	21479
25505	22759
25505	3824
25505	22519
25505	22780
25505	22781
25505	23806
25506	42642
25506	37269
25506	47270
25506	47418
25506	23870
25506	25564
25506	25565
25506	22759
25506	21479
25506	3824
25506	22519
25506	22780
25506	23786
25506	23806
25507	21408
25507	21409
25507	21413
25507	25565
25507	22723
25507	25563
25507	25564
25507	25571
25507	24422
25507	23786
25507	3824
25507	23806
25508	27652
25508	25626
25508	25635
25508	22830
25508	29762
25508	26692
25508	29766
25508	29770
25508	29771
25508	21332
25508	21335
25508	21596
25508	50272
25508	3979
25508	21900
25508	21907
25508	24725
25508	21911
25508	21408
25508	3824
25508	21922
25508	4005
25508	21926
25508	21927
25508	21418
25508	22711
25508	22723
25508	75721
25508	25563
25508	25564
25508	25565
25508	22239
25508	25571
25508	23786
25508	21493
25508	22266
25508	22257
25509	42642
25509	37269
25509	47270
25509	21421
25509	21422
25509	47418
25509	23870
25509	25564
25509	25565
25509	21479
25509	22759
25509	3824
25509	22519
25509	22780
25509	23786
25509	23806
25510	42642
25510	37269
25510	3479
25510	23197
25510	3493
25510	47270
25510	5942
25510	47418
25510	23870
25510	5925
25510	21479
25510	22759
25510	23207
25510	22781
25510	3824
25510	3825
25510	22782
25510	22519
25510	22780
25510	23786
25510	23806
25511	27652
25511	25626
25511	25635
25511	22830
25511	29762
25511	26692
25511	29766
25511	29770
25511	29771
25511	21332
25511	21335
25511	50272
25511	3979
25511	21900
25511	21907
25511	24725
25511	21911
25511	21922
25511	4005
25511	21926
25511	21927
25511	23724
25511	22711
25511	22723
25511	75721
25511	25563
25511	25571
25511	23786
25511	3824
25511	22257
25511	22266
25512	27652
25512	25626
25512	25635
25512	22830
25512	21598
25512	29762
25512	26692
25512	29766
25512	29770
25512	29771
25512	21332
25512	21335
25512	21596
25512	50272
25512	22370
25512	26238
25512	26250
25512	3979
25512	21900
25512	21907
25512	24725
25512	21911
25512	21922
25512	4005
25512	21926
25512	21927
25512	22711
25512	22723
25512	75721
25512	23786
25512	3824
25512	22257
25512	22266
25563	23786
25563	3824
25563	21491
25563	21493
25564	3824
25564	23786
25565	23786
25565	3824
25571	23786
25571	3824
156653	156944
156653	156942
156653	157519
37035	37237
25626	27652
25626	3979
25626	21900
25626	25923
25626	24725
25626	21911
25626	4005
25626	22711
25626	25913
25626	25919
25626	29762
25626	22723
25626	29766
25626	75721
25626	29770
25626	29771
25626	21582
25626	50272
25626	21602
25626	21907
25626	22266
25635	3979
25635	25868
25635	25923
25635	21911
25635	4005
25635	25913
25635	21900
25635	22711
25635	21596
25635	21598
25635	21602
25635	25853
25714	26345
25714	23023
25714	21665
25745	19126
25745	22413
25745	17555
25745	22966
25745	26362
25745	22812
25868	26323
42547	37787
25913	26322
25913	21900
113546	75723
113546	103831
25919	22723
25919	26273
25919	21907
25919	21908
25919	22711
25919	22266
25923	25923
25923	26321
25923	21910
25923	21911
25930	21922
25930	26251
25930	23724
25930	26230
25930	26234
42551	37802
25932	26233
25932	26243
25932	22812
25932	21926
25964	25964
25964	30820
25964	26325
23786	24423
23786	38217
23786	24146
23786	23833
23786	38398
23786	24031
26230	22245
26230	23724
26230	22830
26233	6051
26233	22950
26233	22830
26233	22229
26234	22239
26238	22413
26238	22812
26238	26238
26243	22248
26243	22830
26243	5971
26243	22831
26250	26250
26250	23630
26250	22812
26251	21922
26273	22953
26273	22266
26273	22268
26273	24725
26273	6053
119067	119129
157387	155818
26321	22340
26321	22341
26323	27652
157397	155818
157397	155820
157397	157397
26345	22372
26362	26401
26362	22413
26362	19126
26362	17555
26362	22966
26362	22812
26401	22413
26401	22966
26401	27032
26401	27037
157519	156154
157519	158764
157526	155914
157541	131200
157541	157578
157541	157526
157541	155914
157541	155935
157547	131200
157547	157601
157548	157602
157548	156348
157548	156154
157552	156042
157552	156126
157568	157746
157568	156323
157578	131184
157578	130195
157601	156348
157601	157519
157601	157522
157601	158773
157601	156154
157601	156156
157602	157519
157602	157522
157665	157826
157665	157779
157665	157791
157676	157392
157676	157795
157676	157419
157676	158162
157678	157827
157678	157392
157678	157781
157678	157793
157678	157419
157746	156323
26692	6051
26692	22950
157793	158143
157795	158143
126370	131200
126370	127092
26759	22953
26759	29161
26759	6053
26794	36452
26794	11921
26794	36212
26794	27350
26794	27351
26794	23224
26794	23162
26795	31970
26795	27309
26795	11918
26795	30819
26795	27292
125103	125384
125103	117485
125103	124311
125108	122214
125108	122217
92348	84285
92348	87350
92357	87395
92357	29161
92357	86268
92357	75721
92357	93876
92357	87996
92357	74207
26325	22772
26325	22773
26325	26602
26325	23165
113716	113856
113716	113832
113716	113718
158029	158266
113720	113832
113720	113835
113720	113855
53647	54132
53647	48487
27032	17555
27032	31693
27032	19126
27037	23724
27037	27950
27037	22964
27037	22966
27037	25464
27037	25467
27037	27806
158143	158160
158143	158165
125384	117485
125384	125519
125384	124311
125384	125914
158162	158783
27127	27127
27127	31909
27127	23023
92674	93024
92674	93053
47825	48052
27292	6560
27292	23433
27292	23183
27292	23177
27292	23165
27309	12187
27309	23177
27309	23179
27309	23183
27350	27563
27350	23224
27350	23162
108337	109153
65722	61086
65722	47823
65722	46304
65722	6758
65722	61163
65722	62193
65722	41725
93024	29161
93024	75721
93024	86268
93032	86268
93032	94172
93032	96093
93034	93418
93038	96088
93053	29161
93053	75721
93053	86268
158616	158735
27563	1425
27563	27955
158659	155818
158659	155820
158659	157397
158659	128158
158669	155818
158669	155820
158669	157397
158764	157522
158764	157519
158773	157522
158788	157578
158796	157602
158796	157522
158796	158773
158796	155914
158796	155935
158807	157638
158812	157648
158812	157650
158812	157684
158812	157685
158823	157687
158825	144881
27871	61754
27871	27652
93418	94176
60665	61323
60696	61098
60696	61059
116590	115877
116590	113926
116590	95920
116590	95922
116590	113716
116590	113718
116590	115718
60712	61094
60712	61086
27950	23724
27950	33405
27950	29679
60724	46326
60724	37896
60724	47306
60724	47243
60724	42642
60724	37269
60724	47350
60724	47418
60724	46332
60728	46568
60728	47243
60728	46607
60728	46325
60728	46326
60732	61090
31970	27292
60635	27871
159164	159423
113926	103197
61056	61219
61056	61221
61059	46615
61059	47790
61060	61222
61086	61162
61090	61178
61090	61163
61090	61191
61094	61166
93876	89025
93876	84482
93876	89033
93876	87952
93876	93876
93876	75721
93876	86268
61161	62830
61162	62841
61163	62810
61163	62829
61180	62810
61180	52847
61221	82320
61221	61897
61221	37299
22772	23165
61376	61592
61376	61624
94172	93032
94176	94521
28789	29148
28789	29165
61592	62193
61624	62138
159954	160097
159955	160228
159960	160216
159961	160109
159961	160573
159962	160109
21207	22368
21207	22966
21207	17933
21207	17553
21207	17555
21207	19126
160097	160672
160109	160337
160109	159164
61813	43520
61813	63594
61824	24725
160216	160848
160228	160847
160337	159423
160337	160797
160337	160575
62138	63119
62159	51490
62159	62476
62159	47327
160504	160735
62212	62999
62212	37930
62216	47331
62216	63119
62216	46963
62216	37912
62221	51490
62221	47327
95005	95005
160573	160683
160575	160798
161380	131200
161380	161482
160724	128158
160727	159820
160730	159819
160730	158669
160733	155818
160733	155820
160733	157397
160735	160839
40569	26692
62476	63000
62476	62660
62476	53109
62476	72030
62476	62653
160846	161442
160846	155935
29777	25230
160852	155935
160852	161003
92345	87339
92345	88014
92345	88015
92345	52895
92347	87347
160874	160994
160874	160995
160878	160998
160879	160999
160880	161383
160912	160926
160917	159819
160917	155818
160917	157387
160917	155820
160917	161362
160917	157397
160917	160730
160920	161441
160920	160839
160920	155820
160920	155818
160920	159819
160920	159820
160920	158669
160920	128176
160920	157397
160920	160504
160920	160724
160920	160730
160920	160733
160920	128158
160921	161371
160921	159825
160922	160228
160922	160839
160922	159820
160922	128176
160922	160727
160922	161372
160922	128158
160922	153951
160923	128176
160923	155818
160923	155820
160923	158669
160923	157397
160923	128158
160925	161376
160925	160737
160925	159825
160928	131200
160928	161380
160928	155818
160928	155820
160928	157397
160928	160216
160928	160828
160929	161378
160929	155818
160929	155820
160929	158669
160929	128176
160929	157397
160929	160724
160929	160733
160929	128158
125128	122270
125128	74209
125128	75721
125128	75723
125128	113243
125128	74207
125128	29161
125128	86268
128184	128338
128186	128338
32289	32732
128205	64223
128205	140166
128205	128326
128205	128327
160998	161473
161003	161386
161003	160846
125140	125337
125140	95005
125140	75721
125140	102854
125140	74209
125140	75723
125140	122316
125140	122323
125140	122325
125140	74207
125140	122320
125140	93032
125140	86268
128293	128455
128340	117485
128340	131886
128340	117586
128340	131380
128343	125384
128343	124311
128343	117586
128343	128476
128343	128479
128343	117485
128343	128886
30087	27652
30087	25563
30087	3824
30087	23786
30088	25564
30089	23786
30089	3824
30089	25565
30090	25571
30090	23786
30090	3824
30090	3825
30100	27652
30100	3979
30100	31376
30100	24725
30100	25626
30100	4005
30100	22953
30100	26759
30100	22711
30100	50272
30100	29762
30100	22723
30100	29766
30100	75721
30100	29770
30100	29771
30100	29772
30100	29148
30100	6053
30100	30304
30100	31356
30100	30308
30100	29161
30100	29165
30100	28789
30100	31229
30105	3979
30105	25635
30105	4005
30105	30308
30184	25745
30184	30860
30185	30886
30185	30860
30185	22413
30185	22812
30189	26250
30189	26238
62999	62666
161362	160730
161362	157387
161362	160735
161371	159825
161372	161474
161372	160727
30304	29762
30304	29766
30304	26759
30304	75721
30304	29770
30304	29771
30304	50690
30304	30746
30304	25919
161378	161481
161378	161380
161378	160847
30308	25923
30308	22340
161383	161448
30314	25930
30314	30694
30314	22239
30317	22248
30317	25932
30317	22229
30318	26692
30319	30728
30341	25964
30341	30821
63111	48023
161441	160839
161441	128176
161441	128158
161442	160846
161474	160839
161474	128158
161481	161481
161481	161482
161481	160847
161481	128176
161481	128158
161482	131200
161482	160848
161482	161482
161482	161484
161484	160846
128720	128891
128720	127092
161513	161523
161515	131200
161515	161380
161515	160998
161515	161383
161515	161386
161515	161774
161515	161776
161515	155935
161515	128158
161515	160999
161517	131200
161517	161378
161517	161380
161517	160839
161517	128176
161517	160828
161517	128158
161518	131200
161518	161380
161518	160839
161518	161003
161518	161774
161518	160828
161518	128158
161519	161005
161519	160998
161522	161558
161523	161720
161524	161721
161524	161735
161558	161804
70618	71472
70618	71489
96088	96335
128886	127092
128886	124311
128886	125914
128891	127092
161720	161812
5113	3472
5113	3493
161769	161376
161769	161474
161769	161389
161769	161362
161769	161371
161769	161372
161774	131200
161774	161380
161774	161386
161774	160846
161774	161482
161774	155935
161776	131200
161776	161383
161776	161386
161776	161843
161776	155935
161779	161392
161783	161401
30728	26692
30728	26759
30728	29161
30728	29772
30728	24725
161804	161808
161804	161844
161804	161847
161834	131200
161834	161442
161834	161479
161834	160846
161835	161441
161843	131200
161843	161473
161843	161479
161843	161448
161843	161484
161843	160846
30819	23162
30819	26795
30819	27309
30819	31174
30820	26328
30820	26325
30821	31177
30821	31427
30821	31436
30821	26325
63594	63799
30841	27127
30860	30920
30860	22413
30860	26362
30860	22812
52311	52822
30886	22812
129212	129345
129212	145251
30920	31396
30920	26401
30920	31692
30920	31693
30920	31408
30920	31492
63711	65631
37931	48016
51225	51328
51225	47823
51225	46608
51225	47827
51225	46615
51225	6758
51225	51307
63799	65097
63799	65082
63803	65082
125337	122568
31177	26602
31229	50272
31229	29161
147200	147310
147200	147227
147200	145063
147200	100014
147200	145093
147200	145230
147200	147305
147200	147314
147200	147320
147200	147322
147202	145211
147202	145215
147202	147313
147202	100014
31283	29772
31283	26692
31283	29161
129599	130100
31356	29161
31356	29772
31376	26759
31376	29161
31427	31968
31427	26795
31436	37057
31436	31977
31436	26325
31436	27292
31436	32030
31492	31687
37057	37209
37057	37210
37057	37057
37057	32030
37057	32031
31692	32525
31692	32526
31692	27037
97284	97672
97284	97676
97284	114717
97286	97672
97286	114717
97287	82320
97288	97323
97288	97326
97291	97693
97291	97695
147305	100014
147305	142989
147305	147346
147307	147362
147307	147373
147307	147346
147307	103831
147307	147386
130195	131184
130195	131200
130195	128176
130195	128158
31968	27309
5344	3643
5344	3979
5344	4005
46568	46568
46568	38281
46568	46607
46568	41973
46568	41974
41794	37057
109120	109161
109120	109133
97670	34835
97670	34834
97670	25467
97670	33405
97672	100144
97672	100132
97672	98767
97672	95920
97672	100122
97672	114717
97676	114717
97680	93274
97680	74156
97832	94176
97832	96088
97832	94172
97834	98309
97834	28789
106915	99376
106915	107763
106915	103197
106915	107775
50407	45744
50407	46977
50407	45749
109173	101802
109173	109228
109173	109214
87337	87916
87337	82623
87339	47779
87339	82635
87339	47790
87339	41973
87339	46615
87339	82639
32525	27806
32532	32715
32532	61851
32534	32716
32534	97670
32537	103749
32537	97670
32537	32712
32537	23724
32537	25467
32540	32715
32540	32719
108015	108180
87350	84285
109198	102152
109198	102409
109198	98448
109198	105768
109198	109356
109198	105565
109198	98739
109198	106078
109198	101307
109198	105566
109198	105567
109198	105569
109198	105317
109198	105320
114668	114909
101471	97670
101471	97672
101471	103178
101471	97680
101471	95005
101471	97695
101471	71133
101471	71142
109214	101802
109214	98604
106493	106689
106493	106693
32716	34292
32716	33405
32716	27950
