AT2G04030	1	1	4	1	4	3	4	1	1	5	2	4	3	4	5	3	5	2	3	3	4	1	5	1	2	4	2	2	3	3	2	3	3	2	2	1	2	3	2	4	4	1	3	2	4	3	3	1	4	2	3	4	5	2	3	1	4	4	1	2	3	5	1	5	4	5	2	2	5	3	4	4	4	3	1	2	1	5	2	2	3	3	4	4	5	5	1	2	3	1	3	5	5	2	2	5	3	2	1	2
AT5G20140	5	4	5	5	5	5	1	5	4	1	4	5	2	1	2	4	4	5	4	2	3	3	1	5	3	3	4	4	2	4	1	2	4	5	4	2	1	2	5	5	2	2	2	5	5	2	1	4	2	3	2	5	3	1	5	3	3	2	2	5	4	3	4	3	4	4	3	3	1	5	2	1	3	2	2	4	3	1	4	5	5	4	1	5	1	4	2	4	5	5	5	2	2	4	4	2	1	4	3	3
AT5G62720	5	4	5	5	5	5	1	1	4	1	4	5	2	1	2	4	4	5	4	2	3	3	1	4	3	3	4	4	2	4	1	2	4	5	4	2	1	2	1	5	2	2	1	1	5	2	1	4	2	3	2	1	2	1	5	3	3	2	2	5	4	3	4	3	2	4	3	4	1	5	2	1	3	2	2	4	2	2	4	5	5	4	1	5	3	5	2	4	5	5	5	2	2	4	4	2	1	4	3	5
AT4G38100	3	5	2	3	2	1	3	4	5	2	2	3	1	3	3	2	2	2	5	1	2	4	3	2	5	5	2	2	4	2	5	1	5	3	3	4	3	5	3	1	4	1	5	4	3	4	5	2	3	2	5	3	5	2	1	2	5	1	4	1	1	1	2	4	5	1	1	1	3	4	5	3	2	5	5	5	5	4	1	4	4	1	2	1	2	2	5	5	4	3	1	5	3	5	1	1	4	5	2	1
AT5G21430	3	4	1	5	5	5	1	5	4	1	4	5	5	1	2	4	4	3	4	2	3	3	1	5	3	3	4	4	1	1	1	2	4	5	4	2	1	2	5	5	1	4	2	5	5	1	1	4	2	1	2	5	3	1	5	4	3	2	2	5	5	2	4	3	4	4	3	3	1	5	2	1	3	2	2	4	3	1	4	1	5	4	1	3	1	4	2	4	5	5	2	2	4	1	5	2	2	4	3	3
AT3G21055	4	3	4	1	3	5	4	5	4	3	5	5	1	1	1	4	4	1	2	2	1	2	4	5	4	3	5	3	1	1	3	2	1	5	1	2	4	2	5	5	3	4	2	2	2	1	4	1	1	5	1	5	4	4	4	4	1	5	1	5	5	2	1	3	4	2	3	5	2	1	3	3	5	4	2	4	3	1	5	1	1	4	3	2	1	3	2	4	1	1	2	3	4	1	5	2	2	4	4	3
AT4G23890	5	4	5	5	5	5	1	1	4	1	4	5	2	1	2	4	4	5	4	2	3	3	1	4	3	3	4	4	2	4	1	2	4	5	4	2	1	2	1	5	2	2	1	1	5	2	1	4	2	3	2	1	2	1	5	3	3	2	2	5	4	3	4	3	2	4	3	4	1	5	2	1	3	2	2	4	2	2	4	5	5	4	1	5	3	5	2	4	5	5	5	2	2	4	4	2	1	4	3	5
AT4G38380	3	4	1	5	5	5	1	5	4	1	4	5	5	1	2	4	4	3	4	2	3	3	1	5	3	3	4	4	1	1	1	2	4	5	4	2	1	2	5	5	1	4	2	5	5	1	1	4	2	1	2	5	3	1	5	4	3	2	2	5	5	2	4	3	4	4	3	3	1	5	2	1	3	2	2	4	3	1	4	1	5	4	1	3	1	4	2	4	1	5	2	2	4	1	5	2	2	4	3	3
AT4G25910	1	1	2	2	4	3	5	3	2	4	3	4	4	4	4	5	5	2	1	1	5	1	5	1	2	4	1	1	3	3	2	5	2	2	5	3	2	4	4	4	4	1	3	4	4	5	3	5	4	4	5	4	1	5	3	2	2	3	1	2	3	4	3	4	1	5	2	2	5	2	4	2	4	3	3	2	1	5	3	2	3	3	5	1	5	1	4	3	4	2	4	5	5	3	3	5	5	2	5	2
AT2G43010	3	4	1	5	5	5	1	5	4	1	4	5	5	1	2	4	4	3	4	2	3	3	1	5	3	3	4	4	1	1	1	2	4	5	4	2	1	2	5	5	1	4	2	5	5	2	1	4	2	1	2	5	3	1	5	4	3	2	2	5	5	2	4	3	4	4	3	3	1	5	2	1	3	2	2	4	3	1	4	1	5	4	1	3	1	4	2	4	5	5	2	2	4	1	5	2	1	4	3	3
AT4G25050	2	2	4	3	4	4	4	2	2	2	5	2	4	4	1	1	1	1	2	4	1	5	5	3	4	1	5	5	5	5	3	4	2	4	1	5	4	3	4	3	5	3	4	3	2	5	2	1	1	4	1	3	4	2	1	1	5	3	3	4	3	4	5	1	3	5	5	1	5	1	4	4	1	3	4	1	4	3	1	2	3	5	5	4	4	1	3	1	2	2	1	4	5	5	2	5	3	3	4	1
AT1G51350	4	4	1	5	5	5	1	5	4	3	4	5	5	1	2	4	4	3	4	2	3	3	1	5	3	3	4	4	1	1	1	2	4	5	4	2	1	2	5	5	1	4	2	5	5	1	1	4	2	5	2	5	3	1	4	4	1	2	2	5	5	2	4	3	4	4	3	3	1	5	2	1	3	2	2	4	3	1	4	1	1	4	1	2	1	4	2	4	1	5	2	3	4	1	5	2	2	4	3	3
AT1G12250	5	4	5	5	5	5	1	5	4	1	4	5	2	1	2	4	4	5	4	2	3	3	1	5	3	3	4	4	2	4	1	2	4	5	4	2	1	2	1	5	2	2	2	1	5	2	1	4	2	3	2	1	3	1	5	3	3	2	2	5	4	3	4	3	4	4	3	4	1	5	2	1	3	2	2	4	3	1	4	5	5	4	1	5	1	5	2	4	5	5	5	2	2	4	4	3	1	4	3	5
AT2G41680	1	1	4	1	4	2	4	3	1	5	2	4	3	4	4	3	5	2	1	1	5	1	5	1	2	4	2	1	3	3	2	5	2	2	5	1	2	3	2	4	4	1	3	2	4	3	3	1	4	4	3	4	1	2	3	2	4	4	5	2	3	5	1	5	1	5	2	2	5	3	4	2	4	3	1	2	1	5	3	2	2	3	4	4	5	1	1	2	3	1	4	5	5	2	3	5	3	2	1	2
AT3G15110	5	4	1	5	5	5	1	5	4	1	4	5	2	1	2	4	4	5	4	2	3	3	1	5	3	3	4	4	2	4	1	2	4	5	4	2	1	2	5	5	1	2	2	5	5	2	1	4	2	1	2	5	3	1	5	3	3	2	2	5	4	2	4	3	4	4	3	3	1	5	2	1	3	2	2	4	3	1	4	5	5	4	1	5	1	4	2	4	5	5	5	2	2	1	4	2	1	4	3	3
AT2G40400	5	4	5	5	5	5	1	5	4	1	4	5	5	1	2	4	4	3	4	2	3	3	1	5	3	3	4	4	2	4	1	2	4	5	4	2	1	2	5	5	1	2	2	5	5	2	1	4	2	3	2	5	3	1	5	4	3	2	2	5	5	2	4	3	4	4	3	3	1	5	2	1	3	2	2	4	3	1	4	5	5	4	1	5	1	4	2	4	5	5	5	2	2	1	5	2	1	4	3	3
AT5G07020	4	3	4	1	3	4	4	5	4	3	5	2	1	2	1	4	4	1	2	2	1	2	4	5	4	1	5	3	1	1	3	4	1	5	1	5	4	2	5	2	3	4	4	2	2	1	4	1	1	5	1	3	4	4	4	4	1	5	1	5	5	4	1	3	4	2	3	5	2	1	3	3	5	4	4	4	3	1	5	1	1	4	3	2	1	3	2	4	1	4	2	3	3	1	5	2	2	4	4	3
AT5G16660	4	4	1	5	5	5	1	5	4	1	4	5	2	1	2	4	4	3	4	2	3	3	1	5	3	3	4	4	1	1	1	2	4	5	4	2	1	2	5	5	1	4	2	5	5	1	1	4	2	1	2	5	3	1	5	4	3	2	2	5	5	2	4	3	4	4	3	3	1	5	2	1	3	2	2	4	3	1	4	1	5	4	1	3	1	4	2	4	1	5	2	2	4	1	5	2	2	4	3	3
AT3G14420	1	1	2	1	4	3	5	3	2	5	3	4	4	5	4	5	5	2	3	1	4	1	5	1	2	4	3	2	3	3	2	5	2	2	5	3	2	4	2	4	4	1	3	4	4	5	3	2	4	4	1	4	1	5	3	2	4	3	1	2	3	5	3	4	1	5	2	2	5	2	4	4	4	3	1	2	1	5	3	2	3	3	5	1	5	1	4	2	4	4	3	5	5	2	3	5	5	2	5	2
AT1G79230	3	4	1	5	5	5	1	5	4	1	4	5	5	1	2	4	4	3	4	2	3	3	1	5	3	3	4	4	1	1	1	2	4	5	4	2	1	2	5	5	1	4	2	5	5	2	1	4	2	1	2	5	3	1	5	4	3	2	2	5	5	2	4	3	4	4	3	3	1	5	2	1	3	2	2	4	3	1	4	5	5	4	1	3	1	4	2	4	5	5	2	2	4	1	5	2	1	4	3	3
AT2G42220	3	4	1	5	5	5	1	5	4	1	4	5	5	1	2	4	4	3	4	2	3	3	1	5	3	3	4	4	1	1	1	2	4	5	4	2	1	2	5	5	1	4	2	5	5	1	1	4	2	1	2	5	3	1	5	4	3	2	2	5	5	2	4	3	4	4	3	3	1	5	2	1	3	2	2	4	3	1	4	1	5	4	1	3	1	4	2	4	5	5	2	2	4	1	5	2	1	4	3	3
AT1G67280	5	4	1	5	5	5	1	5	4	1	4	5	5	1	2	4	4	3	4	2	3	3	1	5	3	3	4	4	2	4	1	2	4	5	4	2	1	2	5	5	1	2	2	5	5	2	1	4	2	1	2	5	3	1	5	4	3	2	2	5	5	2	4	3	4	4	3	3	1	5	2	1	3	2	2	4	3	1	4	5	5	4	1	3	1	4	2	4	5	5	5	2	2	1	5	2	1	4	3	3
AT3G47450	2	1	2	2	4	3	5	3	1	4	4	4	4	2	4	5	5	2	2	1	5	1	5	1	2	4	3	1	3	3	2	1	5	2	5	3	2	5	4	4	4	1	3	4	4	5	3	2	4	4	1	4	1	5	1	2	2	3	1	2	2	4	3	4	1	1	4	5	5	2	4	2	5	3	3	2	1	5	3	2	3	3	5	4	3	1	4	3	4	2	4	4	5	2	3	5	5	2	1	4
AT5G08540	5	4	5	5	5	5	1	5	4	1	4	5	2	1	2	4	4	5	4	2	3	3	1	5	3	3	4	4	2	4	1	2	4	5	4	2	1	2	5	5	2	2	2	1	5	2	1	4	2	3	2	5	3	1	5	3	3	2	2	5	5	2	4	3	4	4	3	3	1	5	2	1	3	2	2	4	3	1	4	5	5	4	1	5	1	5	2	4	5	5	5	2	2	4	4	3	1	4	3	3
AT3G01480	1	1	3	4	4	4	5	3	3	4	4	4	4	2	4	5	3	4	2	5	1	5	3	3	1	2	1	5	5	5	4	4	3	3	1	3	5	4	4	4	1	5	4	4	1	5	5	5	3	4	4	2	1	3	1	5	5	5	3	3	2	4	5	2	1	5	1	1	5	3	4	5	1	3	4	3	4	3	2	3	3	1	5	1	4	1	4	2	4	2	4	1	5	3	3	4	5	3	4	2
AT4G31560	5	4	1	5	5	5	1	5	4	1	4	5	5	1	2	4	4	3	4	2	3	3	1	5	3	3	4	4	2	4	1	2	4	5	4	2	1	2	5	5	1	2	2	5	5	2	1	4	2	1	2	5	3	1	5	3	3	2	2	5	5	2	4	3	4	4	3	3	1	5	2	1	3	2	2	4	3	1	4	5	5	4	1	5	1	4	2	4	5	5	5	2	2	1	4	2	1	4	3	3
AT1G54580	5	4	1	5	5	5	1	5	4	1	4	5	5	1	2	4	4	3	4	2	3	3	1	5	3	3	4	4	2	4	1	2	4	5	4	2	1	2	5	5	1	2	2	5	5	2	1	4	2	1	2	5	3	1	5	3	3	2	2	5	5	2	4	3	4	4	3	3	1	5	2	1	3	2	2	4	3	1	4	5	5	4	1	5	1	4	2	4	5	5	5	2	2	1	4	2	1	4	3	3
AT1G73530	2	1	4	4	4	4	5	2	3	4	5	1	4	2	1	1	1	4	3	4	1	5	3	3	1	1	1	5	5	5	4	1	2	1	1	5	5	3	4	3	3	1	4	3	1	5	5	5	4	4	1	2	1	3	3	5	5	5	3	4	2	4	5	1	5	5	5	1	5	3	4	5	1	3	4	2	4	3	1	2	4	5	5	4	4	1	3	1	2	2	1	4	5	5	3	1	5	3	4	2
AT5G42270	5	1	5	5	1	3	2	1	1	5	3	5	3	5	5	4	4	5	3	3	3	3	2	4	3	3	4	2	3	4	1	3	3	5	2	1	2	2	1	5	2	2	1	1	5	3	3	3	2	3	4	1	2	5	2	3	4	4	5	2	4	5	3	5	2	3	3	4	4	3	1	4	4	1	2	4	2	2	2	5	2	4	1	5	3	5	2	4	3	4	3	2	1	4	2	3	1	2	1	5
AT1G54500	4	4	1	5	5	5	1	5	4	1	4	5	5	1	2	4	4	3	4	2	3	3	1	5	3	3	4	4	1	1	1	2	4	5	4	2	1	2	5	5	1	4	2	5	5	1	1	4	2	1	2	5	3	1	5	4	3	2	2	5	5	2	4	3	4	4	3	3	1	5	2	1	3	2	2	4	3	1	4	1	5	4	1	3	1	4	2	4	1	5	2	2	4	1	5	2	2	4	3	3
AT5G35170	5	4	5	5	5	5	2	1	4	1	4	5	2	1	5	4	4	5	4	3	3	3	2	4	3	3	4	4	2	4	1	2	4	5	4	2	1	2	1	5	2	2	1	1	5	2	1	4	2	3	2	1	2	1	2	3	3	2	2	5	4	3	4	3	2	4	3	4	4	5	2	1	3	2	2	4	2	2	4	5	5	4	1	5	3	5	2	4	5	5	5	2	2	4	4	3	1	4	3	5
AT1G80030	5	4	5	5	1	5	1	5	4	1	4	5	2	1	2	4	4	5	4	2	3	3	1	5	3	3	4	4	2	4	1	2	4	5	4	2	1	2	1	5	2	2	2	1	5	2	1	4	2	3	2	1	3	1	5	3	3	2	2	5	4	3	4	3	4	4	3	4	1	5	2	1	3	2	2	4	3	1	4	5	5	4	1	5	1	5	2	4	5	5	5	2	2	4	4	2	1	4	3	3
AT1G10170	3	4	1	5	5	5	1	5	4	1	4	5	5	1	2	4	4	3	4	2	3	3	1	5	3	3	4	4	2	1	1	2	4	5	4	2	1	2	5	5	1	4	2	5	5	2	1	4	2	1	2	5	3	1	5	4	3	2	2	5	5	2	4	3	4	4	3	3	1	5	2	1	3	2	2	4	3	1	4	5	5	4	1	3	1	4	2	4	5	5	5	2	4	1	5	2	1	4	3	3
AT5G12470	3	4	1	5	5	5	1	5	4	1	4	5	5	1	2	4	4	3	4	2	3	3	1	5	3	3	4	4	1	1	1	2	4	5	4	2	1	2	5	5	1	4	2	5	5	1	1	4	2	1	2	5	3	1	5	4	3	2	2	5	5	2	4	3	4	4	3	3	1	5	2	1	3	2	2	4	3	1	4	1	5	4	1	3	1	4	2	4	5	5	2	2	4	1	5	2	1	4	3	3
AT2G20260	5	4	5	5	5	5	2	1	4	1	4	5	2	1	2	4	4	5	4	2	3	3	1	4	3	3	4	4	2	4	1	2	4	5	4	2	1	2	1	5	2	2	1	1	5	2	1	4	2	3	2	1	2	1	2	3	3	2	2	5	4	3	4	3	2	4	3	4	4	5	2	1	3	2	2	4	2	2	4	5	5	4	1	5	3	5	2	4	5	5	5	2	2	4	4	3	1	4	3	5
AT1G03600	2	1	4	4	3	4	5	2	3	4	5	1	4	2	1	1	1	4	3	4	1	5	3	3	1	1	5	5	5	5	4	4	2	1	1	5	5	3	4	3	3	1	4	3	1	5	5	1	4	4	1	2	1	4	3	5	5	3	3	4	2	4	5	1	5	5	5	1	5	3	4	5	1	3	4	1	4	3	1	2	4	5	5	4	4	1	3	1	2	2	1	4	5	5	3	1	5	3	4	2
AT5G39830	5	4	1	5	5	5	1	5	4	1	4	5	2	1	2	4	4	5	4	2	3	3	1	5	3	3	4	4	2	4	1	2	4	5	4	2	1	2	5	5	1	2	2	5	5	2	1	4	2	1	2	5	3	1	5	3	3	2	2	5	5	2	4	3	4	4	3	3	1	5	2	1	3	2	2	4	3	1	4	5	5	4	1	5	1	4	2	4	5	5	5	2	2	1	4	2	1	4	3	3
AT1G20810	3	4	1	5	5	5	1	5	4	1	4	5	5	1	2	4	4	3	4	2	3	3	1	5	3	3	4	4	1	1	1	2	4	5	4	2	1	2	5	5	1	4	2	5	5	1	1	4	2	1	2	5	3	1	5	4	3	2	2	5	5	2	4	3	4	4	3	3	1	5	2	1	3	2	2	4	3	1	4	1	5	4	1	3	1	4	2	4	5	5	2	2	4	1	5	2	2	4	3	3
AT1G14150	5	4	5	5	5	5	1	1	4	1	4	5	2	1	2	4	4	5	4	2	3	3	1	4	3	3	4	4	2	4	1	2	4	5	4	2	1	2	1	5	2	2	1	1	5	2	1	4	2	3	2	1	2	1	2	3	3	2	2	5	4	3	4	3	2	4	3	4	4	5	2	1	3	2	2	4	2	2	4	5	5	4	1	5	3	5	2	4	5	5	5	2	2	4	4	3	1	4	3	5
AT2G41330	5	4	5	5	5	5	1	5	4	1	4	5	5	1	2	4	4	5	4	2	3	3	1	4	3	3	4	4	2	4	1	2	4	5	4	2	1	2	1	5	2	2	1	1	5	2	1	4	2	3	2	1	2	1	5	3	3	2	2	5	4	3	4	3	2	4	3	4	1	5	2	1	3	2	2	4	2	2	4	5	5	4	1	5	3	5	2	4	5	5	5	2	2	4	4	3	1	4	3	5
AT3G19490	5	4	4	5	1	2	2	1	1	5	2	5	2	5	5	3	4	5	4	3	3	3	2	4	3	3	4	4	3	4	1	3	3	5	2	1	2	2	1	5	2	2	1	1	5	3	3	3	2	3	4	1	2	1	2	3	4	4	5	5	4	5	4	5	2	3	3	4	4	3	1	4	4	1	1	4	2	2	2	5	2	4	1	5	3	5	2	4	3	1	3	2	1	4	2	3	1	4	1	5
AT3G17830	1	1	2	1	4	3	5	3	2	5	3	4	4	4	4	5	5	2	2	1	4	1	5	1	2	4	2	1	3	3	2	1	2	2	5	3	2	4	4	4	4	1	4	4	4	5	3	5	4	4	5	4	1	5	3	2	2	3	1	2	3	4	3	4	1	1	2	5	5	2	4	2	4	3	3	2	1	5	3	2	3	3	5	4	5	1	4	3	3	4	4	5	5	3	3	5	5	2	5	2
AT1G17850	5	4	1	5	5	5	1	5	4	1	4	5	2	1	2	4	4	3	4	2	3	3	1	5	3	3	4	4	2	4	1	2	4	5	4	2	1	2	5	5	1	2	2	5	5	2	1	4	2	1	2	5	3	1	5	4	3	2	2	5	5	2	4	3	4	4	3	3	1	5	2	1	3	2	2	4	3	1	4	5	5	4	1	3	1	4	2	4	5	5	5	2	2	1	4	2	1	4	3	3
AT2G01140	3	5	2	3	2	1	3	4	5	2	1	3	5	3	3	2	2	3	5	2	2	4	3	2	5	5	2	2	4	2	5	2	5	5	3	4	3	5	3	1	4	2	5	4	3	4	5	2	3	2	5	5	5	2	5	4	3	1	4	1	1	1	2	3	2	1	1	1	3	4	5	1	2	5	5	5	5	4	1	4	4	1	2	1	2	2	5	5	5	3	5	2	3	1	1	2	4	5	2	3
AT1G67700	5	4	5	5	1	5	2	1	4	1	3	5	2	5	5	4	4	5	4	3	3	3	2	4	3	3	4	4	2	4	1	3	3	5	2	2	1	2	1	5	2	2	1	1	5	2	1	3	2	3	2	1	2	1	2	3	3	4	5	5	4	5	4	5	2	3	3	4	4	5	2	1	3	1	2	4	2	2	2	5	5	4	1	5	3	5	2	4	5	5	5	2	1	4	4	3	1	4	3	5
AT5G01500	5	4	5	5	1	5	1	1	4	1	4	5	2	1	2	4	4	5	4	2	3	3	1	4	3	3	4	4	2	4	1	2	4	5	4	2	1	2	1	5	2	2	1	1	5	2	1	4	2	3	2	1	2	1	5	3	3	2	2	5	4	3	4	3	2	4	3	4	4	5	2	1	3	2	2	4	2	2	4	5	5	4	1	5	3	5	2	4	5	5	5	2	2	4	4	3	1	4	3	5
AT3G57680	3	4	1	5	5	5	1	5	4	1	4	5	5	1	2	4	4	3	4	2	3	3	1	5	3	3	4	4	1	1	1	2	4	5	4	2	1	2	5	5	1	4	2	5	5	2	1	4	2	1	2	5	3	1	5	4	3	2	2	5	5	2	4	3	4	4	3	3	1	5	2	1	3	2	2	4	3	1	4	5	5	4	1	3	1	4	2	4	5	5	5	2	4	1	5	2	1	4	3	3
AT4G16155	4	4	1	5	5	5	1	5	4	1	4	5	2	1	2	4	4	3	4	2	3	3	1	5	3	3	4	4	1	1	1	2	4	5	4	2	1	2	5	5	1	4	2	5	5	1	1	4	2	5	2	5	3	1	4	4	1	2	2	5	5	2	4	3	4	4	3	3	1	5	2	1	3	2	2	4	3	1	4	1	1	4	1	2	1	4	2	4	1	5	2	3	4	1	5	2	2	4	3	3
AT1G56500	5	4	5	5	1	3	2	5	4	1	3	5	3	5	2	4	4	5	4	3	3	3	2	5	3	3	4	4	1	1	1	2	3	5	2	2	1	2	5	5	1	2	2	1	5	2	1	3	2	3	4	5	3	1	4	4	3	4	5	5	5	5	4	3	4	3	3	3	4	5	2	1	3	1	2	4	3	1	2	5	5	4	1	5	1	5	2	4	5	5	5	2	1	4	5	3	1	4	3	3
AT1G22450	4	4	1	5	5	5	1	5	4	3	4	5	2	1	2	4	4	3	4	2	3	3	1	5	3	3	4	4	1	1	3	2	4	5	4	2	1	2	5	5	1	4	2	5	5	1	1	4	2	5	2	5	3	1	4	4	1	2	2	5	5	2	4	3	4	4	3	3	2	5	2	1	3	2	2	4	3	1	4	1	1	4	1	2	1	4	2	4	1	5	2	3	4	1	5	2	2	4	3	3
AT5G53170	4	4	1	5	5	5	1	5	4	1	4	5	2	1	2	4	4	3	4	2	3	3	1	5	3	3	4	4	1	1	1	2	4	5	4	2	1	2	5	5	1	4	2	5	5	1	1	4	2	5	2	5	3	1	4	4	3	2	2	5	5	2	4	3	4	4	3	3	1	5	2	1	3	2	2	4	3	1	4	1	5	4	1	2	1	4	2	4	1	1	2	3	4	1	5	2	2	4	3	3
AT5G15250	5	4	5	5	5	5	1	5	4	1	4	5	2	1	2	4	4	5	4	2	3	3	1	5	3	3	4	4	2	4	1	2	4	5	4	2	1	2	1	5	2	2	1	5	5	2	1	4	2	3	2	1	3	1	5	3	3	2	2	5	4	3	4	3	2	4	3	3	1	5	2	1	3	2	2	4	3	2	4	5	5	4	1	5	1	4	2	4	5	5	5	2	2	4	4	2	1	4	3	5
AT3G58010	3	4	1	5	5	5	1	5	4	1	4	5	5	1	2	4	4	3	4	2	3	3	1	5	3	3	4	4	1	1	1	2	4	5	4	2	1	2	5	5	1	4	2	5	5	1	1	4	2	1	2	5	3	1	5	4	3	2	2	5	5	2	4	3	4	4	3	3	1	5	2	1	3	2	2	4	3	1	4	1	5	4	1	3	1	4	2	4	1	5	2	2	4	1	5	2	2	4	3	3
AT2G29500	5	4	5	5	1	5	2	1	4	1	4	5	2	1	5	4	4	5	4	3	3	3	2	4	3	3	4	4	2	4	1	2	4	5	4	2	1	2	1	5	2	2	1	1	5	2	1	4	2	3	2	1	2	1	2	3	3	2	2	5	4	3	4	3	2	4	3	4	4	5	2	1	3	2	2	4	2	2	4	5	5	4	1	5	3	5	2	4	5	5	5	2	2	4	4	3	1	4	3	5
AT3G60370	4	4	1	5	5	5	1	5	4	1	4	5	2	1	2	4	4	3	4	2	3	3	1	5	3	3	4	4	1	1	1	2	4	5	4	2	1	2	5	5	1	4	2	5	5	2	1	4	2	1	2	5	3	1	5	4	3	2	2	5	5	2	4	3	4	4	3	3	1	5	2	1	3	2	2	4	3	1	4	1	5	4	1	3	1	4	2	4	5	5	2	2	4	1	5	2	1	4	3	3
AT1G50460	3	4	1	5	5	5	1	5	4	1	4	5	5	1	2	4	4	3	4	2	3	3	1	5	3	3	4	4	1	1	1	2	4	5	4	2	1	2	5	5	1	4	2	5	5	1	1	4	2	1	2	5	3	1	5	4	3	2	2	5	5	2	4	3	4	4	3	3	1	5	2	1	3	2	2	4	3	1	4	1	1	4	1	2	1	4	2	4	1	5	2	2	4	1	5	2	2	4	3	3
AT2G26800	5	4	5	5	5	5	1	1	4	1	4	5	2	1	2	4	4	5	4	2	3	3	1	4	3	3	4	4	2	4	1	2	4	5	4	2	1	2	1	5	2	2	1	1	5	2	1	4	2	3	2	1	2	1	5	3	3	2	2	5	4	3	4	3	2	4	3	4	1	5	2	1	3	2	2	4	2	2	4	5	5	4	1	5	3	5	2	4	5	5	5	2	2	4	4	3	1	4	3	5
AT1G21750	3	5	1	3	2	1	3	4	4	1	1	5	5	3	3	4	4	3	5	2	2	4	3	2	3	3	4	4	4	2	1	2	5	5	3	4	3	2	3	1	1	4	5	5	3	4	1	4	2	1	5	5	3	1	5	4	3	1	4	5	1	1	2	3	4	4	3	3	3	4	5	1	2	5	2	4	3	4	4	4	5	4	2	3	2	2	2	4	5	3	2	2	3	1	5	2	2	4	3	3
AT2G44990	5	4	5	5	1	5	2	1	4	1	4	5	2	1	5	4	4	5	4	3	3	3	2	4	3	3	4	4	2	4	1	2	4	5	4	2	1	2	1	5	2	2	1	1	5	2	1	4	2	3	2	1	2	1	2	3	3	2	2	5	4	3	4	3	2	4	3	4	4	5	2	1	3	2	2	4	2	2	4	5	5	4	1	5	3	5	2	4	5	5	5	2	2	4	4	3	1	4	3	5
AT1G30510	3	4	1	5	5	5	1	5	4	1	4	5	5	1	2	4	4	3	4	2	3	3	1	5	3	3	4	4	1	1	1	2	4	5	4	2	1	2	5	5	1	4	2	5	5	2	1	4	2	1	2	5	3	1	5	4	3	2	2	5	5	2	4	3	4	4	3	3	1	5	2	1	3	2	2	4	3	1	4	1	5	4	1	3	1	4	2	4	5	5	2	2	4	1	5	2	1	4	3	3
AT3G10130	3	4	1	5	5	5	1	5	4	1	4	5	5	1	2	4	4	3	4	2	3	3	1	5	3	3	4	4	2	4	1	2	4	5	4	2	1	2	5	5	1	2	2	5	5	2	1	4	2	1	2	5	3	1	5	4	3	2	2	5	5	2	4	3	4	4	3	3	1	5	2	1	3	2	2	4	3	1	4	5	5	4	1	3	1	4	2	4	5	5	5	2	2	1	5	2	1	4	3	3
AT3G22690	3	4	1	5	5	5	1	5	4	1	4	5	5	1	2	4	4	3	4	2	3	3	1	5	3	3	4	4	2	4	1	2	4	5	4	2	1	2	5	5	1	4	2	5	5	2	1	4	2	1	2	5	3	1	5	4	3	2	2	5	5	2	4	3	4	4	3	3	1	5	2	1	3	2	2	4	3	1	4	5	5	4	1	3	1	4	2	4	5	5	5	2	4	1	5	2	1	4	3	3
AT1G54050	5	4	1	5	5	5	1	5	4	1	4	5	5	1	2	4	4	3	4	2	3	3	1	5	3	3	4	4	2	4	1	2	4	5	4	2	1	2	5	5	1	2	2	5	5	2	1	4	2	1	2	5	3	1	5	3	3	2	2	5	5	2	4	3	4	4	3	3	1	5	2	1	3	2	2	4	3	1	4	5	5	4	1	5	1	4	2	4	5	5	5	2	2	1	4	2	1	4	3	3
AT1G55370	5	4	1	5	5	5	1	5	4	1	4	5	2	1	2	4	4	3	4	2	3	3	1	5	3	3	4	4	1	4	1	2	4	5	4	2	1	2	5	5	1	4	2	5	5	2	1	4	2	1	2	5	3	1	5	4	3	2	2	5	5	2	4	3	4	4	3	3	1	5	2	1	3	2	2	4	3	1	4	5	5	4	1	3	1	4	2	4	5	5	5	2	4	1	5	2	1	4	3	3
AT4G35770	5	4	1	5	5	5	1	5	4	1	4	5	2	1	2	4	4	3	4	2	3	3	1	5	3	3	4	4	1	4	1	2	4	5	4	2	1	2	5	5	1	4	2	5	5	2	1	4	2	1	2	5	3	1	5	4	3	2	2	5	5	2	4	3	4	4	3	3	1	5	2	1	3	2	2	4	3	1	4	5	5	4	1	3	1	4	2	4	5	5	5	2	4	1	5	2	1	4	3	3
AT3G56040	2	2	4	4	3	4	4	2	2	2	5	2	1	2	1	1	1	1	2	4	1	5	5	3	4	1	5	2	5	5	5	4	2	4	1	5	4	1	4	2	5	3	4	3	2	5	2	1	5	4	1	3	4	4	1	1	5	3	3	4	3	4	5	1	3	2	5	1	5	1	4	3	1	3	4	1	4	3	1	2	3	3	3	4	4	3	3	1	2	4	1	4	3	5	1	5	4	1	4	1
AT1G27510	5	4	5	5	5	5	2	1	4	1	4	5	2	1	5	4	4	5	4	2	3	3	2	4	3	3	4	4	2	4	1	2	4	5	4	2	1	2	1	5	2	2	1	1	5	2	1	4	2	3	2	1	2	1	2	3	3	2	2	5	4	3	4	3	2	4	3	4	4	5	2	1	3	2	2	4	2	2	4	5	5	4	1	5	3	5	2	4	5	5	5	2	2	4	4	3	1	4	3	5
AT5G59250	4	4	1	5	5	5	1	5	4	1	4	5	5	1	2	4	4	3	4	2	3	3	1	5	3	3	4	4	1	1	1	2	4	5	4	2	1	2	5	5	1	4	2	5	5	1	1	4	2	5	2	5	3	1	4	4	1	2	2	5	5	2	4	3	4	4	3	3	1	5	2	1	3	2	2	4	3	1	4	1	1	4	1	2	1	4	2	4	1	5	2	3	4	1	5	2	2	4	3	3
AT1G75690	4	4	1	5	5	5	1	5	4	3	4	5	5	1	2	4	4	3	4	2	3	3	1	5	3	3	4	4	1	1	3	2	4	5	4	2	1	2	5	5	1	4	2	5	5	1	1	4	2	5	2	5	3	1	4	4	1	2	2	5	5	2	4	3	4	4	3	3	2	5	2	1	3	2	2	4	3	1	4	1	1	4	1	2	1	4	2	4	1	5	2	3	4	1	5	2	2	4	3	3
AT4G01900	3	4	1	5	5	5	1	5	4	1	4	5	5	1	2	4	4	3	4	2	3	3	1	5	3	3	4	4	2	4	1	2	4	5	4	2	1	2	5	5	1	2	2	5	5	2	1	4	2	1	2	5	3	1	5	4	3	2	2	5	5	2	4	3	4	4	3	3	1	5	2	1	3	2	2	4	3	1	4	5	5	4	1	3	1	4	2	4	5	5	5	2	2	1	4	2	1	4	3	3
AT2G18790	5	4	5	5	1	2	2	1	4	5	3	5	2	5	5	4	4	5	4	3	3	3	2	4	3	3	4	4	2	4	1	3	3	5	2	2	1	2	1	5	2	2	1	1	5	3	3	3	2	3	4	1	2	1	2	3	4	4	5	5	4	5	4	5	4	3	3	4	4	5	1	1	3	1	2	4	2	2	2	5	2	4	1	5	3	5	2	4	5	1	5	2	1	4	2	3	1	4	1	5
AT1G78915	3	5	5	5	2	1	3	5	4	1	1	5	5	3	3	4	4	3	5	2	2	4	1	5	3	3	4	4	2	4	1	2	5	5	3	4	3	2	3	1	1	2	5	5	5	2	1	4	2	1	2	5	3	1	5	3	3	1	4	5	1	1	2	3	2	4	3	3	3	4	5	1	3	5	2	4	3	4	4	5	5	4	1	5	1	2	2	4	5	3	5	2	3	1	4	2	1	4	3	3
AT3G24590	3	4	1	5	5	5	1	5	4	1	4	5	5	1	2	4	4	3	4	2	3	3	1	5	3	3	4	4	1	1	1	2	4	5	4	2	1	2	5	5	1	4	2	5	5	1	1	4	2	1	2	5	3	1	5	4	3	2	2	5	5	2	4	3	4	4	3	3	1	5	2	1	3	2	2	4	3	1	4	1	5	4	1	3	1	4	2	4	5	5	2	2	4	1	5	2	1	4	3	3
AT2G01918	5	4	5	5	5	5	1	5	4	1	4	5	5	1	2	4	4	5	4	2	3	3	1	5	3	3	4	4	2	4	1	2	4	5	4	2	1	2	1	5	2	2	1	5	5	2	1	4	2	3	2	1	2	1	5	3	3	2	2	5	4	3	4	3	2	4	3	3	1	5	2	1	3	2	2	4	3	2	4	5	5	4	1	5	3	4	2	4	5	5	5	2	2	4	4	2	1	4	3	5
AT1G52220	5	4	1	5	5	5	1	5	4	1	4	5	2	1	2	4	4	3	4	2	3	3	1	5	3	3	4	4	1	1	1	2	4	5	4	2	1	2	5	5	1	4	2	5	5	2	1	4	2	1	2	5	3	1	5	4	3	2	2	5	5	2	4	3	4	4	3	3	1	5	2	1	3	2	2	4	3	1	4	5	5	4	1	3	1	4	2	4	5	5	2	2	4	1	5	2	1	4	3	3
AT3G15360	3	4	1	5	5	5	1	5	4	1	4	5	2	1	2	4	4	3	4	2	3	3	1	5	3	3	4	4	1	1	1	2	4	5	4	2	1	2	5	5	1	4	2	5	5	2	1	4	2	1	2	5	3	1	5	4	3	2	2	5	5	2	4	3	4	4	3	3	1	5	2	1	3	2	2	4	3	1	4	1	5	4	1	3	1	4	2	4	5	5	2	2	4	1	5	2	1	4	3	3
AT1G65260	3	5	2	3	2	1	3	4	4	1	1	5	5	3	3	4	2	3	5	2	2	4	3	2	5	5	4	4	4	2	1	2	5	5	3	4	3	2	3	1	1	2	5	5	3	4	1	2	2	1	5	5	3	1	5	4	3	1	4	5	1	1	2	3	4	1	3	3	3	4	5	1	2	5	5	5	5	4	4	4	5	4	2	3	2	2	5	4	5	3	5	2	3	1	5	2	1	5	2	3
AT4G04020	5	4	5	5	5	5	1	5	4	1	4	5	2	1	2	4	4	5	4	2	3	3	1	5	3	3	4	4	2	4	1	2	4	5	4	2	1	2	1	5	1	2	2	5	5	2	1	4	2	3	2	5	3	1	5	3	3	2	2	5	4	3	4	3	4	4	3	3	1	5	2	1	3	2	2	4	3	2	4	5	5	4	1	5	1	4	2	4	5	5	5	2	2	4	4	2	1	4	3	5
AT1G32500	4	4	4	1	1	2	4	5	4	5	2	5	2	4	2	3	4	1	4	4	3	2	5	5	3	3	5	3	3	1	3	3	3	5	2	1	2	2	2	3	5	4	2	2	2	3	3	1	1	5	3	5	3	2	4	1	1	3	5	5	3	5	1	5	4	4	2	2	2	1	1	4	3	4	1	4	3	1	5	1	1	4	4	2	5	1	2	4	1	1	2	3	5	2	2	2	3	4	1	3
AT3G47060	5	4	5	5	5	5	1	1	4	1	4	5	2	1	2	4	4	5	4	2	3	3	2	4	3	3	4	4	2	4	1	2	4	5	4	2	1	2	1	5	2	2	1	1	5	2	1	4	2	3	2	1	2	1	2	3	3	2	2	5	4	3	4	3	2	4	3	4	4	5	2	1	3	2	2	4	2	2	4	5	5	4	1	5	3	5	2	4	5	5	5	2	2	4	4	3	1	4	3	5
AT2G26550	4	3	4	3	3	4	4	2	2	5	5	2	1	4	1	3	1	1	2	4	1	2	5	3	4	1	5	5	5	3	3	4	2	4	1	1	4	3	2	3	5	3	4	2	2	3	2	1	1	5	1	3	4	2	4	1	1	3	1	5	3	4	5	1	3	5	5	2	2	1	4	4	1	4	1	1	4	3	5	1	3	5	4	4	5	1	3	1	2	2	1	3	5	2	2	2	3	3	4	3
AT4G20820	3	4	1	5	5	5	1	5	4	1	4	5	5	1	2	4	4	3	4	2	3	3	1	5	3	3	4	4	1	1	1	2	4	5	4	2	1	2	5	5	1	4	2	5	5	2	1	4	2	1	2	5	3	1	5	4	3	2	2	5	5	2	4	3	4	4	3	3	1	5	2	1	3	2	2	4	3	1	4	5	5	4	1	3	1	4	2	4	5	5	2	2	4	1	5	2	1	4	3	3
AT1G74070	3	4	1	5	5	5	1	5	4	1	1	5	5	1	2	4	4	3	4	2	2	3	1	5	3	3	4	4	1	1	1	2	4	5	4	2	1	2	5	5	1	4	2	5	5	2	1	4	2	1	2	5	3	1	5	4	3	2	2	5	5	2	4	3	4	4	3	3	1	5	2	1	3	2	2	4	3	1	4	1	5	4	1	3	1	4	2	4	5	5	2	2	4	1	5	2	1	4	3	3
AT3G53560	3	4	1	5	5	5	1	5	4	1	1	5	5	1	2	4	4	3	4	2	3	3	1	5	3	3	4	4	1	1	1	2	4	5	4	2	1	2	5	5	1	4	2	5	5	1	1	4	2	1	2	5	3	1	5	4	3	2	2	5	5	2	4	3	4	4	3	3	1	5	2	1	3	2	2	4	3	1	4	1	5	4	1	3	1	4	2	4	5	5	2	2	4	1	5	2	2	4	3	3
AT5G53490	3	4	1	5	5	5	1	5	4	1	1	5	5	1	2	4	4	3	4	2	2	3	1	5	3	3	4	4	1	1	1	2	4	5	4	2	1	2	5	5	1	4	2	5	5	1	1	4	2	1	2	5	3	1	5	4	3	2	2	5	5	2	4	3	4	4	3	3	1	5	2	1	3	2	2	4	3	1	4	1	5	4	1	3	1	4	2	4	5	5	2	2	4	1	5	2	2	4	3	3
AT2G42975	3	4	1	5	5	5	1	5	4	1	4	5	5	1	2	4	4	3	4	2	3	3	1	5	3	3	4	4	1	1	1	2	4	5	4	2	1	2	5	5	1	4	2	5	5	1	1	4	2	1	2	5	3	1	5	4	3	2	2	5	5	2	4	3	4	4	3	3	1	5	2	1	3	2	2	4	3	1	4	1	5	4	1	3	1	4	2	4	5	5	2	2	4	1	5	2	1	4	3	3
AT2G20270	3	4	1	5	5	5	1	5	4	1	4	5	2	1	2	4	4	3	4	2	3	3	1	5	3	3	4	4	1	1	1	2	4	5	4	2	1	2	5	5	1	4	2	5	5	2	1	4	2	1	2	5	3	1	5	4	3	2	2	5	5	2	4	3	4	4	3	3	1	5	2	1	3	2	2	4	3	1	4	5	5	4	1	3	1	4	2	4	5	5	5	2	4	1	5	2	1	4	3	3
AT2G29180	5	4	5	5	1	2	2	1	4	1	3	5	3	5	5	4	4	5	4	3	3	3	2	4	3	3	4	4	2	4	1	3	3	5	2	2	1	2	1	5	2	2	1	1	5	2	1	3	2	3	4	1	2	1	2	3	4	4	5	5	4	5	4	5	2	3	3	4	4	5	1	1	3	1	2	4	2	2	2	5	2	4	1	5	3	5	2	4	5	5	5	2	1	4	4	3	1	4	1	5
AT3G01440	5	4	5	5	5	5	1	1	4	1	4	5	2	1	2	4	4	5	4	2	3	3	1	5	3	3	4	4	2	4	1	2	4	5	4	2	1	2	1	5	2	2	1	5	5	2	1	4	2	3	2	1	2	1	5	3	3	2	2	5	4	3	4	3	2	4	3	4	1	5	2	1	3	2	2	4	2	2	4	5	5	4	1	5	3	4	2	4	5	5	5	2	2	4	4	2	1	4	3	5
AT1G76760	5	4	5	5	5	5	1	5	4	1	4	5	2	1	2	4	4	5	4	2	3	3	1	5	3	3	4	4	2	4	1	2	4	5	4	2	1	2	1	5	2	2	1	1	5	2	1	4	2	3	2	1	3	1	5	3	3	2	2	5	4	3	4	3	4	4	3	4	4	5	2	1	3	2	2	4	3	2	4	5	5	4	1	5	1	5	2	4	5	5	5	2	2	4	4	3	1	4	3	5
AT2G26360	1	1	2	2	4	3	5	3	2	5	3	4	4	4	4	5	5	2	1	1	5	1	5	1	2	4	1	1	3	3	2	5	2	2	5	3	2	4	4	4	4	1	3	4	4	5	3	1	4	4	1	4	1	5	3	2	2	3	1	2	3	4	3	4	1	5	2	2	5	2	4	2	4	3	3	2	1	5	3	2	4	3	5	1	5	1	4	3	4	4	4	5	5	2	3	5	5	2	5	2
AT4G13670	4	4	1	5	5	5	1	5	4	1	4	5	2	1	2	4	4	3	4	2	3	3	1	5	3	3	4	4	1	1	1	2	4	5	4	2	1	2	5	5	1	4	2	5	5	1	1	4	2	1	2	5	3	1	5	4	3	2	2	5	5	2	4	3	4	4	3	3	1	5	2	1	3	2	2	4	3	1	4	1	5	4	1	3	1	4	2	4	5	5	2	2	4	1	5	2	1	4	3	3
AT2G35040	4	4	1	5	5	5	1	5	4	1	4	5	2	1	2	4	4	3	4	2	3	3	1	5	3	3	4	4	1	1	1	2	4	5	4	2	1	2	5	5	1	4	2	5	5	1	1	4	2	5	2	5	3	1	5	4	3	2	2	5	5	2	4	3	4	4	3	3	1	5	2	1	3	2	2	4	3	1	4	1	5	4	1	3	1	4	2	4	1	5	2	2	4	1	5	2	2	4	3	3
AT1G65230	4	3	4	1	3	4	4	2	4	3	5	2	1	2	1	4	4	1	2	4	1	2	4	5	4	1	5	3	1	1	3	4	1	4	1	5	4	2	2	2	3	3	4	2	2	1	4	1	1	5	1	3	4	4	4	1	1	5	1	5	5	4	1	3	4	2	5	5	2	1	3	3	5	4	4	4	3	1	5	1	1	3	3	2	1	3	3	1	1	4	2	3	3	1	5	2	2	1	4	3
AT1G03850	3	5	1	3	2	5	3	5	4	1	1	5	5	3	2	4	4	3	5	2	2	4	1	5	3	3	4	4	1	1	1	2	5	5	3	2	3	2	5	1	1	4	2	5	5	1	1	4	2	1	2	5	3	1	4	4	1	1	4	5	5	1	2	3	4	4	3	3	3	4	5	1	3	5	2	4	3	1	4	1	1	4	1	2	1	2	2	4	1	5	2	2	4	1	5	2	2	4	3	3
AT1G50250	3	4	1	5	5	5	1	5	4	1	4	5	5	1	2	4	4	3	4	2	3	3	1	5	3	3	4	4	1	1	1	2	4	5	4	2	1	2	5	5	1	4	2	5	5	1	1	4	2	1	2	5	3	1	5	4	3	2	2	5	5	2	4	3	4	4	3	3	1	5	2	1	3	2	2	4	3	1	4	1	5	4	1	3	1	4	2	4	5	5	2	2	4	1	5	2	1	4	3	3
AT2G40760	3	4	1	5	5	5	1	5	4	1	4	5	5	1	2	4	4	3	4	2	3	3	1	5	3	3	4	4	2	4	1	2	4	5	4	2	1	2	5	5	1	4	2	5	5	2	1	4	2	1	2	5	3	1	5	4	3	2	2	5	5	2	4	3	4	4	3	3	1	5	2	1	3	2	2	4	3	1	4	5	5	4	1	3	1	4	2	4	5	5	5	2	4	1	5	2	1	4	3	3
AT2G26340	4	3	4	1	3	4	4	5	4	3	5	2	1	2	1	4	4	1	2	2	1	2	4	5	4	1	5	3	1	1	3	4	1	5	1	5	4	2	5	2	3	4	2	2	2	1	4	1	1	5	1	3	4	4	4	4	1	5	1	5	5	4	1	3	4	2	3	5	2	1	3	3	5	4	4	4	3	1	5	1	1	4	3	2	1	3	2	4	1	4	2	3	4	1	5	2	2	4	4	3
AT5G08050	4	3	1	1	3	5	4	5	4	3	5	5	1	1	2	4	4	3	4	2	1	2	4	5	3	3	5	3	1	1	3	2	1	5	4	2	4	2	5	5	3	4	2	2	5	1	4	4	1	5	2	5	4	1	4	4	1	5	1	5	5	2	1	3	4	2	3	5	2	1	3	1	5	4	2	4	3	1	5	1	1	4	3	2	1	3	2	4	1	5	2	3	4	1	5	2	2	4	4	3
AT1G22020	4	4	1	5	5	5	1	5	4	1	4	5	5	1	2	4	4	3	4	2	3	3	1	5	3	3	4	4	1	1	1	2	4	5	4	2	1	2	5	5	1	4	2	5	5	1	1	4	2	5	2	5	3	1	4	4	3	2	2	5	5	2	4	3	4	4	3	3	1	5	2	1	3	2	2	4	3	1	4	1	1	4	1	2	1	4	2	4	1	5	2	3	4	1	5	2	2	4	3	3
AT5G16150	3	4	1	5	5	5	1	5	4	1	4	5	5	1	2	4	4	3	4	2	3	3	1	5	3	3	4	4	1	1	1	2	4	5	4	2	1	2	5	5	1	4	2	5	5	1	1	4	2	1	2	5	3	1	5	4	3	2	2	5	5	2	4	3	4	4	3	3	1	5	2	1	3	2	2	4	3	1	4	1	5	4	1	3	1	4	2	4	1	5	2	2	4	1	5	2	2	4	3	3
AT4G24750	5	4	1	5	5	5	1	5	4	1	4	5	2	1	2	4	4	3	4	2	3	3	1	5	3	3	4	4	2	4	1	2	4	5	4	2	1	2	5	5	1	2	2	5	5	2	1	4	2	1	2	5	3	1	5	4	3	2	2	5	5	2	4	3	4	4	3	3	1	5	2	1	3	2	2	4	3	1	4	5	5	4	1	3	1	4	2	4	5	5	5	2	2	1	5	2	1	4	3	3
AT4G01050	5	4	1	5	5	5	1	5	4	1	4	5	5	1	2	4	4	3	4	2	3	3	1	5	3	3	4	4	2	4	1	2	4	5	4	2	1	2	5	5	1	2	2	5	5	2	1	4	2	1	2	5	3	1	5	3	3	2	2	5	5	2	4	3	4	4	3	3	1	5	2	1	3	2	2	4	3	1	4	5	5	4	1	5	1	4	2	4	5	5	5	2	2	1	4	2	1	4	3	3
AT1G02560	5	4	5	5	1	5	2	1	4	1	4	5	2	1	5	4	4	5	4	3	3	3	2	4	3	3	4	4	2	4	1	2	4	5	4	2	1	2	1	5	2	2	1	1	5	2	1	4	2	3	2	1	2	1	2	3	3	2	2	5	4	3	4	3	2	4	3	4	4	5	2	1	3	2	2	4	2	2	4	5	5	4	1	5	3	5	2	4	5	5	5	2	2	4	4	3	1	4	3	5
AT1G18730	5	4	5	5	5	5	1	5	4	1	4	5	5	1	2	4	4	3	4	2	3	3	1	5	3	3	4	4	2	4	1	2	4	5	4	2	1	2	5	5	1	2	2	5	5	2	1	4	2	1	2	5	3	1	5	3	3	2	2	5	5	3	4	3	4	4	3	3	1	5	2	1	3	2	2	4	3	1	4	5	5	4	1	5	1	4	2	4	5	5	5	2	2	1	4	2	1	4	3	3
AT3G46780	3	4	1	5	5	5	1	5	4	1	4	5	5	1	2	4	4	3	4	2	3	3	1	5	3	3	4	4	1	1	1	2	4	5	4	2	1	2	5	5	1	4	2	5	5	1	1	4	2	5	2	5	3	1	4	4	3	2	2	5	5	2	4	3	4	4	3	3	1	5	2	1	3	2	2	4	3	1	4	1	1	4	1	2	1	4	2	4	1	5	2	2	4	1	5	2	2	4	3	3
AT1G79450	3	4	1	5	5	5	1	5	4	1	4	5	5	1	2	4	4	3	4	2	3	3	1	5	3	3	4	4	1	1	1	2	4	5	4	2	1	2	5	5	1	4	2	5	5	2	1	4	2	1	2	5	3	1	5	4	3	2	2	5	5	2	4	3	4	4	3	3	1	5	2	1	3	2	2	4	3	1	4	5	5	4	1	3	1	4	2	4	5	5	2	2	4	1	5	2	1	4	3	3
AT1G06690	3	4	1	5	5	5	1	5	4	1	4	5	5	1	2	4	4	3	4	2	3	3	1	5	3	3	4	4	1	4	1	2	4	5	4	2	1	2	5	5	1	4	2	5	5	2	1	4	2	1	2	5	3	1	5	4	3	2	2	5	5	2	4	3	4	4	3	3	1	5	2	1	3	2	2	4	3	1	4	5	5	4	1	3	1	4	2	4	5	5	5	2	4	1	5	2	1	4	3	3
AT1G23740	3	4	1	5	5	5	1	5	4	1	4	5	5	1	2	4	4	3	4	2	3	3	1	5	3	3	4	4	2	4	1	2	4	5	4	2	1	2	5	5	1	4	2	5	5	2	1	4	2	1	2	5	3	1	5	4	3	2	2	5	5	2	4	3	4	4	3	3	1	5	2	1	3	2	2	4	3	1	4	5	5	4	1	3	1	4	2	4	5	5	5	2	4	1	5	2	1	4	3	3
AT3G46610	2	2	4	3	4	4	4	2	2	2	5	2	4	4	1	1	1	1	2	4	1	5	5	3	4	1	5	5	5	5	3	4	2	4	1	5	4	3	4	3	5	3	4	3	2	5	2	1	1	4	1	3	4	4	1	1	5	3	3	4	3	4	5	1	3	2	5	1	5	1	4	4	1	3	4	1	4	3	1	2	3	5	3	4	4	1	3	1	2	2	1	4	5	5	2	5	3	1	4	1
AT1G29920	3	4	1	5	5	5	1	5	4	1	4	5	5	1	2	4	4	3	4	2	3	3	1	5	3	3	4	4	1	1	1	2	4	5	4	2	1	2	5	5	1	4	2	5	5	2	1	4	2	1	2	5	3	1	5	4	3	2	2	5	5	2	4	3	4	4	3	3	1	5	2	1	3	2	2	4	3	1	4	1	5	4	1	3	1	4	2	4	5	5	2	2	4	1	5	2	1	4	3	3
AT1G50450	1	5	2	3	2	1	3	4	5	2	2	3	1	3	3	2	2	2	5	1	4	4	3	2	5	5	2	2	4	2	5	1	5	3	3	4	3	5	3	1	4	1	5	4	3	4	5	2	3	2	5	3	5	2	1	2	5	1	4	1	1	1	2	4	5	1	1	1	3	4	5	3	2	5	5	5	5	4	1	4	4	1	4	1	2	2	1	5	4	3	1	5	3	5	1	1	4	5	2	1
AT2G17630	5	4	5	5	5	5	1	1	4	1	4	5	2	1	2	4	4	5	4	2	3	3	2	4	3	3	4	4	2	4	1	2	4	5	4	2	1	2	1	5	2	2	1	1	5	2	1	4	2	3	2	1	2	1	2	3	3	2	2	5	4	3	4	3	2	4	3	4	4	5	2	1	3	2	2	4	2	2	4	5	5	4	1	5	3	5	2	4	5	5	5	2	2	4	4	3	1	4	3	5
AT1G14590	5	4	1	5	5	5	1	5	4	1	4	5	5	1	2	4	4	5	4	2	3	3	1	5	3	3	4	4	2	4	1	2	4	5	4	2	1	2	5	5	1	2	2	5	5	2	1	4	2	1	2	5	3	1	5	3	3	2	2	5	5	2	4	3	4	4	3	3	1	5	2	1	3	2	2	4	3	1	4	5	5	4	1	5	1	4	2	4	5	5	5	2	2	1	4	2	1	4	3	3
AT1G54790	3	5	2	3	2	1	3	4	4	1	1	5	5	3	3	4	2	3	5	2	2	4	3	2	5	5	4	4	4	2	1	2	5	5	3	4	3	2	3	1	1	2	5	5	3	4	1	2	2	1	5	5	3	1	5	4	3	1	4	5	1	1	2	3	4	1	3	3	3	4	5	1	2	5	5	5	5	4	4	4	5	4	2	3	2	2	5	4	5	3	5	2	3	1	5	2	1	4	2	3
AT2G22360	4	4	1	5	5	5	1	5	4	1	4	5	5	1	2	4	4	3	4	2	3	3	1	5	3	3	4	4	1	1	1	2	4	5	4	2	1	2	5	5	1	4	2	5	5	1	1	4	2	1	2	5	3	1	5	4	3	2	2	5	5	2	4	3	4	4	3	3	1	5	2	1	3	2	2	4	3	1	4	1	5	4	1	3	1	4	2	4	1	5	2	2	4	1	5	2	2	4	3	3
AT4G39960	5	4	1	5	5	5	1	5	4	1	4	5	2	1	2	4	4	5	4	2	3	3	1	5	3	3	4	4	2	4	1	2	4	5	4	2	1	2	5	5	1	2	2	5	5	2	1	4	2	1	2	5	3	1	5	3	3	2	2	5	4	2	4	3	4	4	3	3	1	5	2	1	3	2	2	4	3	2	4	5	5	4	1	5	1	4	2	4	5	5	5	2	2	1	4	2	1	4	3	3
AT1G15820	3	4	1	5	5	5	1	5	4	1	4	5	5	1	2	4	4	3	4	2	3	3	1	5	3	3	4	4	1	1	1	2	4	5	4	2	1	2	5	5	1	4	2	5	5	2	1	4	2	1	2	5	3	1	5	4	3	2	2	5	5	2	4	3	4	4	3	3	1	5	2	1	3	2	2	4	3	1	4	1	5	4	1	3	1	4	2	4	5	5	2	2	4	1	5	2	1	4	3	3
AT5G52440	4	3	4	1	3	2	4	5	4	3	5	5	2	1	1	3	4	1	2	4	1	2	4	5	4	3	5	3	1	1	3	2	1	5	1	1	4	2	2	3	3	4	2	2	2	1	4	1	1	5	1	5	4	1	4	1	1	2	1	5	5	5	1	3	4	2	3	5	2	1	3	1	3	4	1	4	3	1	5	1	1	4	4	2	1	3	2	4	1	1	2	3	5	1	5	2	2	4	4	3
AT1G74880	1	3	2	3	2	1	3	4	5	2	2	3	1	3	3	2	2	2	5	5	4	4	3	2	5	5	2	2	4	2	5	1	5	3	3	4	3	5	3	1	4	1	5	4	3	4	4	2	3	2	5	3	5	2	1	2	5	1	4	1	1	1	2	4	5	1	1	1	3	4	5	3	2	5	5	5	5	4	1	4	4	1	4	1	2	2	1	5	4	3	1	5	3	5	1	1	4	5	2	1
AT3G28850	4	4	1	5	5	5	1	5	4	3	4	5	5	1	2	4	4	3	4	2	3	3	1	5	3	3	4	4	1	1	1	2	4	5	4	2	1	2	5	5	1	4	2	5	5	1	1	4	2	5	2	5	3	1	4	4	1	2	2	5	5	2	4	3	4	4	3	3	1	5	2	1	3	2	2	4	3	1	4	1	1	4	1	2	1	4	2	4	1	5	2	3	4	1	5	2	2	4	3	3
AT5G02160	5	4	5	5	5	5	1	5	4	1	4	5	5	1	2	4	4	5	4	2	3	3	1	5	3	3	4	4	2	4	1	2	4	5	4	2	1	2	1	5	2	2	1	5	5	2	1	4	2	3	2	5	3	1	5	3	3	2	2	5	4	3	4	3	2	4	3	3	1	5	2	1	3	2	2	4	3	2	4	5	5	4	1	5	1	4	2	4	5	5	5	2	2	4	4	2	1	4	3	5
AT4G33520	1	1	3	2	4	4	5	3	3	4	4	4	4	2	4	5	3	4	2	5	1	2	5	3	2	2	1	5	2	2	4	1	3	3	1	3	3	4	4	4	1	5	4	4	1	5	5	5	3	4	4	4	1	3	1	5	4	5	3	3	3	4	3	2	1	5	1	2	5	3	4	5	5	3	4	3	1	5	2	3	3	2	2	1	3	1	4	2	4	2	4	1	5	3	3	4	5	2	2	2
AT1G80380	5	4	5	5	1	3	2	1	1	5	3	5	3	5	5	4	4	5	3	3	3	3	2	4	3	3	4	4	3	4	1	3	3	5	2	1	2	2	1	5	2	2	1	1	5	3	3	3	2	3	4	1	2	5	2	3	4	4	5	5	4	5	4	5	2	3	3	4	4	3	1	1	3	1	2	4	2	2	2	5	2	4	1	5	3	5	2	4	5	4	3	2	1	4	2	3	1	4	1	5
AT5G01220	4	3	4	1	3	5	4	5	4	3	5	5	1	1	1	4	4	1	2	2	1	2	4	5	4	3	5	3	1	1	3	2	1	5	1	2	4	2	5	5	3	4	2	2	2	1	4	1	1	5	1	5	4	4	4	4	1	5	1	5	5	2	1	3	4	2	3	5	2	1	3	3	5	4	2	4	3	1	5	1	1	4	3	2	1	3	2	4	1	5	2	3	4	1	5	2	2	4	4	3
AT2G27290	5	4	1	5	5	5	1	5	4	1	4	5	2	1	2	4	4	3	4	2	3	3	1	5	3	3	4	4	2	4	1	2	4	5	4	2	1	2	5	5	1	2	2	5	5	2	1	4	2	1	2	5	3	1	5	4	3	2	2	5	5	2	4	3	4	4	3	3	1	5	2	1	3	2	2	4	3	1	4	5	5	4	1	3	1	4	2	4	5	5	5	2	2	1	4	2	1	4	3	3
AT2G37400	3	5	1	3	2	1	3	5	4	1	1	5	5	3	3	4	4	3	5	2	2	4	1	5	3	3	4	4	4	2	1	2	5	5	3	4	3	2	3	1	1	4	5	5	5	4	1	4	2	1	5	5	3	1	5	4	3	1	4	5	1	1	2	3	4	4	3	3	3	4	5	1	3	5	2	4	3	4	4	4	5	4	1	3	1	2	2	4	5	3	2	2	3	1	5	2	2	4	3	3
AT4G28025	3	4	1	5	5	5	3	5	4	1	1	5	5	3	2	4	4	3	4	2	2	3	1	5	3	3	4	4	2	1	1	2	4	5	3	2	1	2	5	5	1	4	2	5	5	2	1	4	2	1	2	5	3	1	5	4	3	2	4	5	5	1	4	3	4	4	3	3	1	5	2	1	3	2	2	4	3	1	4	1	5	4	1	3	1	4	2	4	5	5	2	2	4	1	5	2	1	4	3	3
AT3G15840	4	4	1	5	5	5	1	5	4	1	4	5	5	1	2	4	4	3	4	2	3	3	1	5	3	3	4	4	1	1	1	2	4	5	4	2	1	2	5	5	1	4	2	5	5	1	1	4	2	5	2	5	3	1	4	4	3	2	2	5	5	2	4	3	4	4	3	3	1	5	2	1	3	2	2	4	3	1	4	1	1	4	1	2	1	4	2	4	1	5	2	3	4	1	5	2	2	4	3	3
AT4G37925	5	4	5	5	5	5	2	1	4	1	4	5	2	1	2	4	4	5	4	2	3	3	2	4	3	3	4	4	2	4	1	2	4	5	4	2	1	2	1	5	2	2	1	1	5	2	1	4	2	3	2	1	2	1	2	3	3	2	2	5	4	3	4	3	2	4	3	4	4	5	2	1	3	2	2	4	2	2	4	5	5	4	1	5	3	5	2	4	5	5	5	2	2	4	4	3	1	4	3	5
AT4G27700	4	3	1	5	5	5	1	5	4	3	4	5	5	1	2	4	4	3	4	2	3	3	1	5	3	3	4	4	1	1	3	2	4	5	4	2	1	2	5	5	1	4	2	5	5	1	4	4	2	5	2	5	3	1	4	4	1	2	2	5	5	2	4	3	4	4	3	3	2	5	3	1	3	2	2	4	3	1	4	1	1	4	1	2	1	4	2	4	1	5	2	3	4	1	5	2	2	4	3	3
AT5G23890	3	4	1	5	5	5	1	5	4	1	4	5	5	1	2	4	4	3	4	2	3	3	1	5	3	3	4	4	1	1	1	2	4	5	4	2	1	2	5	5	1	4	2	5	5	2	1	4	2	1	2	5	3	1	5	4	3	2	2	5	5	2	4	3	4	4	3	3	1	5	2	1	3	2	2	4	3	1	4	5	5	4	1	3	1	4	2	4	5	5	2	2	4	1	5	2	1	4	3	3
AT2G30950	5	4	5	5	5	5	1	5	4	1	4	5	2	1	2	4	4	5	4	2	3	3	1	5	3	3	4	4	2	4	1	2	4	5	4	2	1	2	1	5	2	2	1	1	5	2	1	4	2	3	2	1	3	1	5	3	3	2	2	5	4	3	4	3	2	4	3	4	1	5	2	1	3	2	2	4	3	2	4	5	5	4	1	5	1	5	2	4	5	5	5	2	2	4	4	2	1	4	3	5
AT5G19500	3	4	1	5	5	5	1	5	4	1	4	5	5	1	2	4	4	3	4	2	3	3	1	5	3	3	4	4	1	1	1	2	4	5	4	2	1	2	5	5	1	4	2	5	5	1	1	4	2	1	2	5	3	1	5	4	3	2	2	5	5	2	4	3	4	4	3	3	1	5	2	1	3	2	2	4	3	1	4	1	5	4	1	2	1	4	2	4	1	5	2	2	4	1	5	2	2	4	3	3
AT1G44575	2	2	4	1	3	4	4	2	2	2	5	2	1	2	1	1	1	1	2	4	1	5	3	3	1	1	5	2	5	5	5	4	2	1	1	5	4	1	4	2	3	3	4	3	2	3	2	1	5	4	1	4	4	4	1	1	5	3	3	4	2	4	5	1	3	2	5	1	5	1	4	3	1	3	4	1	4	3	1	2	3	3	3	4	4	3	3	1	2	4	1	4	3	5	1	5	4	1	4	1
AT4G13010	3	4	1	5	5	5	1	5	4	1	4	5	5	1	2	4	4	3	4	2	3	3	1	5	3	3	4	4	1	1	1	2	4	5	4	2	1	2	5	5	1	4	2	5	5	1	1	4	2	1	2	5	3	1	5	4	3	2	2	5	5	2	4	3	4	4	3	3	1	5	2	1	3	2	2	4	3	1	4	1	5	4	1	3	1	4	2	4	5	5	2	2	4	1	5	2	2	4	3	3
AT2G40100	5	4	5	5	5	5	1	1	4	1	4	5	2	1	2	4	4	5	4	2	3	3	1	5	3	3	4	4	2	4	1	2	4	5	4	2	1	2	1	5	2	2	1	5	5	2	1	4	2	3	2	1	2	1	5	3	3	2	2	5	4	3	4	3	2	4	3	4	1	5	2	1	3	2	2	4	2	2	4	5	5	4	1	5	3	4	2	4	5	5	5	2	2	4	4	2	1	4	3	5
AT1G71500	2	2	4	1	3	4	4	2	2	2	5	2	1	2	1	1	1	1	2	4	1	5	4	3	4	1	5	3	5	5	5	4	2	4	1	5	4	1	4	2	3	3	4	3	2	5	2	1	5	4	1	3	4	4	1	1	5	5	3	4	3	4	1	1	3	2	5	5	2	1	3	3	5	4	4	1	4	3	5	2	3	3	3	4	4	3	3	1	2	4	1	4	3	5	1	5	4	1	4	1
AT1G42960	4	4	1	5	5	5	1	5	4	1	4	5	2	1	2	4	4	3	4	2	3	3	1	5	3	3	4	4	1	1	1	2	4	5	4	2	1	2	5	5	1	4	2	5	5	2	1	4	2	1	2	5	3	1	5	4	3	2	2	5	5	2	4	3	4	4	3	3	1	5	2	1	3	2	2	4	3	1	4	1	5	4	1	3	1	4	2	4	5	5	2	2	4	1	5	2	1	4	3	3
AT3G26080	3	4	1	5	5	5	1	5	4	1	1	5	5	1	2	4	4	3	4	2	3	3	1	5	3	3	4	4	2	4	1	2	4	5	4	2	1	2	5	5	1	4	2	5	5	2	1	4	2	1	2	5	3	1	5	4	3	2	2	5	5	2	4	3	4	4	3	3	1	5	2	1	3	2	2	4	3	1	4	5	5	4	1	3	1	4	2	4	5	5	5	2	4	1	5	2	1	4	3	3
AT2G21530	1	5	2	3	2	1	3	4	5	2	2	3	1	3	3	2	2	2	5	1	4	4	3	2	5	5	2	2	4	2	5	1	5	3	3	4	3	5	3	1	4	1	5	4	3	4	5	2	3	2	5	3	5	2	1	2	5	1	4	1	1	1	2	4	5	1	1	1	3	4	5	3	2	5	5	5	5	4	1	4	4	1	2	1	2	2	5	5	4	3	1	5	3	5	1	1	4	5	2	1
AT4G19830	3	5	2	3	2	1	3	4	5	2	2	3	1	3	3	2	2	2	5	1	2	4	3	2	5	5	2	2	4	2	5	1	5	3	3	4	3	5	3	1	4	1	5	4	3	4	5	2	3	2	5	3	5	2	1	2	5	1	4	1	1	1	2	4	5	1	1	1	3	4	5	3	2	5	5	5	5	4	1	4	4	1	2	1	2	2	5	5	4	3	1	5	3	5	1	1	4	5	2	1
AT2G37660	5	4	5	5	1	5	2	1	4	1	4	5	2	1	5	4	4	5	4	3	3	3	2	4	3	3	4	4	2	4	1	2	4	5	4	2	1	2	1	5	2	2	1	1	5	2	1	4	2	3	2	1	2	1	2	3	3	2	2	5	4	3	4	3	2	4	3	4	4	5	2	1	3	2	2	4	2	2	4	5	5	4	1	5	3	5	2	4	5	5	5	2	2	4	4	3	1	4	3	5
AT3G10470	5	4	1	5	5	5	1	5	4	1	4	5	2	1	2	4	4	5	4	2	3	3	1	5	3	3	4	4	2	4	1	2	4	5	4	2	1	2	5	5	1	2	2	5	5	2	1	4	2	1	2	5	3	1	5	3	3	2	2	5	4	2	4	3	4	4	3	3	1	5	2	1	3	2	2	4	3	1	4	5	5	4	1	5	1	4	2	4	5	5	5	2	2	1	4	2	1	4	3	3
AT2G37230	3	4	1	5	5	5	1	5	4	1	4	5	5	1	2	4	4	3	4	2	3	3	1	5	3	3	4	4	1	1	1	2	4	5	4	2	1	2	5	5	1	4	2	5	5	2	1	4	2	1	2	5	3	1	5	4	3	2	2	5	5	2	4	3	4	4	3	3	1	5	2	1	3	2	2	4	3	1	4	1	5	4	1	3	1	4	2	4	5	5	2	2	4	1	5	2	1	4	3	3
AT1G54780	4	3	4	1	3	4	4	5	4	3	5	2	1	2	1	4	4	1	2	4	1	2	4	5	4	1	5	3	1	1	3	4	1	5	1	5	4	2	2	2	3	3	4	2	2	1	4	1	1	5	1	3	4	4	4	4	1	5	1	5	5	4	1	3	4	2	3	5	2	1	3	3	5	4	4	4	3	1	5	1	1	4	3	2	1	3	3	4	1	4	2	3	3	1	5	2	2	4	4	3
AT4G33010	5	4	5	5	1	3	2	1	1	5	3	5	3	5	5	4	4	5	3	3	3	3	2	4	3	3	4	2	3	4	1	3	3	5	2	1	2	2	1	5	2	2	1	1	5	3	3	3	2	3	4	1	2	5	2	3	4	4	5	5	4	5	3	5	2	3	3	4	4	3	1	4	4	1	2	4	2	2	2	5	2	4	1	5	3	5	2	4	3	4	3	2	1	4	2	3	1	4	1	5
AT5G19370	5	4	5	5	1	5	1	1	4	1	4	5	2	1	2	4	4	5	4	2	3	3	2	4	3	3	4	4	2	4	1	2	4	5	4	2	1	2	1	5	2	2	1	1	5	2	1	4	2	3	2	1	2	1	5	3	3	2	2	5	4	3	4	3	2	4	3	4	4	5	2	1	3	2	2	4	2	2	4	5	5	4	1	5	3	5	2	4	5	5	5	2	2	4	4	3	1	4	3	5
AT2G30695	5	4	5	5	1	5	2	1	4	1	4	5	2	1	5	4	4	5	4	3	3	3	2	4	3	3	4	4	2	4	1	3	4	5	4	2	1	2	1	5	2	2	1	1	5	2	1	4	2	3	2	1	2	1	2	3	3	2	5	5	4	3	4	5	2	3	3	4	4	5	2	1	3	2	2	4	2	2	4	5	5	4	1	5	3	5	2	4	5	5	5	2	2	4	4	3	1	4	3	5
AT5G42070	5	4	1	5	5	5	1	5	4	1	4	5	5	1	2	4	4	3	4	2	3	3	1	5	3	3	4	4	2	1	1	2	4	5	4	2	1	2	5	5	1	2	2	5	5	2	1	4	2	1	2	5	3	1	5	4	3	2	2	5	5	2	4	3	4	4	3	3	1	5	2	1	3	2	2	4	3	1	4	5	5	4	1	3	1	4	2	4	5	5	5	2	4	1	5	2	1	4	3	3
AT4G39730	3	4	1	5	5	5	1	5	4	1	4	5	5	1	2	4	4	3	4	2	3	3	1	5	3	3	4	4	1	1	1	2	4	5	4	2	1	2	5	5	1	4	2	5	5	2	1	4	2	1	2	5	3	1	5	4	3	2	2	5	5	2	4	3	4	4	3	3	1	5	2	1	3	2	2	4	3	1	4	1	5	4	1	3	1	4	2	4	5	5	2	2	4	1	5	2	1	4	3	3
AT1G07510	3	4	1	5	5	5	1	5	4	1	4	5	5	1	2	4	4	3	4	2	3	3	1	5	3	3	4	4	1	1	1	2	4	5	4	2	1	2	5	5	1	4	2	5	5	1	1	4	2	1	2	5	3	1	5	4	3	2	2	5	5	2	4	3	4	4	3	3	1	5	2	1	3	2	2	4	3	1	4	1	5	4	1	3	1	4	2	4	5	5	2	2	4	1	5	2	1	4	3	3
AT1G79040	2	2	4	4	3	4	4	2	2	2	5	2	1	2	1	1	1	1	2	4	1	5	5	3	4	1	5	2	5	5	5	4	2	4	1	5	4	1	4	2	5	3	4	3	2	5	2	1	5	4	1	3	4	4	1	1	5	3	3	4	3	4	5	1	3	2	5	1	5	1	4	3	1	3	4	1	4	3	1	2	3	3	3	4	4	3	3	1	2	4	1	4	3	5	1	5	4	1	4	1
AT2G21160	3	4	1	5	5	5	1	5	4	1	1	5	5	1	2	4	4	3	4	2	3	3	1	5	3	3	4	4	1	1	1	2	4	5	4	2	1	2	5	5	1	4	2	5	5	2	1	4	2	1	2	5	3	1	5	4	3	2	2	5	5	2	4	3	4	4	3	3	1	5	2	1	3	2	2	4	3	1	4	1	5	4	1	3	1	4	2	4	5	5	2	2	4	1	5	2	1	4	3	3
AT4G39460	4	4	1	5	5	5	1	5	4	1	4	5	5	1	2	4	4	3	4	2	3	3	1	5	3	3	4	4	1	1	1	2	4	5	4	2	1	2	5	5	1	4	2	5	5	1	1	4	2	1	2	5	3	1	5	4	3	2	2	5	5	2	4	3	4	4	3	3	1	5	2	1	3	2	2	4	3	1	4	1	5	4	1	3	1	4	2	4	5	5	2	2	4	1	5	2	2	4	3	3
AT3G26580	3	4	1	5	5	5	1	5	4	1	4	5	5	1	2	4	4	3	4	2	3	3	1	5	3	3	4	4	2	4	1	2	4	5	4	2	1	2	5	5	1	2	2	5	5	2	1	4	2	1	2	5	3	1	5	4	3	2	2	5	5	2	4	3	4	4	3	3	1	5	2	1	3	2	2	4	3	1	4	5	5	4	1	3	1	4	2	4	5	5	5	2	2	1	5	2	1	4	3	3
AT1G03160	5	4	5	5	1	5	2	1	4	1	3	5	2	5	5	4	4	5	4	3	3	3	2	4	3	3	4	4	2	4	1	3	3	5	2	2	1	2	1	5	2	2	1	1	5	2	1	3	2	3	2	1	2	1	2	3	3	4	5	5	4	5	4	3	2	3	3	4	4	5	2	1	3	1	2	4	2	2	2	5	5	4	1	5	3	5	2	4	5	5	5	2	1	4	4	3	1	4	3	5
AT2G24020	3	4	1	5	5	5	1	5	4	1	4	5	5	1	2	4	4	3	4	2	3	3	1	5	3	3	4	4	1	1	1	2	4	5	4	2	1	2	5	5	1	4	2	5	5	2	1	4	2	1	2	5	3	1	5	4	3	2	2	5	5	2	4	3	4	4	3	3	1	5	2	1	3	2	2	4	3	1	4	1	5	4	1	3	1	4	2	4	5	5	2	2	4	1	5	2	1	4	3	3
AT1G05385	3	5	1	3	2	1	3	5	4	1	1	5	5	3	3	4	4	3	5	2	2	4	1	5	3	3	4	4	4	2	1	2	5	5	3	4	3	2	3	1	1	2	5	5	5	2	1	4	2	1	5	5	3	1	5	4	3	1	4	5	1	1	2	3	4	4	3	3	3	4	5	1	2	5	2	4	3	4	4	4	5	4	1	3	2	2	2	4	5	3	5	2	3	1	5	2	1	4	3	3
AT5G52970	3	4	1	5	5	5	1	5	4	1	4	5	2	1	2	4	4	3	4	2	3	3	1	5	3	3	4	4	1	1	1	2	4	5	4	2	1	2	5	5	1	4	2	5	5	2	1	4	2	1	2	5	3	1	5	4	3	2	2	5	5	2	4	3	4	4	3	3	1	5	2	1	3	2	2	4	3	1	4	1	5	4	1	3	1	4	2	4	5	5	2	2	4	1	5	2	1	4	3	3
AT3G08920	5	4	5	5	1	5	2	1	4	1	4	5	2	1	5	4	4	5	4	3	3	3	2	4	3	3	4	4	2	4	1	2	4	5	4	2	1	2	1	5	2	2	1	1	5	2	1	4	2	3	2	1	2	1	2	3	3	2	2	5	4	3	4	3	2	4	3	4	4	5	2	1	3	2	2	4	2	2	4	5	5	4	1	5	3	5	2	4	5	5	5	2	2	4	4	3	1	4	3	5
AT1G72640	5	4	1	5	5	5	1	5	4	1	4	5	5	1	2	4	4	3	4	2	3	3	1	5	3	3	4	4	2	4	1	2	4	5	4	2	1	2	5	5	1	2	2	5	5	2	1	4	2	1	2	5	3	1	5	4	3	2	2	5	5	2	4	3	4	4	3	3	1	5	2	1	3	2	2	4	3	1	4	5	5	4	1	5	1	4	2	4	5	5	5	2	2	1	5	2	1	4	3	3
AT1G67840	1	5	2	3	2	1	3	4	5	2	2	3	1	3	3	2	2	2	5	1	4	4	3	2	5	5	2	2	4	2	5	1	5	3	3	4	3	5	3	1	4	1	5	4	3	4	5	2	3	2	5	3	5	2	1	2	5	1	4	1	1	1	2	4	5	1	1	1	3	4	5	3	2	5	5	5	5	4	1	4	4	1	2	1	2	2	5	5	4	3	1	5	3	5	1	1	4	5	2	1
AT5G13120	5	4	1	5	5	5	1	5	4	1	4	5	2	1	2	4	4	5	4	2	3	3	1	5	3	3	4	4	2	4	1	2	4	5	4	2	1	2	5	5	1	2	2	5	5	2	1	4	2	1	2	5	3	1	5	3	3	2	2	5	4	2	4	3	4	4	3	3	1	5	2	1	3	2	2	4	3	1	4	5	5	4	1	5	1	4	2	4	5	5	5	2	2	1	4	2	1	4	3	3
AT4G31390	2	1	4	3	4	4	5	2	3	4	5	1	4	4	1	1	1	4	3	4	5	1	3	3	1	1	1	5	5	5	4	1	2	1	1	1	5	3	4	3	5	1	4	3	1	5	5	1	4	4	4	4	1	2	3	5	5	3	3	4	2	4	5	1	3	5	5	1	5	3	4	5	1	3	4	2	4	3	1	2	4	5	5	4	4	1	3	1	2	2	1	4	5	5	3	5	3	3	4	2
AT4G24930	3	4	1	5	5	5	1	5	4	1	4	5	5	1	2	4	4	3	4	2	3	3	1	5	3	3	4	4	1	1	1	2	4	5	4	2	1	2	5	5	1	4	2	5	5	2	1	4	2	1	2	5	3	1	5	4	3	2	2	5	5	2	4	3	4	4	3	3	1	5	2	1	3	2	2	4	3	1	4	5	5	4	1	3	1	4	2	4	5	5	2	2	4	1	5	2	1	4	3	3
AT1G74710	3	4	1	5	5	5	1	5	4	1	4	5	5	1	2	4	4	3	4	2	3	3	1	5	3	3	4	4	2	4	1	2	4	5	4	2	1	2	5	5	1	4	2	5	5	2	1	4	2	1	2	5	3	1	5	4	3	2	2	5	5	2	4	3	4	4	3	3	1	5	2	1	3	2	2	4	3	1	4	5	5	4	1	3	1	4	2	4	5	5	5	2	4	1	5	2	1	4	3	3
AT4G18370	5	4	5	5	5	5	1	5	4	1	4	5	2	1	2	4	4	5	4	2	3	3	1	5	3	3	4	4	2	4	1	2	4	5	4	2	1	2	5	5	1	2	2	5	5	2	1	4	2	1	2	5	3	1	5	3	3	2	2	5	4	2	4	3	4	4	3	3	1	5	2	1	3	2	2	4	3	1	4	5	5	4	1	5	1	4	2	4	5	5	5	2	2	1	4	2	1	4	3	3
AT1G03090	5	4	5	5	1	5	2	1	4	1	3	5	2	5	5	4	4	5	4	3	3	3	2	4	3	3	4	4	2	4	1	3	4	5	4	2	1	2	1	5	2	2	1	1	5	2	1	3	2	3	2	1	2	1	2	3	3	2	2	5	4	3	4	3	2	3	3	4	4	5	2	1	3	1	2	4	2	2	4	5	5	4	1	5	3	5	2	4	5	5	5	2	1	4	4	3	1	4	3	5
AT3G55330	3	4	1	5	5	5	1	5	4	1	4	5	2	1	2	4	4	3	4	2	3	3	1	5	3	3	4	4	1	1	1	2	4	5	4	2	1	2	5	5	1	4	2	5	5	2	1	4	2	1	2	5	3	1	5	4	3	2	2	5	5	2	4	3	4	4	3	3	1	5	2	1	3	2	2	4	3	1	4	5	5	4	1	3	1	4	2	4	5	5	5	2	4	1	5	2	1	4	3	3
AT4G36810	1	1	2	1	4	3	5	3	2	5	3	4	4	4	4	5	5	2	2	1	4	1	5	1	2	4	2	1	3	3	2	1	2	2	5	3	2	4	4	4	4	1	4	4	4	5	3	5	4	4	5	4	1	5	3	2	2	3	1	2	3	4	3	4	1	1	2	5	5	2	4	2	4	3	3	2	1	5	3	2	3	3	5	4	5	1	4	3	3	4	4	5	5	3	3	5	5	2	5	2
AT1G16790	3	5	1	3	2	1	3	5	4	1	1	5	5	3	3	4	4	3	5	2	2	4	1	5	3	3	4	4	4	1	1	2	5	5	3	2	3	2	5	1	1	4	2	5	5	1	1	4	2	1	5	5	3	1	4	4	1	1	4	5	5	1	2	3	4	4	3	3	3	4	5	1	3	5	2	4	3	1	4	1	1	4	1	2	1	2	2	4	1	3	2	2	4	1	5	2	2	4	3	3
AT1G15140	3	4	1	5	5	5	1	5	4	1	4	5	5	1	2	4	4	3	4	2	3	3	1	5	3	3	4	4	1	1	1	2	4	5	4	2	1	2	5	5	1	4	2	5	5	1	1	4	2	1	2	5	3	1	5	4	3	2	2	5	5	2	4	3	4	4	3	3	1	5	2	1	3	2	2	4	3	1	4	1	5	4	1	3	1	4	2	4	5	5	2	2	4	1	5	2	2	4	3	3
AT1G31180	5	4	1	5	5	5	1	5	4	1	4	5	5	1	2	4	4	3	4	2	3	3	1	5	3	3	4	4	2	4	1	2	4	5	4	2	1	2	5	5	1	2	2	5	5	2	1	4	2	1	2	5	3	1	5	4	3	2	2	5	5	2	4	3	4	4	3	3	1	5	2	1	3	2	2	4	3	1	4	5	5	4	1	3	1	4	2	4	5	5	5	2	2	1	4	2	1	4	3	3
AT5G03455	5	4	1	5	5	5	1	5	4	1	4	5	2	1	2	4	4	5	4	2	3	3	1	5	3	3	4	4	2	4	1	2	4	5	4	2	1	2	5	5	1	2	2	5	5	2	1	4	2	1	2	5	3	1	5	3	3	2	2	5	5	2	4	3	4	4	3	3	1	5	2	1	3	2	2	4	3	1	4	5	5	4	1	5	1	4	2	4	5	5	5	2	2	1	4	2	1	4	3	3
AT5G52780	5	4	5	5	5	5	1	5	4	1	4	5	2	1	2	4	4	5	4	2	3	3	1	5	3	3	4	4	2	4	1	2	4	5	4	2	1	2	1	5	2	2	1	5	5	2	1	4	2	3	2	1	3	1	5	3	3	2	2	5	4	3	4	3	2	4	3	3	1	5	2	1	3	2	2	4	3	2	4	5	5	4	1	5	1	4	2	4	5	5	5	2	2	4	4	2	1	4	3	5
AT1G51110	3	4	1	5	5	5	3	5	4	1	1	5	5	1	2	4	4	3	4	2	2	3	1	5	3	3	4	4	1	1	1	2	4	5	4	2	1	2	5	5	1	4	2	5	5	1	1	4	2	1	2	5	3	1	4	4	1	2	4	5	5	2	4	3	4	4	3	3	1	5	2	1	3	2	2	4	3	1	4	1	1	4	1	2	1	4	2	4	1	5	2	2	4	1	5	2	2	4	3	3
AT3G25480	3	4	1	5	5	5	1	5	4	1	4	5	5	1	2	4	4	3	4	2	3	3	1	5	3	3	4	4	1	1	1	2	4	5	4	2	1	2	5	5	1	4	2	5	5	1	1	4	2	5	2	5	3	1	4	4	1	2	2	5	5	2	4	3	4	4	3	3	1	5	2	1	3	2	2	4	3	1	4	1	1	4	1	2	1	4	2	4	1	5	2	2	4	1	5	2	2	4	3	3
AT5G42765	3	4	1	5	5	5	1	5	4	1	4	5	5	1	2	4	4	3	4	2	3	3	1	5	3	3	4	4	2	4	1	2	4	5	4	2	1	2	5	5	1	2	2	5	5	2	1	4	2	1	2	5	3	1	5	4	3	2	2	5	5	2	4	3	4	4	3	3	1	5	2	1	3	2	2	4	3	1	4	5	5	4	1	3	1	4	2	4	5	5	5	2	2	1	5	2	1	4	3	3
AT1G16880	5	4	5	5	1	2	2	1	4	1	4	5	2	5	5	4	4	5	4	3	3	3	2	4	3	3	4	4	2	4	1	3	3	5	2	2	1	2	1	5	2	2	1	1	5	2	1	3	2	3	2	1	2	1	2	3	4	4	5	5	4	5	4	5	2	3	3	4	4	5	1	1	3	1	2	4	2	2	2	5	2	4	1	5	3	5	2	4	5	1	5	2	1	4	4	3	1	4	3	5
AT1G14345	5	4	5	5	1	2	2	1	4	1	3	5	2	5	5	4	4	5	4	3	3	3	2	4	3	3	4	4	2	4	1	3	3	5	2	2	1	2	1	5	2	2	1	1	5	2	1	3	2	3	4	1	2	1	2	3	4	4	5	5	4	5	4	5	2	3	3	4	4	5	2	1	3	1	2	4	2	2	2	5	2	4	1	5	3	5	2	4	5	5	5	2	1	4	4	3	1	4	3	5
AT1G66670	5	4	1	5	5	5	1	5	4	1	4	5	5	1	2	4	4	3	4	2	3	3	1	5	3	3	4	4	2	4	1	2	4	5	4	2	1	2	5	5	1	2	2	5	5	2	1	4	2	1	2	5	3	1	5	4	3	2	2	5	5	2	4	3	4	4	3	3	1	5	2	1	3	2	2	4	3	1	4	5	5	4	1	5	1	4	2	4	5	5	5	2	2	1	5	2	1	4	3	3
