AT2G04030	1	2	5	5	4	2	2	3	3	5	5	3	2	4	1	3	4	1	2	2	5	3	5	1	5	3	5	1	3	3	3	4	3	5	2	2	1	3	1	1	4	1	3	5	4	2	1	2	2	4	5	5	2	2	3	5	4	3	3	3	3	4	1	1	2	4	2	2	2	2	1	3	4	5	4	5	2	3	3	2	2	2	2	1	5	4	2	1	1	1	5	2	2	2	3	4	5	1	4	2
AT5G20140	2	5	3	1	3	5	4	2	1	1	3	1	3	3	5	2	3	2	5	1	2	1	2	4	3	4	2	4	5	4	4	3	1	2	4	3	5	4	4	4	1	3	5	4	2	1	3	1	1	2	4	3	4	4	4	1	2	5	1	5	5	2	3	2	1	3	5	5	5	3	4	4	5	4	5	4	3	5	4	3	4	1	1	5	4	1	3	4	3	4	4	3	3	1	4	3	1	4	2	3
AT5G62720	3	4	4	4	1	3	5	5	2	4	4	2	1	5	3	1	5	5	3	5	3	5	4	3	2	1	1	3	4	2	5	5	4	4	1	1	2	5	5	3	3	5	1	2	1	5	5	5	3	5	1	1	5	3	5	3	1	1	2	2	1	3	4	3	3	1	1	1	1	1	5	1	1	2	3	1	4	4	1	4	3	3	5	2	2	3	1	2	5	3	3	4	1	3	5	5	3	5	5	4
AT4G38100	3	4	4	4	1	3	5	5	2	4	4	2	1	5	3	1	5	5	3	5	3	5	1	3	2	1	1	3	4	2	5	5	4	4	1	1	2	5	5	3	3	5	1	2	1	5	5	5	3	5	1	1	5	3	5	3	1	1	2	2	2	3	4	3	3	1	1	1	1	1	5	1	1	2	3	1	4	4	1	4	3	3	5	2	2	3	1	2	5	3	3	4	1	3	5	5	3	5	5	4
AT5G21430	2	5	1	1	3	5	4	2	1	1	2	1	3	3	5	2	1	2	5	3	2	1	2	4	3	4	2	4	2	4	4	3	1	2	4	3	5	4	4	2	5	3	5	4	2	1	3	4	1	2	4	3	4	4	4	1	2	5	1	5	5	2	3	2	1	3	5	5	5	3	4	4	5	4	5	4	3	5	4	3	4	1	1	5	4	1	3	4	2	4	4	3	3	1	4	3	1	4	2	3
AT3G21055	4	5	1	2	3	5	4	2	1	1	2	1	3	3	5	2	1	2	5	3	4	4	2	4	4	4	2	4	2	4	4	3	1	2	4	5	5	4	4	2	5	3	5	4	2	1	3	4	1	2	4	3	4	4	4	1	3	2	1	5	4	5	5	2	1	2	4	5	5	3	3	2	5	4	5	2	3	5	2	3	4	1	1	4	4	1	4	4	2	4	4	3	3	1	1	3	4	4	2	3
AT4G23890	2	5	1	1	3	5	4	2	1	1	2	1	3	3	5	2	1	2	5	3	2	1	2	4	3	4	2	4	2	4	4	3	1	2	4	3	5	4	4	2	5	3	5	4	2	1	3	4	1	2	4	3	4	4	4	4	2	5	1	5	4	2	3	2	1	3	5	5	5	3	4	4	5	4	5	4	3	5	2	3	4	1	1	5	4	1	3	4	3	4	4	3	3	1	4	3	1	4	2	3
AT4G38380	2	5	3	1	3	5	4	2	1	1	2	1	3	3	5	2	1	2	5	3	2	1	2	4	3	4	2	4	2	4	4	3	1	2	4	3	5	4	4	2	1	3	5	4	2	1	3	4	1	2	4	3	4	4	4	1	2	5	1	5	5	2	3	2	1	3	5	5	5	3	4	4	5	4	5	4	3	5	4	3	4	1	1	5	4	1	3	4	3	4	4	3	3	1	4	3	1	4	2	3
AT4G25910	5	2	5	3	5	2	2	3	5	5	1	3	2	4	1	3	4	3	2	4	5	3	5	5	5	3	5	1	3	3	3	4	5	3	2	2	4	3	2	1	4	4	3	5	4	3	1	3	4	4	5	5	2	2	3	5	4	3	3	3	3	4	1	1	2	4	3	4	4	2	1	3	4	5	1	5	2	1	3	2	2	4	2	1	5	5	2	1	1	1	5	1	5	2	3	4	5	2	4	2
AT2G43010	2	5	3	1	3	5	4	2	1	1	3	1	3	3	5	2	1	2	5	3	2	1	2	4	3	4	2	4	5	4	4	3	1	2	4	3	5	4	4	4	1	3	5	4	2	1	3	4	1	2	4	3	4	4	4	1	2	5	1	5	5	2	3	2	1	3	5	5	5	3	4	4	5	4	5	4	3	5	4	3	4	1	1	5	4	1	3	4	3	4	4	3	3	1	4	3	1	4	2	3
AT4G25050	5	2	5	3	4	2	1	1	4	5	5	5	5	2	2	4	4	1	2	2	1	3	5	1	5	5	3	2	1	3	2	2	3	1	5	2	1	3	1	1	4	1	3	5	3	2	2	3	4	1	5	4	3	5	1	5	5	4	4	1	3	1	1	5	4	5	2	3	4	2	2	5	2	5	2	5	5	3	5	5	1	5	3	1	1	4	5	5	4	5	1	2	4	2	3	1	5	3	4	1
AT1G51350	2	5	1	1	3	5	4	2	1	1	2	1	3	3	5	2	1	2	5	3	2	1	2	4	3	4	2	4	2	4	4	3	1	2	4	3	5	4	4	2	5	3	5	4	2	1	3	4	1	2	4	3	4	4	4	1	2	5	1	5	5	2	3	2	1	3	5	5	5	3	4	4	5	4	5	4	3	5	4	3	4	1	1	5	4	1	3	4	2	4	4	3	3	1	4	3	1	4	2	3
AT1G12250	2	5	3	1	3	5	4	4	1	2	3	1	3	3	5	2	3	2	5	1	2	1	2	4	3	4	2	4	5	4	4	3	1	2	3	3	5	4	4	4	1	2	5	4	2	1	3	1	1	2	2	3	4	4	4	1	2	5	5	5	5	2	3	2	1	3	5	5	3	3	4	4	5	4	5	3	3	5	4	3	4	1	1	5	3	1	3	4	3	4	2	3	3	1	4	2	1	4	3	3
AT2G41680	5	2	5	3	5	2	2	3	3	5	1	3	2	4	1	3	4	1	2	2	5	3	5	1	5	3	5	1	3	3	3	4	3	3	2	2	1	3	1	1	4	1	3	5	4	2	1	3	4	4	5	5	2	2	3	5	4	3	3	3	3	4	1	1	2	4	2	2	4	2	1	3	4	5	4	5	2	1	3	2	2	2	2	1	5	4	2	1	1	1	5	2	2	2	3	4	5	1	4	2
AT3G15110	2	5	3	1	3	5	4	2	1	1	3	1	3	3	5	2	1	2	5	1	2	1	2	4	3	4	2	4	5	4	4	3	1	2	4	3	5	4	4	4	1	3	5	4	2	1	3	4	1	2	4	3	4	4	4	1	2	5	1	5	5	2	3	2	1	3	5	5	5	3	4	4	5	4	5	4	3	5	4	3	4	1	1	5	4	1	3	4	3	4	4	3	3	1	4	3	1	4	2	3
AT2G40400	3	4	4	4	1	3	5	5	2	4	4	2	3	3	3	1	5	5	3	1	3	5	4	3	2	1	1	3	4	2	4	5	1	2	1	1	2	5	5	3	3	5	1	2	1	5	5	5	3	5	1	1	5	3	5	3	1	1	2	2	1	3	4	3	1	1	1	1	1	1	5	1	1	4	3	1	3	4	1	4	3	3	5	2	2	3	3	4	5	3	3	4	1	3	5	5	3	5	5	4
AT5G07020	4	3	1	2	2	5	4	2	1	1	2	4	3	3	5	2	1	4	5	3	4	4	3	2	4	5	2	4	2	1	4	2	1	2	4	5	5	4	3	5	5	3	5	1	2	1	3	4	4	2	3	3	1	1	4	4	3	2	4	1	4	5	5	2	1	2	4	5	5	3	3	2	5	4	5	2	3	2	2	3	5	5	3	4	4	1	4	4	2	4	4	5	4	1	1	3	4	4	2	3
AT5G16660	2	5	3	1	3	5	4	2	1	1	2	1	3	3	5	2	1	2	5	3	2	1	2	4	3	4	2	4	2	4	4	3	1	2	4	3	5	4	4	2	1	3	5	4	2	1	3	4	1	2	4	3	4	4	4	1	2	5	1	5	5	2	3	2	1	3	5	5	5	3	4	4	5	4	5	4	3	5	4	3	4	1	1	5	4	1	3	4	3	4	4	3	3	1	4	3	1	4	2	3
AT3G14420	1	1	2	5	4	2	2	3	3	3	5	3	2	4	1	3	4	3	2	2	5	3	5	1	5	3	5	1	3	3	3	4	3	5	2	2	1	3	1	1	4	4	3	5	4	2	1	2	2	4	5	5	2	2	3	4	4	3	3	3	3	4	1	1	2	4	2	4	2	2	1	3	4	5	4	5	2	3	3	2	2	2	3	1	5	4	2	1	1	1	5	2	2	2	3	4	5	1	4	2
AT1G79230	3	5	3	1	3	5	4	2	1	1	3	1	3	3	5	2	1	2	5	3	3	5	4	4	2	4	2	4	2	4	4	3	1	2	4	1	5	4	4	4	1	3	1	4	2	1	3	5	3	2	4	3	4	3	5	3	1	5	1	2	1	2	4	2	1	3	5	1	5	3	4	4	5	4	5	4	3	5	4	4	4	1	1	5	4	1	3	4	3	3	4	3	3	1	5	3	1	4	2	3
AT2G42220	2	5	1	1	3	5	4	2	1	1	2	1	3	3	5	2	1	2	5	3	2	1	2	4	3	4	2	4	2	4	4	3	1	2	4	3	5	4	4	2	5	3	5	4	2	1	3	4	1	2	4	3	4	4	4	1	2	5	1	5	5	2	3	2	1	3	5	5	5	3	4	4	5	4	5	4	3	5	2	3	4	1	1	5	4	1	3	4	2	4	4	3	3	1	4	3	1	4	2	3
AT1G67280	2	5	3	1	3	5	4	2	1	1	3	1	3	3	5	2	1	2	5	1	2	1	2	4	3	4	2	4	5	4	4	3	1	2	4	3	5	4	4	4	1	3	5	4	2	1	3	1	1	2	4	3	4	4	4	1	2	5	1	5	5	2	3	2	1	3	5	5	5	3	4	4	5	4	5	4	3	5	4	3	4	1	1	5	4	1	3	4	3	4	4	3	3	1	4	3	1	4	2	3
AT3G47450	5	1	5	3	5	2	3	3	5	3	1	3	1	1	4	5	4	3	4	4	5	3	5	5	5	3	4	1	3	5	3	4	5	3	2	3	4	2	2	1	2	4	2	3	4	3	1	3	5	3	5	5	2	2	3	5	4	3	3	3	3	4	3	1	2	4	3	4	4	5	1	3	4	5	1	5	1	1	3	2	2	4	4	3	5	5	2	1	1	2	5	2	5	4	2	5	5	1	4	2
AT5G08540	2	5	3	1	3	5	4	4	1	2	3	1	3	3	5	2	1	4	5	1	2	1	2	4	3	4	2	4	5	4	4	3	1	2	3	3	5	4	4	4	1	2	5	4	2	1	3	1	1	2	2	3	4	4	4	4	2	5	5	5	5	2	5	4	1	3	5	5	3	3	4	4	5	4	5	3	3	2	2	3	4	1	1	5	4	1	3	4	3	4	2	3	3	1	4	3	1	4	3	3
AT3G01480	4	2	5	5	5	1	1	3	5	5	4	5	4	1	1	4	2	1	2	2	5	3	5	1	1	2	5	2	3	5	1	2	3	1	2	2	3	1	1	1	4	1	3	5	5	4	2	3	4	3	5	2	2	5	2	5	5	4	4	4	3	4	1	1	2	5	2	3	4	2	2	5	1	3	1	5	2	1	5	1	1	5	2	1	1	5	2	5	4	5	5	1	5	5	3	4	5	2	1	5
AT4G31560	2	5	3	1	3	5	4	2	1	2	3	1	3	3	5	2	3	2	5	1	2	1	2	4	3	4	2	4	5	4	4	3	1	2	4	3	5	4	4	4	1	3	5	4	2	1	3	1	1	2	4	3	4	4	4	1	2	5	1	5	5	2	3	2	1	3	5	5	5	3	4	4	5	4	5	4	3	5	4	3	4	1	1	5	4	1	3	4	3	4	2	3	3	1	4	3	1	4	2	3
AT1G54580	2	5	3	1	3	5	4	2	1	2	3	1	3	3	5	2	3	2	5	1	2	1	2	4	3	4	2	4	5	4	4	3	1	2	4	3	5	4	4	4	1	3	5	4	2	1	3	1	1	2	4	3	4	4	4	1	2	5	1	5	5	2	3	2	1	3	5	5	5	3	4	4	5	4	5	4	3	5	4	3	4	1	1	5	4	1	3	4	3	4	2	3	3	1	4	3	1	4	2	3
AT1G73530	4	2	5	5	4	2	1	1	4	5	5	5	5	2	2	4	2	1	2	2	1	3	5	1	5	5	3	2	1	5	2	2	3	1	5	2	1	2	1	1	4	1	3	5	3	2	2	3	4	1	5	4	3	5	2	5	5	4	4	1	3	1	1	5	4	5	2	3	4	2	2	5	2	2	2	5	5	3	5	5	1	5	3	1	1	4	5	5	4	5	1	2	4	2	3	1	5	3	1	1
AT5G42270	1	5	3	1	3	4	4	4	3	2	3	1	3	3	5	2	3	2	5	1	2	1	2	4	3	4	2	4	5	4	4	1	1	2	3	3	5	4	4	4	1	2	5	4	2	1	3	1	2	2	2	2	4	4	4	4	2	5	5	5	5	2	2	4	5	3	5	5	3	3	4	4	5	4	5	3	3	5	4	3	4	2	1	5	3	2	3	4	3	4	2	3	3	1	4	2	1	4	3	3
AT1G54500	3	4	4	4	1	3	5	5	2	4	4	2	1	5	3	1	5	5	3	5	3	2	4	3	2	1	1	3	4	2	5	5	4	4	1	4	2	5	5	3	3	5	4	2	1	5	5	5	5	5	1	1	5	3	5	2	1	1	2	4	2	3	4	3	3	1	1	1	1	1	5	1	1	2	3	1	4	4	1	1	3	3	5	2	2	3	1	2	5	3	3	4	1	3	5	5	3	5	5	4
AT5G35170	3	4	4	4	1	3	5	5	2	4	4	2	1	5	3	1	5	5	3	3	3	5	4	3	2	1	1	3	4	2	5	5	4	4	1	1	2	5	5	3	3	5	1	2	1	5	5	5	3	5	1	1	5	3	5	3	1	1	2	2	1	3	4	3	3	1	1	1	1	1	5	1	1	2	3	1	4	4	1	4	3	3	5	2	2	3	1	2	5	3	3	4	1	3	5	5	3	5	5	4
AT1G80030	2	5	3	1	3	5	4	4	1	2	3	1	3	3	5	2	3	2	5	1	2	1	2	4	3	4	2	4	5	4	4	3	1	2	3	3	5	4	4	4	1	2	5	4	2	1	3	1	1	2	2	3	4	4	4	1	2	5	5	5	5	2	3	2	1	3	5	5	3	3	4	4	5	4	5	3	3	5	4	3	4	1	1	5	3	1	3	4	3	4	2	3	3	1	4	2	1	4	2	3
AT1G10170	2	5	3	1	3	5	4	2	1	1	3	1	3	3	5	2	1	2	5	1	2	1	2	4	3	4	2	4	5	4	4	3	1	2	4	3	5	4	4	4	1	3	5	4	2	1	3	1	1	2	4	3	4	4	4	1	2	5	1	5	5	2	3	2	1	3	5	5	5	3	4	4	5	4	5	4	3	5	4	3	4	1	1	5	4	1	3	4	3	4	4	3	3	1	4	3	1	4	2	3
AT5G12470	2	5	3	1	3	5	4	2	1	1	3	1	3	3	5	2	1	2	5	1	2	1	2	4	3	4	2	4	5	4	4	3	1	2	4	3	5	4	4	4	1	3	5	4	2	1	3	4	1	2	4	3	4	4	4	1	2	5	1	5	5	2	3	2	1	3	5	5	5	3	4	4	5	4	5	4	3	5	4	3	4	1	1	5	4	1	3	4	3	4	4	3	3	1	4	3	1	4	2	3
AT2G20260	2	5	3	1	3	4	4	4	1	2	3	1	3	3	5	2	3	2	5	1	2	1	2	4	3	4	2	4	5	4	4	1	1	2	3	3	5	4	4	4	1	2	5	4	2	1	3	1	1	2	2	2	4	4	4	1	2	5	5	5	5	2	3	4	5	3	5	5	3	3	4	4	5	4	5	3	3	5	4	3	4	1	1	5	3	2	3	4	3	4	2	3	3	1	4	2	1	4	3	3
AT1G03600	4	2	5	3	4	2	1	1	4	5	5	5	5	2	2	4	2	1	2	2	1	3	5	1	5	5	3	2	1	5	2	2	3	1	5	2	1	2	1	1	4	1	3	5	3	2	2	3	4	1	5	4	3	5	2	5	5	4	4	1	3	1	1	5	4	5	2	3	4	2	2	5	2	2	2	5	5	3	5	5	1	5	3	1	1	4	5	5	4	5	1	2	4	2	3	1	5	3	1	1
AT5G39830	2	5	3	1	3	5	4	2	1	2	3	1	3	3	5	2	3	2	5	1	2	1	2	4	3	4	2	4	5	4	4	3	1	2	4	3	5	4	4	4	1	3	5	4	2	1	3	1	1	2	4	3	4	4	4	1	2	5	1	5	5	2	3	2	1	3	5	5	5	3	4	4	5	4	5	4	3	5	4	3	4	1	1	5	4	1	3	4	3	4	2	3	3	1	4	3	1	4	2	3
AT1G20810	3	4	4	4	1	3	5	5	2	4	4	2	1	5	3	1	5	5	3	5	3	2	1	3	2	1	1	3	4	2	5	5	4	4	1	4	2	5	5	3	3	5	4	2	1	5	5	5	5	5	1	1	5	3	5	2	1	1	2	4	2	3	4	3	3	1	1	1	1	1	5	1	1	2	3	1	4	4	1	1	3	3	5	2	2	3	1	2	5	3	3	4	1	3	5	5	3	5	5	4
AT1G14150	2	5	3	1	3	5	4	2	1	2	3	1	3	3	5	2	3	2	5	1	2	1	2	4	3	4	2	4	5	4	4	3	1	2	3	3	5	4	4	4	1	2	5	4	2	1	3	1	1	2	4	3	4	4	4	1	2	5	5	5	5	2	3	2	1	3	5	5	3	3	4	4	5	4	5	4	3	5	4	3	4	1	1	5	3	1	3	4	3	4	2	3	3	1	4	2	1	4	2	3
AT2G41330	3	4	4	4	1	3	5	5	2	4	4	2	1	5	3	1	5	5	3	5	3	2	4	3	2	1	1	3	4	2	5	5	1	2	1	4	2	5	5	3	3	5	4	2	1	5	5	5	3	5	1	1	5	3	5	2	1	1	2	2	2	3	4	3	3	1	1	1	1	1	5	1	1	2	3	1	4	4	1	1	3	3	5	2	2	3	3	4	5	3	3	4	1	3	5	2	3	5	5	4
AT3G19490	1	5	2	5	4	4	4	1	3	2	5	1	2	3	2	2	3	1	5	2	2	4	2	4	1	2	3	4	5	4	4	1	1	2	2	2	1	3	4	4	4	2	5	4	2	1	4	2	2	1	2	2	4	1	1	4	4	5	4	3	3	2	2	4	5	3	5	4	2	3	2	3	5	4	5	3	3	3	3	3	4	2	1	1	3	2	3	4	1	1	2	3	3	1	4	2	1	1	4	3
AT3G17830	5	1	5	3	5	2	3	3	5	3	1	3	1	4	1	5	4	3	4	4	5	3	5	5	5	3	4	1	3	3	3	4	5	3	2	2	4	2	2	1	2	4	3	3	4	3	1	3	5	3	5	5	2	2	3	5	4	3	3	3	3	4	1	1	2	4	3	4	4	2	1	3	4	5	1	5	1	1	3	2	2	4	2	3	5	5	2	1	1	2	5	1	5	4	3	5	5	1	4	2
AT1G17850	2	5	3	1	3	5	4	2	1	1	3	1	3	3	5	2	1	2	5	1	2	1	2	4	3	4	2	4	5	4	4	3	1	2	4	3	5	4	4	4	1	3	5	4	2	1	3	1	1	2	4	3	4	4	4	1	2	5	1	5	5	2	3	2	1	3	5	5	5	3	4	4	5	4	5	4	3	5	4	3	4	1	1	5	4	1	3	4	3	4	4	3	3	1	4	3	1	4	2	3
AT2G01140	3	4	4	4	1	3	5	5	2	4	4	2	1	5	3	1	5	5	3	5	3	5	4	3	2	1	1	3	4	2	5	5	4	4	1	1	2	5	5	3	3	5	1	2	1	5	5	5	3	5	1	1	5	3	5	3	1	1	2	2	1	3	4	3	3	1	1	1	1	1	5	1	1	2	3	1	4	4	1	4	3	3	5	2	2	3	1	2	5	3	3	4	1	3	5	5	3	5	5	4
AT1G67700	2	5	3	1	3	4	4	4	1	2	3	1	3	3	5	2	3	2	5	1	2	1	2	4	3	4	2	4	5	4	4	1	1	2	3	3	5	4	4	4	1	2	5	4	2	1	3	1	1	2	2	2	4	4	4	1	2	5	5	5	5	2	3	2	5	3	5	5	3	3	4	4	5	4	5	3	3	5	4	3	4	1	1	5	3	2	3	4	3	4	2	3	3	1	4	2	1	4	3	3
AT5G01500	2	5	3	1	3	5	4	4	1	2	3	1	3	3	5	2	3	2	5	1	2	1	2	4	3	4	2	4	5	4	4	1	1	2	3	3	5	4	4	4	1	2	5	4	2	1	3	1	1	2	2	3	4	4	4	1	2	5	5	5	5	2	3	4	1	3	5	5	3	3	4	4	5	4	5	3	3	5	4	3	4	1	1	5	3	1	3	4	3	4	2	3	3	1	4	2	1	4	3	3
AT3G57680	2	5	3	1	3	5	4	2	1	1	3	1	3	3	5	2	1	2	5	1	2	1	2	4	3	4	2	4	5	4	4	3	1	2	4	3	5	4	4	4	1	3	5	4	2	1	3	4	1	2	4	3	4	4	4	1	2	5	1	5	5	2	3	2	1	3	5	5	5	3	4	4	5	4	5	4	3	5	4	3	4	1	1	5	4	1	3	4	3	4	4	3	3	1	4	3	1	4	2	3
AT4G16155	2	5	1	1	3	5	4	2	1	1	2	1	3	3	5	2	1	2	5	3	2	1	2	4	3	4	2	4	2	4	4	3	1	2	4	3	5	4	4	2	5	3	5	4	2	1	3	4	1	2	4	3	4	4	4	1	2	5	1	5	5	2	3	2	1	3	5	5	5	3	4	4	5	4	5	4	3	5	2	3	4	1	1	5	4	1	3	4	2	4	4	3	3	1	4	3	1	4	2	3
AT1G56500	1	5	3	1	3	4	4	4	3	2	3	4	3	3	5	2	3	4	5	1	1	1	2	4	3	4	2	4	5	4	4	1	1	2	3	3	5	4	4	4	1	2	5	4	2	1	3	1	4	2	2	3	1	1	1	4	5	5	5	5	5	2	5	4	5	3	5	5	3	3	4	4	5	4	5	3	3	2	2	5	4	4	1	5	3	2	3	4	3	4	2	3	3	1	4	3	1	4	3	3
AT1G22450	2	5	1	2	3	5	4	2	1	1	2	1	3	3	5	2	1	2	5	3	2	1	2	4	4	4	2	4	2	4	4	3	1	2	4	3	5	4	4	2	5	3	5	4	2	1	3	4	1	2	4	3	4	4	4	1	3	5	1	5	5	5	3	2	1	3	5	5	5	3	4	4	5	4	5	4	3	5	2	3	4	1	1	5	4	1	3	4	2	4	4	3	3	1	4	3	1	4	2	3
AT5G53170	2	5	3	1	3	5	4	2	1	1	3	1	3	3	5	2	3	2	5	1	2	1	2	4	3	4	2	4	5	4	4	1	1	2	4	3	5	4	4	4	1	3	5	4	2	1	3	1	1	2	4	3	4	4	4	1	2	5	5	5	5	2	3	2	1	3	5	5	5	3	4	4	5	4	5	3	3	5	4	3	4	1	1	5	3	1	3	4	3	4	4	3	3	1	4	3	1	4	2	3
AT5G15250	2	5	3	1	3	5	4	2	1	1	3	1	3	3	5	2	3	2	5	1	2	1	2	4	3	4	2	4	5	4	4	3	1	2	4	3	5	4	4	4	1	3	5	4	2	1	3	1	1	2	4	3	4	4	4	1	2	5	1	5	5	2	3	2	1	3	5	5	5	3	4	4	5	4	5	4	3	5	4	3	4	1	1	5	4	1	3	4	3	4	4	3	3	1	4	3	1	4	2	3
AT3G58010	2	5	3	1	3	5	4	2	1	1	2	1	3	3	5	2	1	2	5	3	2	1	2	4	3	4	2	4	2	4	4	3	1	2	4	3	5	4	4	4	1	3	5	4	2	1	3	4	1	2	4	3	4	4	4	1	2	5	1	5	5	2	3	2	1	3	5	5	5	3	4	4	5	4	5	4	3	5	4	3	4	1	1	5	4	1	3	4	3	4	4	3	3	1	4	3	1	4	2	3
AT2G29500	2	5	3	1	3	4	4	4	1	2	3	1	3	3	5	2	3	2	5	1	2	1	2	4	3	4	2	4	5	4	4	1	1	2	3	3	5	4	4	4	1	2	5	4	2	1	3	1	1	2	2	2	4	4	4	1	2	5	5	5	5	2	3	4	5	3	5	5	3	3	4	4	5	4	5	3	3	5	4	3	4	1	1	5	3	2	3	4	3	4	2	3	3	1	4	2	1	4	3	3
AT3G60370	2	5	3	1	3	5	4	2	1	1	2	1	3	3	5	2	1	2	5	1	2	1	2	4	3	4	2	4	2	4	4	3	1	2	4	3	5	4	4	4	1	3	5	4	2	1	3	4	1	2	4	3	4	4	4	1	2	5	1	5	5	2	3	2	1	3	5	5	5	3	4	4	5	4	5	4	3	5	4	3	4	1	1	5	4	1	3	4	3	4	4	3	3	1	4	3	1	4	2	3
AT1G50460	2	5	1	1	3	5	4	2	1	1	2	1	3	3	5	2	1	2	5	3	2	1	2	4	3	4	2	4	2	4	4	3	1	2	4	3	5	4	4	2	5	3	5	4	2	1	3	4	1	2	4	3	4	4	4	1	2	5	1	5	5	2	3	2	1	3	5	5	5	3	4	4	5	4	5	4	3	5	4	3	4	1	1	5	4	1	3	4	2	4	4	3	3	1	4	3	1	4	2	3
AT2G26800	2	5	3	1	3	5	4	2	1	2	3	1	3	3	5	2	3	2	5	1	2	1	2	4	3	4	2	4	5	4	4	3	1	2	3	3	5	4	4	4	1	3	5	4	2	1	3	1	1	2	4	3	4	4	4	1	2	5	1	5	5	2	3	2	1	3	5	5	3	3	4	4	5	4	5	4	3	5	4	3	4	1	1	5	3	1	3	4	3	4	2	3	3	1	4	2	1	4	2	3
AT1G21750	3	4	4	4	1	1	5	5	2	4	4	2	1	5	3	1	5	5	3	5	3	2	1	3	2	1	1	3	4	2	5	5	4	4	1	4	2	5	5	3	3	5	4	2	1	5	5	5	5	5	1	1	5	3	5	2	1	1	2	4	2	3	4	3	3	1	1	1	1	1	5	1	1	2	3	1	4	4	1	1	3	3	5	2	2	3	1	2	5	3	3	4	1	3	2	5	3	5	5	4
AT2G44990	2	5	3	1	3	4	4	4	1	2	3	1	3	3	5	2	3	2	5	1	2	1	2	4	3	4	2	4	5	4	4	1	1	2	3	3	5	4	4	4	1	2	5	4	2	1	3	1	1	2	2	2	4	4	4	1	2	5	5	5	5	2	3	2	1	3	5	5	3	3	4	4	5	4	5	3	3	5	4	3	4	1	1	5	3	2	3	4	3	4	2	3	3	1	4	2	1	4	3	3
AT1G30510	3	4	4	4	1	3	5	5	2	4	4	2	1	5	3	1	5	5	3	3	3	5	4	3	2	1	1	3	4	2	5	5	4	4	1	1	2	5	5	3	3	5	1	2	1	5	5	5	3	5	1	1	5	3	5	3	1	1	2	2	1	3	4	3	3	1	1	1	1	1	5	1	1	2	3	1	4	4	1	4	3	3	5	2	2	3	1	2	5	3	3	4	1	3	5	5	3	5	5	4
AT3G10130	2	5	3	1	3	5	4	2	1	1	3	1	3	3	5	2	1	2	5	1	2	1	2	4	3	4	2	4	5	4	4	3	1	2	4	3	5	4	4	4	1	3	5	4	2	1	3	1	1	2	4	3	4	4	4	1	2	5	1	5	5	2	3	2	1	3	5	5	5	3	4	4	5	4	5	4	3	5	4	3	4	1	1	5	4	1	3	4	3	4	4	3	3	1	4	3	1	4	2	3
AT3G22690	2	5	3	1	3	5	4	2	1	1	3	1	3	3	5	2	1	2	5	1	2	1	2	4	3	4	2	4	5	4	4	3	1	2	4	3	5	4	4	4	1	3	5	4	2	1	3	4	1	2	4	3	4	4	4	1	2	5	1	5	5	2	3	2	1	3	5	5	5	3	4	4	5	4	5	4	3	5	4	3	4	1	1	5	4	1	3	4	3	4	4	3	3	1	4	3	1	4	2	3
AT1G54050	2	5	3	1	3	5	4	2	1	2	3	1	3	3	5	2	3	2	5	1	2	1	2	4	3	4	2	4	5	4	4	3	1	2	4	3	5	4	4	4	1	3	5	4	2	1	3	1	1	2	4	3	4	4	4	1	2	5	1	5	5	2	3	2	1	3	5	5	5	3	4	4	5	4	5	4	3	5	4	3	4	1	1	5	4	1	3	4	3	4	2	3	3	1	4	3	1	4	2	3
AT1G55370	2	5	3	1	3	5	4	2	1	1	3	1	3	3	5	2	1	2	5	1	2	1	2	4	3	4	2	4	2	4	4	3	1	2	4	3	5	4	4	4	1	3	5	4	2	1	3	4	1	2	4	3	4	4	4	1	2	5	1	5	5	2	3	2	1	3	5	5	5	3	4	4	5	4	5	4	3	5	4	3	4	1	1	5	4	1	3	4	3	4	4	3	3	1	4	3	1	4	2	3
AT4G35770	2	5	3	1	3	5	4	2	1	1	3	1	3	3	5	2	1	2	5	1	2	1	2	4	3	4	2	4	5	4	4	3	1	2	4	3	5	4	4	4	1	3	5	4	2	1	3	1	1	2	4	3	4	4	4	1	2	5	1	5	5	2	3	2	1	3	5	5	5	3	4	4	5	4	5	4	3	5	4	3	4	1	1	5	4	1	3	4	3	4	4	3	3	1	4	3	1	4	2	3
AT3G56040	4	3	5	2	2	3	1	1	4	4	5	4	5	3	2	5	2	4	1	5	4	4	3	2	1	5	4	5	1	1	2	2	2	5	5	5	1	5	3	5	4	1	2	1	2	2	2	2	4	3	3	5	1	1	1	4	3	3	4	1	4	1	5	5	4	2	4	5	2	4	5	2	2	1	2	2	5	2	5	5	5	5	3	4	1	5	5	5	1	5	1	5	4	5	1	1	4	4	5	1
AT1G27510	3	5	3	1	3	5	4	2	1	1	3	1	3	3	5	2	1	2	5	3	3	5	4	4	3	4	2	4	5	4	4	3	1	2	4	1	5	4	4	4	1	3	5	4	2	1	3	5	3	2	4	3	4	3	5	3	1	5	1	2	1	2	4	2	1	3	5	1	5	3	4	4	5	4	5	4	3	5	4	4	4	1	1	5	4	1	3	4	3	4	4	3	3	1	4	3	1	4	2	3
AT5G59250	2	5	1	1	3	5	4	2	1	1	2	1	3	3	5	2	1	2	5	3	2	1	2	4	3	4	2	4	2	4	4	3	1	2	4	3	5	4	4	2	5	3	5	4	2	1	3	4	1	2	4	3	4	4	4	1	2	5	1	5	5	2	3	2	1	3	5	5	5	3	4	4	5	4	5	4	3	5	2	3	4	1	1	5	4	1	3	4	2	4	4	3	3	1	4	3	1	4	2	3
AT1G75690	2	5	1	1	3	5	4	2	1	1	2	1	3	3	5	2	1	2	5	3	2	1	2	4	3	4	2	4	2	4	4	3	1	2	4	3	5	4	4	2	5	3	5	4	2	1	3	4	1	2	4	3	4	4	4	1	2	5	1	5	5	2	3	2	1	3	5	5	5	3	4	4	5	4	5	4	3	5	2	3	4	1	1	5	4	1	3	4	2	4	4	3	3	1	4	3	1	4	2	3
AT4G01900	3	5	3	1	3	5	4	5	1	1	3	1	3	3	5	2	1	5	5	3	3	5	4	4	2	4	2	4	5	4	4	3	1	2	4	1	5	4	4	4	1	3	5	4	2	1	3	5	3	2	4	3	4	3	5	3	1	5	2	2	1	2	4	2	1	3	5	1	5	3	4	4	5	4	5	4	3	5	4	4	4	1	1	5	4	1	3	4	3	3	4	3	3	1	5	3	1	4	2	3
AT2G18790	1	5	2	1	4	4	4	4	3	2	3	1	2	3	5	2	3	2	5	1	2	1	2	4	3	4	2	4	5	4	4	1	1	2	3	3	5	4	4	4	1	2	5	4	2	1	3	1	2	2	2	2	4	1	1	4	2	5	5	5	5	2	2	4	5	3	5	5	3	3	4	4	5	4	5	3	3	5	4	3	4	2	1	5	3	2	3	4	3	4	2	3	3	1	4	2	1	4	3	3
AT1G78915	3	4	4	4	1	3	5	5	2	4	4	2	1	5	3	1	5	5	3	5	3	2	1	3	2	1	1	3	4	2	5	5	4	4	1	4	2	5	5	3	3	5	4	2	1	5	5	5	5	5	1	1	5	3	5	2	1	1	2	4	2	3	4	3	3	1	1	1	1	1	5	1	1	2	3	1	4	4	1	1	3	3	5	2	2	3	1	2	5	3	3	4	1	3	5	5	3	5	5	4
AT3G24590	2	5	3	1	3	5	4	2	1	1	2	1	3	3	5	2	1	2	5	3	2	1	2	4	3	4	2	4	2	4	4	3	1	2	4	3	5	4	4	4	1	3	5	4	2	1	3	4	1	2	4	3	4	4	4	1	2	5	1	5	5	2	3	2	1	3	5	5	5	3	4	4	5	4	5	4	3	5	4	3	4	1	1	5	4	1	3	4	3	4	4	3	3	1	4	3	1	4	2	3
AT2G01918	2	5	3	1	3	5	4	2	1	1	3	1	3	3	5	2	1	2	5	3	2	1	2	4	3	4	2	4	5	4	4	3	1	2	4	3	5	4	4	4	1	3	5	4	2	1	3	1	1	2	4	3	4	4	4	1	2	5	1	5	5	2	3	2	1	3	5	5	5	3	4	4	5	4	5	4	3	5	4	3	4	1	1	5	4	1	3	4	3	4	4	3	3	1	4	3	1	4	2	3
AT1G52220	2	5	3	1	3	5	4	2	1	1	2	1	3	3	5	2	1	2	5	3	2	1	2	4	3	4	2	4	2	4	4	3	1	2	4	3	5	4	4	4	5	3	5	4	2	1	3	4	1	2	4	3	4	4	4	1	2	5	1	5	5	2	3	2	1	3	5	5	5	3	4	4	5	4	5	4	3	5	4	3	4	1	1	5	4	1	3	4	3	4	4	3	3	1	4	3	1	4	2	3
AT3G15360	3	4	4	4	1	3	5	5	2	4	4	2	1	5	3	1	5	5	3	5	3	5	4	3	2	1	1	3	4	2	5	5	4	4	1	4	2	5	5	3	3	5	1	2	1	5	5	5	3	5	1	1	5	3	5	2	1	1	2	2	2	3	4	3	3	1	1	1	1	1	5	1	1	2	3	1	4	4	1	1	3	3	5	2	2	3	1	2	5	3	3	4	1	3	5	5	3	5	5	4
AT1G65260	3	4	4	4	1	3	5	5	2	4	4	2	1	5	3	1	5	5	3	5	3	2	1	3	2	1	1	3	4	2	5	5	4	4	1	4	2	5	5	3	3	5	4	2	1	5	5	5	5	5	1	1	5	3	5	2	1	1	2	4	2	3	4	3	3	1	1	1	1	1	5	1	1	2	3	1	4	4	1	1	3	3	5	2	2	3	1	2	5	3	3	4	1	3	5	5	3	5	5	4
AT4G04020	2	5	3	1	3	5	4	2	1	2	3	1	3	3	5	2	3	2	5	1	2	1	2	4	3	4	2	4	5	4	4	3	1	2	3	3	5	4	4	4	1	2	5	4	2	1	3	1	1	2	4	3	4	4	4	1	2	5	5	5	5	2	3	2	1	3	5	5	3	3	4	4	5	4	5	4	3	5	4	3	4	1	1	5	3	1	3	4	3	4	2	3	3	1	4	3	1	4	2	3
AT1G32500	5	5	2	1	4	5	4	1	4	2	5	1	3	3	2	2	3	1	5	2	4	4	2	4	4	4	3	4	5	4	4	1	1	2	5	5	1	4	4	4	1	1	5	4	2	1	3	2	2	1	2	2	4	1	1	4	3	5	4	1	5	2	2	4	5	3	5	3	2	3	3	4	2	4	5	5	3	3	5	5	4	5	1	5	3	2	3	4	3	4	2	3	4	1	4	3	1	4	4	3
AT3G47060	2	5	3	1	3	5	4	2	1	2	3	1	3	3	5	2	3	2	5	1	2	1	2	4	3	4	2	4	5	4	4	3	1	2	4	3	5	4	4	4	1	3	5	4	2	1	3	1	1	2	4	3	4	4	4	1	2	5	1	5	5	2	3	2	1	3	5	5	5	3	4	4	5	4	5	4	3	5	4	3	4	1	1	5	4	1	3	4	3	4	2	3	3	1	4	3	1	4	2	3
AT2G26550	5	3	1	2	4	5	1	1	4	1	5	4	5	3	2	2	2	1	1	2	4	4	3	2	4	5	3	5	1	1	2	2	2	5	5	5	1	4	3	5	5	1	2	1	2	2	3	2	4	1	3	3	1	1	1	5	3	2	4	1	4	5	5	5	4	2	4	3	2	3	3	2	2	1	2	2	5	3	5	5	5	5	3	1	1	4	5	5	2	5	1	5	4	5	1	1	4	4	4	1
AT4G20820	2	5	3	1	3	5	4	2	1	1	3	1	3	3	5	2	1	2	5	3	2	1	2	4	3	4	2	4	5	4	4	3	1	2	4	3	5	4	4	4	1	3	5	4	2	1	3	4	1	2	4	3	4	4	4	1	2	5	1	5	5	2	3	2	1	3	5	5	5	3	4	4	5	4	5	4	3	5	4	3	4	1	1	5	4	1	3	4	3	4	4	3	3	1	4	3	1	4	2	3
AT1G74070	3	4	4	4	1	3	5	5	2	4	4	2	1	5	3	1	5	5	3	5	3	5	4	3	2	1	1	3	4	2	5	5	4	4	1	1	2	5	5	3	3	5	1	2	1	5	5	5	3	5	1	1	5	3	5	3	1	1	2	2	1	3	4	3	3	1	1	1	1	1	5	1	1	2	3	1	4	4	1	4	3	3	5	2	2	3	1	2	5	3	3	4	1	3	5	5	3	5	5	4
AT3G53560	3	4	4	4	1	3	5	5	2	4	4	2	1	5	3	1	5	5	3	3	3	5	4	3	2	1	1	3	4	2	5	5	4	4	1	1	2	5	5	3	3	5	1	2	1	5	5	5	3	5	1	1	5	3	5	3	1	1	2	2	1	3	4	3	3	1	1	1	1	1	5	1	1	2	3	1	4	4	1	4	3	3	5	2	2	3	1	2	5	3	3	4	1	3	5	5	3	5	5	4
AT5G53490	2	5	3	1	3	5	4	2	1	1	2	1	3	3	5	2	1	2	5	3	3	5	4	4	2	4	2	4	2	4	4	3	1	2	4	1	5	4	4	2	1	3	1	4	2	1	3	4	3	2	4	3	4	3	5	3	1	5	1	2	1	2	4	2	1	3	5	1	5	3	5	4	5	4	5	4	3	5	4	4	4	1	1	5	4	1	3	4	3	3	4	3	3	1	5	3	1	4	2	3
AT2G42975	2	5	3	1	3	5	4	2	1	1	2	1	3	3	5	2	1	2	5	3	2	1	2	4	3	4	2	4	2	4	4	3	1	2	4	3	5	4	4	2	1	3	5	4	2	1	3	4	1	2	4	3	4	4	4	1	2	5	1	5	5	2	3	2	1	3	5	5	5	3	4	4	5	4	5	4	3	5	4	3	4	1	1	5	4	1	3	4	3	4	4	3	3	1	4	3	1	4	2	3
AT2G20270	2	5	3	1	3	5	4	2	1	1	3	1	3	3	5	2	1	2	5	3	2	1	2	4	3	4	2	4	5	4	4	3	1	2	4	3	5	4	4	4	1	3	5	4	2	1	3	4	1	2	4	3	4	4	4	1	2	5	1	5	5	2	3	2	1	3	5	5	5	3	4	4	5	4	5	4	3	5	4	3	4	1	1	5	4	1	3	4	3	4	4	3	3	1	4	3	1	4	2	3
AT2G29180	1	5	2	1	4	4	4	4	3	2	3	1	3	3	5	2	3	2	5	1	2	1	2	4	3	4	2	4	5	4	4	1	1	2	3	3	5	4	4	4	1	2	5	4	2	1	3	1	2	2	2	2	4	1	1	4	2	5	5	5	5	2	2	4	5	3	5	5	3	3	4	4	5	4	5	3	3	5	4	3	4	2	1	5	3	2	3	4	3	4	2	3	3	1	4	2	1	4	3	3
AT3G01440	2	5	3	1	3	5	4	2	1	2	3	1	3	3	5	2	3	2	5	1	2	1	2	4	3	4	2	4	5	4	4	3	1	2	3	3	5	4	4	4	1	3	5	4	2	1	3	1	1	2	4	3	4	4	4	1	2	5	1	5	5	2	3	2	1	3	5	5	3	3	4	4	5	4	5	4	3	5	4	3	4	1	1	5	3	1	3	4	3	4	2	3	3	1	4	3	1	4	2	3
AT1G76760	2	5	3	1	3	5	4	2	1	2	3	1	3	3	5	2	3	2	5	1	2	1	2	4	3	4	2	4	5	4	4	3	1	2	3	3	5	4	4	4	1	3	5	4	2	1	3	1	1	2	4	3	4	4	4	1	2	5	1	5	5	2	3	2	1	3	5	5	3	3	4	4	5	4	5	4	3	5	4	3	4	1	1	5	3	1	3	4	3	4	2	3	3	1	4	3	1	4	2	3
AT2G26360	1	1	5	3	5	2	2	3	5	3	1	3	2	4	1	3	4	3	4	4	5	3	5	5	5	3	5	1	3	5	3	4	5	3	2	2	4	2	2	1	2	4	3	3	4	3	1	3	4	4	5	5	2	2	3	5	4	3	3	3	3	4	1	1	2	4	2	4	4	2	1	3	4	5	1	5	2	1	3	2	2	4	2	3	5	5	2	1	1	2	5	1	5	2	3	4	5	1	4	2
AT4G13670	2	5	3	1	3	5	4	2	1	1	3	1	3	3	5	2	1	2	5	1	2	1	2	4	3	4	2	4	5	4	4	3	1	2	4	3	5	4	4	4	1	3	5	4	2	1	3	4	1	2	4	3	4	4	4	1	2	5	1	5	5	2	3	2	1	3	5	5	5	3	4	4	5	4	5	4	3	5	4	3	4	1	1	5	4	1	3	4	3	4	4	3	3	1	4	3	1	4	2	3
AT2G35040	2	5	3	1	3	5	4	2	1	1	2	1	3	3	5	2	1	2	5	3	2	1	2	4	3	4	2	4	2	4	4	3	1	2	4	3	5	4	4	4	1	3	5	4	2	1	3	4	1	2	4	3	4	4	4	1	2	5	1	5	5	2	3	2	1	3	5	5	5	3	4	4	5	4	5	4	3	5	4	3	4	1	1	5	4	1	3	4	3	4	4	3	3	1	4	3	1	4	2	3
AT1G65230	4	3	1	2	2	5	4	1	4	1	2	4	5	3	5	2	1	4	1	3	4	4	3	2	4	5	2	4	2	1	2	2	2	5	4	5	1	4	3	5	5	3	2	1	2	1	3	2	4	3	3	3	1	1	1	4	3	2	4	1	4	5	5	5	1	2	4	5	5	3	3	2	5	1	2	2	3	2	2	5	5	5	3	4	4	5	4	4	2	5	4	5	4	1	1	3	4	4	2	3
AT1G03850	3	4	4	4	1	3	5	5	2	4	4	2	1	5	3	1	5	5	3	3	3	5	4	3	2	1	1	3	4	2	5	5	4	4	1	1	2	5	5	3	3	5	1	2	1	5	5	5	3	5	1	1	5	3	5	3	1	1	2	2	1	3	4	3	3	1	1	1	1	1	5	1	1	2	3	1	4	4	1	4	3	3	5	2	2	3	1	2	5	3	3	4	1	3	5	5	3	5	5	4
AT1G50250	2	5	3	1	3	5	4	2	1	1	2	1	3	3	5	2	1	2	5	3	2	1	2	4	3	4	2	4	2	4	4	3	1	2	4	3	5	4	4	2	1	3	5	4	2	1	3	4	1	2	4	3	4	4	4	1	2	5	1	5	5	2	3	2	1	3	5	5	5	3	4	4	5	4	5	4	3	5	4	3	4	1	1	5	4	1	3	4	3	4	4	3	3	1	4	3	1	4	2	3
AT2G40760	2	5	3	1	3	5	4	2	1	1	3	1	3	3	5	2	1	2	5	1	2	1	2	4	3	4	2	4	5	4	4	3	1	2	4	3	5	4	4	4	1	3	5	4	2	1	3	4	1	2	4	3	4	4	4	1	2	5	1	5	5	2	3	2	1	3	5	5	5	3	4	4	5	4	5	4	3	5	4	3	4	1	1	5	4	1	3	4	3	4	4	3	3	1	4	3	1	4	2	3
AT2G26340	4	3	1	2	2	5	4	2	1	1	2	4	3	3	5	2	1	4	5	3	4	4	2	2	4	5	2	4	2	1	4	2	1	2	4	5	5	4	3	5	5	3	5	1	2	1	3	4	4	2	3	3	1	1	4	4	3	2	1	1	4	5	5	2	1	2	4	5	5	3	3	2	5	4	5	2	3	2	2	3	4	1	1	4	4	1	4	4	2	4	4	5	3	1	1	3	4	4	2	3
AT5G08050	3	4	4	4	2	3	5	5	2	4	4	2	1	5	3	1	5	5	3	3	3	5	4	3	2	1	1	3	4	2	5	5	4	4	1	1	2	5	5	3	3	5	1	2	1	5	5	5	3	5	1	1	5	3	5	3	1	1	2	2	1	5	4	3	3	2	1	1	1	1	5	1	1	2	3	1	4	4	1	4	3	3	5	2	2	3	1	2	5	3	3	4	1	3	5	5	3	5	5	4
AT1G22020	2	5	1	1	3	5	4	2	1	1	2	1	3	3	5	2	1	2	5	3	2	1	2	4	3	4	2	4	2	4	4	3	1	2	4	3	5	4	4	2	5	3	5	4	2	1	3	4	1	2	4	3	4	4	4	1	2	5	1	5	5	2	3	2	1	3	5	5	5	3	4	4	5	4	5	4	3	5	2	3	4	1	1	5	4	1	3	4	2	4	4	3	3	1	4	3	1	4	2	3
AT5G16150	2	5	3	1	3	5	4	2	1	1	2	1	3	3	5	2	1	2	5	3	2	1	2	4	3	4	2	4	2	4	4	3	1	2	4	3	5	4	4	2	1	3	5	4	2	1	3	4	1	2	4	3	4	4	4	1	2	5	1	5	5	2	3	2	1	3	5	5	5	3	4	4	5	4	5	4	3	5	4	3	4	1	1	5	4	1	3	4	3	4	4	3	3	1	4	3	1	4	2	3
AT4G24750	2	5	3	1	3	5	4	2	1	1	3	1	3	3	5	2	1	2	5	1	2	1	2	4	3	4	2	4	5	4	4	3	1	2	4	3	5	4	4	4	1	3	5	4	2	1	3	1	1	2	4	3	4	4	4	1	2	5	1	5	5	2	3	2	1	3	5	5	5	3	4	4	5	4	5	4	3	5	4	3	4	1	1	5	4	1	3	4	3	4	4	3	3	1	4	3	1	4	2	3
AT4G01050	2	5	3	1	3	5	4	2	1	1	3	1	3	3	5	2	1	2	5	1	2	1	2	4	3	4	2	4	5	4	4	3	1	2	4	3	5	4	4	4	1	3	5	4	2	1	3	1	1	2	4	3	4	4	4	1	2	5	1	5	1	2	3	2	1	3	5	5	5	3	4	4	5	4	5	4	3	5	4	3	4	1	1	5	4	1	3	4	3	4	4	3	3	1	4	3	1	4	2	3
AT1G02560	2	5	3	1	3	4	4	4	1	2	3	1	3	3	5	2	3	2	5	1	2	1	2	4	3	4	2	4	5	4	4	1	1	2	3	3	5	4	4	4	1	2	5	4	2	1	3	1	1	2	2	2	4	4	4	1	2	5	5	5	5	2	3	4	5	3	5	5	3	3	4	4	5	4	5	3	3	5	4	3	4	1	1	5	3	2	3	4	3	4	2	3	3	1	4	2	1	4	3	3
AT1G18730	2	5	3	1	3	5	4	2	1	2	3	1	3	3	5	2	1	2	5	1	2	1	2	4	3	4	2	4	5	4	4	3	1	2	4	3	5	4	4	4	1	3	5	4	2	1	3	1	1	2	4	3	4	4	4	1	2	5	1	5	5	2	3	2	1	3	5	5	5	3	4	4	5	4	5	4	3	5	4	3	4	1	1	5	4	1	3	4	3	4	2	3	3	1	4	3	1	4	2	3
AT3G46780	2	5	1	1	3	5	4	2	1	1	2	1	3	3	5	2	1	2	5	3	2	1	2	4	3	4	2	4	2	4	4	3	1	2	4	3	5	4	4	2	5	3	5	4	2	1	3	4	1	2	4	3	4	4	4	1	2	5	1	5	5	2	3	2	1	3	5	5	5	3	4	4	5	4	5	4	3	5	2	3	4	1	1	5	4	1	3	4	2	4	4	3	3	1	4	3	1	4	2	3
AT1G79450	3	4	4	4	1	3	5	5	2	4	4	1	3	3	3	2	5	5	3	1	3	5	4	4	2	1	2	3	4	2	4	5	1	2	1	1	2	5	5	3	3	5	1	2	1	5	5	5	3	5	1	1	5	3	5	3	1	5	2	2	1	3	4	3	1	1	5	1	1	1	5	1	5	4	3	1	3	4	1	4	4	3	5	2	2	3	3	4	5	3	3	4	1	3	5	3	3	4	5	4
AT1G06690	2	5	3	1	3	5	4	2	1	1	3	1	3	3	5	2	1	2	5	1	2	1	2	4	3	4	2	4	5	4	4	3	1	2	4	3	5	4	4	4	1	3	5	4	2	1	3	1	1	2	4	3	4	4	4	1	2	5	1	5	5	2	3	2	1	3	5	5	5	3	4	4	5	4	5	4	3	5	4	3	4	1	1	5	4	1	3	4	3	4	4	3	3	1	4	3	1	4	2	3
AT1G23740	2	5	3	1	3	5	4	2	1	1	2	1	3	3	5	2	1	2	5	3	3	5	4	4	2	4	2	4	2	4	4	3	1	2	4	1	5	4	4	2	1	3	1	4	2	1	3	4	3	2	4	3	4	4	5	3	1	5	1	2	1	2	4	2	1	3	5	1	5	3	4	4	5	4	5	4	3	5	4	4	4	1	1	5	4	1	3	4	3	3	4	3	3	1	5	3	1	4	2	3
AT3G46610	5	3	5	3	4	2	1	1	4	5	5	4	5	2	2	4	2	1	1	2	4	4	3	2	4	5	3	5	1	1	2	2	2	5	5	5	1	3	3	5	4	1	2	1	3	2	2	2	4	1	3	4	1	1	1	4	3	2	4	1	4	1	2	5	4	2	4	3	2	4	3	5	2	1	2	5	5	3	5	5	5	5	3	4	1	4	5	5	1	5	1	5	4	5	1	1	4	3	4	1
AT1G29920	2	5	3	1	3	5	4	2	1	1	3	1	3	3	5	2	1	2	5	1	2	1	2	4	3	4	2	4	5	4	4	3	1	2	4	3	5	4	4	4	1	3	5	4	2	1	3	1	1	2	4	3	4	4	4	1	2	5	1	5	5	2	3	2	1	3	5	5	5	3	4	4	5	4	5	4	3	5	4	3	4	1	1	5	4	1	3	4	3	4	4	3	3	1	4	3	1	4	2	3
AT1G50450	3	4	4	4	1	1	3	5	2	4	4	2	1	5	3	1	5	5	4	5	3	2	1	3	2	1	1	3	4	2	5	5	4	4	1	4	2	5	5	3	3	5	4	2	1	5	5	5	5	5	1	1	5	3	5	2	1	1	3	4	2	3	4	3	3	1	1	1	1	4	5	1	1	2	3	1	4	4	1	1	3	3	5	2	2	3	1	2	5	2	3	4	1	3	2	5	3	5	5	4
AT2G17630	2	5	3	1	3	5	4	4	1	2	3	1	3	3	5	2	3	2	5	1	2	1	2	4	3	4	2	4	5	4	4	3	1	2	3	3	5	4	4	4	1	2	5	4	2	1	3	1	1	2	2	3	4	4	4	1	2	5	5	5	5	2	3	2	1	3	5	5	3	3	4	4	5	4	5	3	3	5	4	3	4	1	1	5	3	1	3	4	3	4	2	3	3	1	4	2	1	4	2	3
AT1G14590	2	5	3	1	3	5	4	2	1	1	3	1	3	3	5	2	1	2	5	1	2	1	2	4	3	4	2	4	5	4	4	3	1	2	4	3	5	4	4	4	1	3	5	4	2	1	3	1	1	2	4	3	4	4	4	1	2	5	1	5	5	2	3	2	1	3	5	5	5	3	4	4	5	4	5	4	3	5	4	3	4	1	1	5	4	1	3	4	3	4	4	3	3	1	4	3	1	4	2	3
AT1G54790	3	4	4	4	1	3	5	5	2	4	4	2	1	5	3	1	5	5	3	3	3	5	4	3	2	1	1	3	4	2	5	5	4	4	1	1	2	5	5	3	3	5	1	2	1	5	5	5	3	5	1	1	5	3	5	3	1	1	2	2	1	3	4	3	3	1	1	1	1	1	5	1	1	2	3	1	4	4	1	4	3	3	5	2	2	3	1	2	5	3	3	4	1	3	5	5	3	5	5	4
AT2G22360	2	5	1	1	3	5	4	2	1	1	2	1	3	3	5	2	1	2	5	3	2	1	2	4	3	4	2	4	2	4	4	3	1	2	4	3	5	4	4	2	5	3	5	4	2	1	3	4	1	2	4	3	4	4	4	1	2	5	1	5	5	2	3	2	1	3	5	5	5	3	4	4	5	4	5	4	3	5	2	3	4	1	1	5	4	1	3	4	2	4	4	3	3	1	4	3	1	4	2	3
AT4G39960	2	5	3	1	3	5	4	2	1	1	3	1	3	3	5	2	1	2	5	3	2	1	2	4	3	4	2	4	5	4	4	3	1	2	4	3	5	4	4	4	1	3	5	4	2	1	3	4	1	2	4	3	4	4	4	1	2	5	1	5	5	2	3	2	1	3	5	5	5	3	4	4	5	4	5	4	3	5	4	3	4	1	1	5	4	1	3	4	3	4	4	3	3	1	4	3	1	4	2	3
AT1G15820	2	5	3	1	3	5	4	2	1	1	3	1	3	3	5	2	1	2	5	3	2	1	2	4	3	4	2	4	2	4	4	3	1	2	4	3	5	4	4	4	1	3	5	4	2	1	3	4	1	2	4	3	4	4	4	1	2	5	1	5	5	2	3	2	1	3	5	5	5	3	4	4	5	4	5	4	3	5	4	3	4	1	1	5	4	1	3	4	3	4	4	3	3	1	4	3	1	4	2	3
AT5G52440	4	5	1	2	3	5	4	1	1	1	2	1	3	3	5	2	1	2	5	3	4	4	2	4	4	4	2	5	2	4	4	3	1	2	4	5	5	4	4	2	5	3	5	4	2	1	3	4	1	2	4	3	4	4	4	1	3	2	1	5	5	5	5	2	1	3	4	5	5	3	3	2	5	4	5	2	3	5	2	3	4	1	1	4	4	1	3	4	2	4	4	3	3	1	4	3	1	4	2	3
AT1G74880	3	4	4	4	1	1	3	5	2	4	4	2	1	5	3	1	5	5	4	5	3	2	1	3	2	1	1	3	4	2	5	5	4	4	1	4	2	5	5	3	3	5	4	2	1	5	5	5	5	5	1	1	5	3	5	2	1	1	3	4	2	3	4	3	3	1	1	1	1	4	5	1	1	2	3	1	4	4	1	1	3	3	5	2	2	3	1	2	5	2	3	4	1	3	2	5	3	5	5	4
AT3G28850	2	5	1	1	3	5	4	2	1	1	2	1	3	3	5	2	1	2	5	3	2	1	2	4	3	4	2	4	2	4	4	3	1	2	4	3	5	4	4	2	5	3	5	4	2	1	3	4	1	2	4	3	4	4	4	1	2	5	1	5	5	2	3	2	1	3	5	5	5	3	4	4	5	4	5	4	3	5	4	3	4	1	1	5	4	1	3	4	2	4	4	3	3	1	4	3	1	4	2	3
AT5G02160	3	4	4	4	1	3	5	5	2	4	4	2	3	5	3	1	5	5	3	3	3	5	4	3	2	1	1	3	4	2	5	5	4	2	1	1	2	5	5	3	3	5	1	2	1	5	5	5	3	5	1	1	5	3	5	3	1	1	2	2	1	3	4	3	3	1	1	1	1	1	5	1	1	4	3	1	4	4	1	4	3	3	5	2	2	3	3	4	5	3	3	4	1	3	5	5	3	5	5	4
AT4G33520	5	2	5	5	5	3	1	3	5	5	1	3	4	1	1	4	4	1	2	4	5	3	5	3	1	2	5	1	3	5	1	4	3	3	2	2	4	1	4	1	4	4	3	5	5	4	1	3	4	3	5	3	2	2	2	5	4	1	3	4	3	4	1	1	2	5	3	3	4	2	2	3	3	3	1	5	2	1	3	5	2	2	2	1	1	5	2	3	1	1	5	1	5	5	3	4	2	2	1	2
AT1G80380	1	5	2	1	3	4	4	4	3	2	3	1	2	3	5	2	3	2	5	1	2	1	2	4	3	4	2	4	5	4	4	1	1	2	3	3	5	4	4	4	1	2	5	4	2	1	4	1	2	2	2	2	4	1	4	4	2	5	5	5	5	2	2	4	5	3	5	4	3	3	4	4	5	4	5	3	3	5	4	3	4	2	1	5	3	2	3	4	3	4	2	3	3	1	4	2	1	4	3	3
AT5G01220	4	5	1	2	2	5	4	2	1	1	2	1	3	3	5	2	1	4	5	3	4	1	2	4	4	4	2	4	2	1	4	3	1	2	4	5	5	4	4	2	5	3	5	4	2	1	3	4	1	2	4	3	4	4	4	1	2	2	1	5	4	5	5	2	1	2	4	5	5	3	3	2	5	4	5	2	3	5	2	3	4	1	1	4	4	1	4	4	2	4	4	3	3	1	1	3	4	4	2	3
AT2G27290	2	5	3	1	3	5	4	2	1	1	3	1	3	3	5	2	1	2	5	1	2	1	2	4	3	4	2	4	5	4	4	3	1	2	4	3	5	4	4	4	1	3	5	4	2	1	3	1	1	2	4	3	4	4	4	1	2	5	1	5	5	2	3	2	1	3	5	5	5	3	4	4	5	4	5	4	3	5	4	3	4	1	1	5	4	1	3	4	3	4	4	3	3	1	4	3	1	4	2	3
AT2G37400	3	4	4	4	1	3	5	5	2	4	4	2	1	5	3	1	5	5	3	5	3	2	1	3	2	1	1	3	4	2	5	5	4	4	1	4	2	5	5	3	3	5	4	2	1	5	5	5	5	5	1	1	5	3	5	2	1	1	2	4	2	3	4	3	3	1	1	1	1	1	5	1	1	2	3	1	4	4	1	1	3	3	5	2	2	3	1	2	5	3	3	4	1	3	5	5	3	5	5	4
AT4G28025	3	5	1	1	3	5	4	2	1	1	2	1	3	3	5	2	1	2	5	3	3	5	4	4	2	4	2	4	2	4	4	3	1	2	4	1	5	4	4	2	5	3	5	4	2	1	3	4	3	2	4	3	4	3	5	3	1	5	1	2	1	2	4	2	1	3	5	1	5	3	5	4	5	4	5	4	3	5	4	4	4	1	1	5	4	1	3	4	2	3	4	3	3	1	5	3	1	4	2	3
AT3G15840	3	4	4	4	1	3	5	5	2	4	4	2	1	5	3	1	5	5	3	5	3	2	4	3	2	1	1	3	4	2	5	5	4	4	1	4	2	5	5	3	3	5	4	2	1	5	5	5	5	5	1	1	5	3	5	2	1	1	2	4	2	3	4	3	3	1	1	1	1	1	5	1	1	2	3	1	4	4	1	1	3	3	5	2	2	3	1	2	5	3	3	4	1	3	5	5	3	5	5	4
AT4G37925	2	5	3	1	3	5	4	4	1	2	3	1	3	3	5	2	3	2	5	1	2	1	2	4	3	4	2	4	5	4	4	3	1	2	3	3	5	4	4	4	1	2	5	4	2	1	3	1	1	2	2	3	4	4	4	1	2	5	5	5	5	2	3	2	1	3	5	5	3	3	4	4	5	4	5	3	3	5	4	3	4	1	1	5	3	2	3	4	3	4	2	3	3	1	4	2	1	4	2	3
AT4G27700	3	5	3	1	3	5	4	2	1	1	2	1	3	3	5	2	1	2	5	3	3	5	4	4	2	4	2	4	2	4	4	3	1	2	4	1	5	4	4	2	5	3	1	4	2	1	3	4	3	2	4	3	4	3	5	3	1	5	1	2	1	2	4	2	1	3	5	1	5	3	5	4	5	4	5	4	3	5	4	4	4	1	1	5	4	1	3	4	2	3	4	3	3	1	5	3	1	4	2	3
AT5G23890	2	5	3	1	3	5	4	2	1	1	3	1	3	3	5	2	1	2	5	3	2	1	2	4	3	4	2	4	2	4	4	3	1	2	4	3	5	4	4	4	1	3	5	4	2	1	3	4	1	2	4	3	4	4	4	1	2	5	1	5	5	2	3	2	1	3	5	5	5	3	4	4	5	4	5	4	3	5	4	3	4	1	1	5	4	1	3	4	3	4	4	3	3	1	4	3	1	4	2	3
AT2G30950	2	5	3	1	3	5	4	2	1	1	3	1	3	3	5	2	3	2	5	1	2	1	2	4	3	4	2	4	5	4	4	3	1	2	4	3	5	4	4	4	1	3	5	4	2	1	3	1	1	2	4	3	4	4	4	1	2	5	1	5	5	2	3	2	1	3	5	5	5	3	4	4	5	4	5	4	3	5	4	3	4	1	1	5	4	1	3	4	3	4	4	3	3	1	4	3	1	4	2	3
AT5G19500	2	5	3	1	3	5	4	2	1	1	2	1	3	3	5	2	1	2	5	3	2	1	2	4	3	4	2	4	2	4	4	3	1	2	4	3	5	4	4	2	1	3	5	4	2	1	3	4	1	2	4	3	4	4	4	1	2	5	1	5	5	2	3	2	1	3	5	5	5	3	4	4	5	4	5	4	3	5	4	3	4	1	1	5	4	1	3	4	3	4	4	3	3	1	4	3	1	4	2	3
AT1G44575	4	3	5	2	2	3	1	1	3	4	5	4	5	3	2	5	2	4	1	5	1	4	3	2	1	5	4	5	1	1	2	2	2	5	5	5	1	4	3	5	4	1	2	1	2	2	2	2	4	3	3	5	1	5	1	4	5	3	4	1	4	1	5	5	4	5	4	5	2	4	5	2	2	1	2	2	5	2	5	5	5	5	3	4	1	5	5	5	1	5	1	5	4	5	1	1	4	4	3	5
AT4G13010	2	5	3	1	3	5	4	2	1	1	2	1	3	3	5	2	1	2	5	3	2	1	2	4	3	4	2	4	2	4	4	3	1	2	4	3	5	4	4	2	5	3	5	4	2	1	3	4	1	2	4	3	4	4	4	1	2	5	1	5	5	2	3	2	1	3	5	5	5	3	4	4	5	4	5	4	3	5	4	3	4	1	1	5	4	1	3	4	2	4	4	3	3	1	4	3	1	4	2	3
AT2G40100	2	5	3	1	3	5	4	4	1	2	3	1	3	3	5	2	3	2	5	1	2	1	2	4	3	4	2	4	5	4	4	3	1	2	3	3	5	4	4	4	1	2	5	4	2	1	3	1	1	2	2	3	4	4	4	1	2	5	5	5	5	2	3	2	1	3	5	5	3	3	4	4	5	4	5	4	3	5	4	3	4	1	1	5	3	2	3	4	3	4	2	3	3	1	4	2	1	4	2	3
AT1G71500	4	3	5	2	2	3	1	1	4	4	5	4	5	3	2	5	2	4	1	5	4	4	3	2	1	5	4	5	1	1	2	2	2	5	5	5	1	5	3	5	4	1	2	1	2	2	2	2	4	3	3	5	1	1	1	4	3	3	4	1	4	1	5	5	4	2	4	5	2	4	5	2	2	1	2	2	5	2	5	5	5	5	3	4	1	5	5	5	1	5	1	5	4	5	1	1	4	4	5	1
AT1G42960	2	5	3	1	3	5	4	2	1	1	3	1	3	3	5	2	3	2	5	1	2	1	2	4	3	4	2	4	5	4	4	3	1	2	4	3	5	4	4	4	1	3	5	4	2	1	3	1	1	2	4	3	4	4	4	1	2	5	1	5	5	2	3	2	1	3	5	5	5	3	4	4	5	4	5	4	3	5	4	3	4	1	1	5	4	1	3	4	3	4	4	3	3	1	4	3	1	4	2	3
AT3G26080	3	4	3	4	3	5	5	5	2	1	3	1	3	3	5	2	1	5	3	3	3	5	4	4	2	1	2	4	5	4	4	5	1	2	1	1	5	4	5	3	3	3	1	4	2	1	3	5	3	2	4	3	4	3	5	3	1	5	2	2	1	2	4	2	1	3	5	1	5	1	5	4	5	4	3	1	3	5	1	4	4	1	5	2	4	3	3	4	3	3	4	3	3	1	5	3	1	4	2	3
AT2G21530	3	4	4	4	1	1	3	5	2	4	4	2	1	5	3	1	5	5	4	5	3	2	1	3	2	1	1	3	4	2	5	5	4	4	1	4	2	5	5	3	3	5	4	2	1	5	5	5	5	5	1	1	5	3	5	2	1	1	3	4	2	3	4	3	3	1	1	1	1	4	5	1	1	2	3	1	4	4	1	1	3	3	5	2	2	3	1	2	5	2	3	4	1	3	2	5	3	5	5	4
AT4G19830	3	4	4	4	1	3	5	5	2	4	4	2	1	5	3	1	5	5	3	5	3	2	1	3	2	1	1	3	4	2	5	5	4	4	1	4	2	5	5	3	3	5	4	2	1	5	5	5	3	5	1	1	5	3	5	2	1	1	2	4	2	3	4	3	3	1	1	1	1	1	5	1	1	2	3	1	4	4	1	1	3	3	5	2	2	3	1	2	5	3	3	4	1	3	5	5	3	5	5	4
AT2G37660	2	5	3	1	3	5	4	2	1	2	3	1	3	3	5	2	3	2	5	1	2	1	2	4	3	4	2	4	5	4	4	1	1	2	3	3	5	4	4	4	1	2	5	4	2	1	3	1	1	2	2	3	4	4	4	1	2	5	5	5	5	2	3	2	1	3	5	5	3	3	4	4	5	4	5	3	3	5	4	3	4	1	1	5	3	1	3	4	3	4	2	3	3	1	4	2	1	4	2	3
AT3G10470	2	5	3	1	3	5	4	2	1	2	3	1	3	3	5	2	3	2	5	1	2	1	2	4	3	4	2	4	5	4	4	3	1	2	4	3	5	4	4	4	1	3	5	4	2	1	3	1	1	2	4	3	4	4	4	1	2	5	1	5	5	2	3	2	1	3	5	5	5	3	4	4	5	4	5	4	3	5	4	3	4	1	1	5	3	1	3	4	3	4	2	3	3	1	4	3	1	4	2	3
AT2G37230	3	4	4	4	1	3	5	5	2	4	4	2	3	5	3	1	5	5	3	3	3	5	4	3	2	1	1	3	4	2	5	5	4	2	1	1	2	5	5	3	3	5	1	2	1	5	5	5	3	5	1	1	5	3	5	3	1	1	2	2	1	3	4	3	3	1	1	1	1	1	5	1	1	2	3	1	4	4	1	4	3	3	5	2	2	3	1	2	5	3	3	4	1	3	5	5	3	5	5	4
AT1G54780	4	3	1	2	2	5	4	2	1	1	2	4	3	3	5	2	1	4	5	3	4	4	2	2	4	5	2	4	2	1	4	2	1	2	4	5	5	4	3	5	5	3	5	4	2	1	3	4	4	2	3	3	1	1	4	4	3	2	1	1	4	5	5	2	1	2	4	5	5	3	3	2	5	4	5	2	3	2	2	3	4	1	1	4	4	1	3	4	2	4	4	5	3	1	1	3	4	4	2	3
AT4G33010	1	5	2	1	4	4	4	4	3	2	3	1	2	3	5	2	3	2	5	1	2	1	2	4	3	4	2	4	5	4	4	1	1	2	3	3	5	4	4	4	1	2	5	4	2	1	3	1	2	2	2	2	4	1	1	4	2	5	5	5	5	2	2	4	5	3	5	4	3	3	4	4	5	4	5	3	3	5	4	3	4	2	1	5	3	2	3	4	3	4	2	3	3	1	4	2	1	4	3	3
AT5G19370	2	5	3	1	3	5	4	4	1	2	3	1	3	3	5	2	3	2	5	1	2	1	2	4	3	4	2	4	5	4	4	3	1	2	3	3	5	4	4	4	1	2	5	4	2	1	3	1	1	2	2	3	4	4	4	1	2	5	5	5	5	2	3	2	1	3	5	5	3	3	4	4	5	4	5	4	3	5	4	3	4	1	1	5	3	1	3	4	3	4	2	3	3	1	4	2	1	4	3	3
AT2G30695	3	5	3	1	3	5	4	2	1	2	3	1	3	3	5	2	3	2	5	1	2	1	2	4	3	4	2	4	5	4	4	3	1	2	3	3	5	4	4	4	1	3	5	4	2	1	3	1	1	2	4	3	4	4	4	1	2	5	1	5	5	2	3	2	1	3	5	5	5	3	4	4	5	4	5	4	3	5	4	3	4	1	1	5	3	1	3	4	3	4	2	3	3	1	4	2	1	4	2	3
AT5G42070	2	5	3	1	3	5	4	4	1	2	3	1	3	3	5	2	3	2	5	1	2	1	2	4	3	4	2	4	5	4	4	3	1	2	3	3	5	4	4	4	1	2	5	4	2	1	3	1	1	2	2	3	4	4	4	1	2	5	5	5	5	2	3	2	1	3	5	5	3	3	4	4	5	4	5	4	3	5	4	3	4	1	1	5	3	1	3	4	3	4	2	3	3	1	4	3	1	4	3	3
AT4G39730	3	4	4	4	1	3	5	5	2	4	4	2	1	5	3	1	5	5	3	5	3	5	1	3	2	1	1	3	4	2	5	5	4	4	1	4	2	5	5	3	3	5	1	2	1	5	5	5	5	5	1	1	5	3	5	3	1	1	2	2	2	3	4	3	3	1	1	1	1	1	5	1	1	2	3	1	4	4	1	4	3	3	5	2	2	3	1	2	5	3	3	4	1	3	5	5	3	5	5	4
AT1G07510	2	5	3	1	3	5	4	2	1	1	3	1	3	3	5	2	1	2	5	3	2	1	2	4	3	4	2	4	5	4	4	3	1	2	4	3	5	4	4	4	1	3	5	4	2	1	3	4	1	2	4	3	4	4	4	1	2	5	1	5	5	2	3	2	1	3	5	5	5	3	4	4	5	4	5	4	3	5	4	3	4	1	1	5	4	1	3	4	3	4	4	3	3	1	4	3	1	4	2	3
AT1G79040	4	3	5	2	2	3	1	1	4	4	5	4	5	3	2	5	2	4	1	5	4	4	3	2	1	5	4	5	1	1	2	2	2	5	5	5	1	5	3	5	4	1	2	1	2	2	2	2	4	3	3	5	1	1	1	4	3	3	4	1	4	1	5	5	4	5	4	5	2	4	5	2	2	1	2	2	5	2	5	5	5	5	3	4	1	5	5	5	1	5	1	5	4	5	1	1	4	4	5	1
AT2G21160	3	4	4	4	1	3	5	5	2	4	4	2	1	5	3	1	5	5	3	3	3	5	4	3	2	1	1	3	4	2	5	5	4	4	1	1	2	5	5	3	3	5	1	2	1	5	5	5	3	5	1	1	5	3	5	3	1	1	2	2	1	3	4	3	3	1	1	1	1	1	5	1	1	2	3	1	4	4	1	4	3	3	5	2	2	3	1	2	5	3	3	4	1	3	5	5	3	5	5	4
AT4G39460	2	5	3	1	3	5	4	2	1	1	3	1	3	3	5	2	1	2	5	1	2	1	2	4	3	4	2	4	5	4	4	3	1	2	4	3	5	4	4	4	1	3	5	4	2	1	3	1	1	2	4	3	4	4	4	1	2	5	1	5	5	2	3	2	1	3	5	5	5	3	4	4	5	4	5	4	3	5	4	3	4	1	1	5	4	1	3	4	3	4	4	3	3	1	4	3	1	4	2	3
AT3G26580	2	5	3	1	3	5	4	2	1	2	3	1	3	3	5	2	3	2	5	1	2	1	2	4	3	4	2	4	5	4	4	3	1	2	4	3	5	4	4	4	1	3	5	4	2	1	3	1	1	2	4	3	4	4	4	1	2	5	1	5	5	2	3	2	1	3	5	5	5	3	4	4	5	4	5	4	3	5	4	3	4	1	1	5	3	1	3	4	3	4	2	3	3	1	4	3	1	4	2	3
AT1G03160	2	5	3	1	3	4	4	4	1	2	3	1	3	3	5	2	3	2	5	1	2	1	2	4	3	4	2	4	5	4	4	1	1	2	3	3	5	4	4	4	1	2	5	4	2	1	3	1	1	2	2	2	4	4	4	4	2	5	5	5	5	2	3	4	5	3	5	5	3	3	4	4	5	4	5	3	3	5	4	3	4	1	1	5	3	2	3	4	3	4	2	3	3	1	4	2	1	4	3	3
AT2G24020	2	5	3	1	3	5	4	2	1	1	2	1	3	3	5	2	1	2	5	3	2	1	2	4	3	4	2	4	2	4	4	3	1	2	4	3	5	4	4	2	1	3	5	4	2	1	3	4	1	2	4	3	4	4	4	1	2	5	1	5	5	2	3	2	1	3	5	5	5	3	4	4	5	4	5	4	3	5	4	3	4	1	1	5	4	1	3	4	3	4	4	3	3	1	4	3	1	4	2	3
AT1G05385	3	4	4	4	1	3	5	5	2	4	4	2	1	5	3	1	5	5	3	3	3	5	4	3	2	1	1	3	4	2	5	5	4	4	1	1	2	5	5	3	3	5	1	2	1	5	5	5	3	5	1	1	5	3	5	3	1	1	2	2	1	3	4	3	3	1	1	1	1	1	5	1	1	2	3	1	4	4	1	4	3	3	5	2	2	3	1	2	5	3	3	4	1	3	5	5	3	5	5	4
AT5G52970	2	5	3	1	3	5	4	2	1	1	2	1	3	3	5	2	1	2	5	3	2	1	2	4	3	4	2	4	2	4	4	3	1	2	4	3	5	4	4	4	1	3	5	4	2	1	3	4	1	2	4	3	4	4	4	1	2	5	1	5	5	2	3	2	1	3	5	5	5	3	4	4	5	4	5	4	3	5	4	3	4	1	1	5	4	1	3	4	3	4	4	3	3	1	4	3	1	4	2	3
AT3G08920	1	5	3	1	3	4	4	4	1	2	3	1	3	3	5	2	3	2	5	1	2	1	2	4	3	4	2	4	5	4	4	1	1	2	3	3	5	4	4	4	1	2	5	4	2	1	4	1	2	2	2	2	4	4	4	4	2	5	5	5	5	2	3	4	5	3	5	5	3	3	4	4	5	4	5	3	3	5	4	3	4	1	1	5	3	2	3	4	3	4	2	3	3	1	4	2	1	4	3	3
AT1G72640	2	5	3	1	3	5	4	2	1	2	3	1	3	3	5	2	1	2	5	1	2	1	2	4	3	4	2	4	5	4	4	3	1	2	4	3	5	4	4	4	1	3	5	4	2	1	3	1	1	2	4	3	4	4	4	1	2	5	1	5	5	2	3	2	1	3	5	5	5	3	4	4	5	4	5	4	3	5	4	3	4	1	1	5	4	1	3	4	3	4	2	3	3	1	4	3	1	4	2	3
AT1G67840	3	4	4	4	1	1	3	5	2	4	4	2	1	5	3	1	5	5	4	5	3	2	1	3	2	1	1	3	4	2	5	5	4	4	1	4	2	5	5	3	3	5	4	2	1	5	5	5	5	5	1	1	5	3	5	2	1	1	3	4	2	3	4	3	3	1	1	1	1	4	5	1	1	2	3	1	4	4	1	1	3	3	5	2	2	3	1	2	5	2	3	4	1	3	2	5	3	5	5	4
AT5G13120	2	5	3	1	3	5	4	2	1	1	3	1	3	3	5	2	1	2	5	1	2	1	2	4	3	4	2	4	5	4	4	3	1	2	4	3	5	4	4	4	1	3	5	4	2	1	3	1	1	2	4	3	4	4	4	1	2	5	1	5	5	2	3	2	1	3	5	5	5	3	4	4	5	4	5	4	3	5	4	3	4	1	1	5	4	1	3	4	3	4	4	3	3	1	4	3	1	4	2	3
AT4G31390	4	2	5	3	4	2	1	1	4	5	5	5	5	2	2	4	4	1	2	2	1	3	5	1	5	5	3	2	1	3	2	2	3	1	5	2	1	3	1	1	4	1	3	5	3	2	2	3	4	1	5	4	3	5	2	5	5	4	4	1	3	1	1	5	2	5	2	3	4	2	2	5	2	5	2	5	5	3	5	5	1	5	2	1	1	4	5	5	4	5	1	2	4	2	3	1	5	3	4	1
AT4G24930	2	5	3	1	3	5	4	2	1	1	2	1	3	3	5	2	1	2	5	3	2	1	4	4	3	4	2	4	2	4	4	3	1	2	4	1	5	4	4	4	1	3	5	4	2	1	3	4	3	2	4	3	4	4	4	1	2	5	1	2	1	2	3	2	1	3	5	5	5	3	4	4	5	4	5	4	3	5	4	3	4	1	1	5	4	1	3	4	3	4	4	3	3	1	4	3	1	4	2	3
AT1G74710	2	5	3	1	3	5	4	2	1	1	3	1	3	3	5	2	1	2	5	3	2	1	2	4	3	4	2	4	5	4	4	3	1	2	4	3	5	4	4	4	1	3	5	4	2	1	3	4	1	2	4	3	4	4	4	1	2	5	1	5	5	2	3	2	1	3	5	5	5	3	4	4	5	4	5	4	3	5	4	3	4	1	1	5	4	1	3	4	3	4	4	3	3	1	4	3	1	4	2	3
AT4G18370	2	5	3	1	3	5	4	2	1	2	3	1	3	3	5	2	3	2	5	1	2	1	2	4	3	4	2	4	5	4	4	3	1	2	4	3	5	4	4	4	1	3	5	4	2	1	3	1	1	2	4	3	4	4	4	1	2	5	1	5	5	2	3	2	1	3	5	5	5	3	4	4	5	4	5	4	3	5	4	3	4	1	1	5	3	1	3	4	3	4	2	3	3	1	4	2	1	4	2	3
AT1G03090	3	4	4	4	1	1	3	5	2	4	4	2	1	5	3	1	5	5	4	5	3	2	1	3	2	1	1	3	4	2	5	5	4	4	1	4	2	5	5	3	3	5	4	2	1	5	5	5	5	5	1	1	5	3	5	2	1	1	3	4	2	3	4	3	3	1	1	1	1	4	5	1	1	2	3	1	4	4	1	1	3	3	5	2	2	3	1	2	5	2	3	4	1	3	2	5	3	5	5	4
AT3G55330	2	5	3	1	3	5	4	2	1	1	3	1	3	3	5	2	1	2	5	1	2	1	2	4	3	4	2	4	5	4	4	3	1	2	4	3	5	4	4	4	1	3	5	4	2	1	3	1	1	2	4	3	4	4	4	1	2	5	1	5	5	2	3	2	1	3	5	5	5	3	4	4	5	4	5	4	3	5	4	3	4	1	1	5	4	1	3	4	3	4	4	3	3	1	4	3	1	4	2	3
AT4G36810	5	1	5	3	5	2	3	3	5	3	1	3	1	4	1	5	4	3	4	4	5	3	5	5	5	3	4	1	3	5	3	4	5	3	2	2	4	2	2	1	2	4	3	3	4	3	1	3	5	3	5	5	2	2	3	5	4	3	3	3	3	4	1	1	2	4	3	4	4	2	1	3	4	5	1	5	1	1	3	2	2	4	2	3	5	5	2	1	1	2	5	1	5	4	3	5	5	1	4	2
AT1G16790	3	4	4	4	1	3	5	5	2	4	4	2	1	5	3	1	5	5	3	5	3	2	1	3	2	1	1	3	4	2	5	5	4	4	1	4	2	5	5	3	3	5	4	2	1	5	5	5	5	5	1	1	5	3	5	2	1	1	2	4	2	3	4	3	3	1	1	1	1	1	5	1	1	2	3	1	4	4	1	1	3	3	5	2	2	3	1	2	5	3	3	4	1	3	5	5	3	5	5	4
AT1G15140	2	5	3	1	3	5	4	2	1	1	2	1	3	3	5	2	1	2	5	3	2	1	2	4	3	4	2	4	2	4	4	3	1	2	4	3	5	4	4	2	1	3	5	4	2	1	3	4	1	2	4	3	4	4	4	1	2	5	1	5	5	2	3	2	1	3	5	5	5	3	4	4	5	4	5	4	3	5	4	3	4	1	1	5	4	1	3	4	3	4	4	3	3	1	4	3	1	4	2	3
AT1G31180	3	4	4	4	1	3	5	5	2	4	4	1	3	3	5	2	5	5	3	1	3	5	4	4	2	1	2	4	5	2	4	5	1	2	1	1	2	4	5	3	3	5	1	4	2	1	5	5	3	5	1	1	5	3	5	3	1	5	2	2	1	3	4	3	1	1	1	1	1	1	5	1	5	4	3	1	3	5	1	4	4	3	5	2	2	3	3	4	3	3	3	3	1	1	5	3	1	4	5	4
AT5G03455	2	5	3	1	3	5	4	2	1	1	3	1	3	3	5	2	1	2	5	1	2	1	2	4	3	4	2	4	5	4	4	3	1	2	4	3	5	4	4	4	1	3	5	4	2	1	3	1	1	2	4	3	4	4	4	1	2	5	1	5	5	2	3	2	1	3	5	5	5	3	4	4	5	4	5	4	3	5	4	3	4	1	1	5	4	1	3	4	3	4	4	3	3	1	4	3	1	4	2	3
AT5G52780	2	5	3	1	3	5	4	2	1	1	3	1	3	3	5	2	1	2	5	1	2	1	2	4	3	4	2	4	5	4	4	3	1	2	4	3	5	4	4	4	1	3	5	4	2	1	3	1	1	2	4	3	4	4	4	1	2	5	1	5	5	2	3	2	1	3	5	5	5	3	4	4	5	4	5	4	3	5	4	3	4	1	1	5	4	1	3	4	3	4	4	3	3	1	4	3	1	4	2	3
AT1G51110	2	5	1	1	3	5	4	2	1	1	2	1	3	3	5	2	1	2	5	3	2	1	2	4	3	4	2	4	2	4	4	3	1	2	4	3	5	4	4	2	5	3	5	4	2	1	3	4	1	2	4	3	4	4	4	1	2	5	1	5	5	2	3	2	1	3	5	5	5	3	4	4	5	4	5	4	3	5	4	3	4	1	1	5	4	1	3	4	2	4	4	3	3	1	4	3	1	4	2	3
AT3G25480	3	4	4	4	1	3	5	5	2	4	4	2	1	5	3	1	5	5	3	5	3	5	4	3	2	1	1	3	4	2	5	5	4	4	1	1	2	5	5	3	3	5	1	2	1	5	5	5	3	5	1	1	5	3	5	3	1	1	2	2	1	3	4	3	3	1	1	1	1	1	5	1	1	2	3	1	4	4	1	4	3	3	5	2	2	3	1	2	5	3	3	4	1	3	5	5	3	5	5	4
AT5G42765	2	5	3	1	3	5	4	2	1	1	3	1	3	3	5	2	1	2	5	1	2	1	2	4	3	4	2	4	5	4	4	3	1	2	4	3	5	4	4	4	1	3	5	4	2	1	3	1	1	2	4	3	4	4	4	1	2	5	1	5	5	2	3	2	1	3	5	5	5	3	4	4	5	4	5	4	3	5	4	3	4	1	1	5	4	1	3	4	3	4	4	3	3	1	4	3	1	4	2	3
AT1G16880	1	5	3	1	3	4	4	4	1	2	3	1	3	3	5	2	3	2	5	1	2	1	2	4	3	4	2	4	5	4	4	1	1	2	3	3	5	4	4	4	1	2	5	4	2	1	3	1	2	2	2	2	4	4	4	4	2	5	5	5	5	2	2	4	5	3	5	5	3	3	4	4	5	4	5	3	3	5	4	3	4	1	1	5	3	2	3	4	3	4	2	3	3	1	4	2	1	4	3	3
AT1G14345	1	5	3	1	3	4	4	4	1	2	3	1	3	3	5	2	3	2	5	1	2	1	2	4	3	4	2	4	5	4	4	1	1	2	3	3	5	4	4	4	1	2	5	4	2	1	3	1	1	2	2	2	4	4	4	4	2	5	5	5	5	2	3	4	5	3	5	5	3	3	4	4	5	4	5	3	3	5	4	3	4	1	1	5	3	2	3	4	3	4	2	3	3	1	4	2	1	4	3	3
AT1G66670	2	5	3	1	3	5	4	2	1	2	3	1	3	3	5	2	3	2	5	1	2	1	2	4	3	4	2	4	5	4	4	3	1	2	4	3	5	4	4	4	1	3	5	4	2	1	3	1	1	2	4	3	4	4	4	1	2	5	1	5	5	2	3	2	1	3	5	5	5	3	4	4	5	4	5	4	3	5	4	3	4	1	1	5	4	1	3	4	3	4	2	3	3	1	4	3	1	4	2	3
