term_id	sign_score	level	annotation_gene	start_time	end_time	geneSize	time_size
490	0.859	1	817176,818766,821051,823899,828697,829834	57	69	6	13
848	0.8056	1	817176,821051,829834,828697,818766,820665	68	77	6	10
977	0.4066	2	838259,844378,816394,817467,821483,829438,834232	72	84	7	13
902	0.3792	2	844378,816394,817467,829438,834232	69	84	5	16
1030	0.3356	1	841919,842830,817174,821657,831888,830593,830699,835320	73	90	8	18
1775	0.3333	1	842103,844378,816394,817467,821483,829438,834232	91	102	7	12
968	0.33	1	839566,837996,838259,844378,816394,817467,821483,829438,834232	72	82	9	11
888	0.3117	1	841919,842830,817174,821657,831888,830593,830699	69	79	7	11
368	0.3056	1	817196,824770,841033,842830,843491,844245	54	63	6	10
1787	0.3037	2	842103,844378,816394,817467,829438,834232	91	105	6	15
994	0.2967	1	816394,817467,829438,834232,844378,821483,838259,837996,839566,843095	73	82	10	10
900	0.2925	1	839566,837996,844378,816394,817467,829438,834232	69	82	7	14
338	0.2727	2	841033,842830,843491,817196,824770	53	63	5	11
643	0.269	1	841919,817174,821657,831888,830593,830699	61	79	6	19
231	0.2172	1	841033,842830,843491,817196,823814,824770	50	60	6	11
1264	0.2167	1	816394,817467,838259,837996,843095,839566	79	88	6	10
1342	0.2167	1	816394,817467,837996,843095,839566,838259	81	90	6	10
335	0.2111	1	817196,824770,841033,843491,842830,828917	53	62	6	10
1590	0.2	1	816394,817467,837996,842103,838362,839566	87	96	6	10
1412	0.1889	1	816394,817467,837996,842103,839566,843095	83	92	6	10
506	0.1602	1	839392,838250,841919,817174,821657,831888,830593	58	68	7	11
483	0.1574	1	839392,838250,841919,817174,821657,830593	57	68	6	12
1961	0.15	1	820041,838259,834232,842103,837996,839566	97	106	6	10
1136	0.1444	1	816692,829966,841467,843110,827727,843827	76	85	6	10
1393	0.1435	1	841467,843110,843827,816692,827727,829966	82	93	6	12
1957	0.1429	1	817174,841919,830593,821657,835320,831888,828917	97	106	7	10
301	0.14	1	816768,831888,828917,838851,821143,3770591,830593,817467,840144,838259	52	61	10	10
1519	0.1381	2	838259,817499,817620,820041,830754	85	98	5	14
1614	0.1333	3	838259,843095,817499,817620,820041	87	99	5	13
1398	0.1282	2	841467,843110,816692,827727,829966	82	94	5	13
525	0.1179	1	817174,831888,821657,830593,830699,841919,838250,839392,822205,836393,839642,841920,837040	59	68	13	10
696	0.1162	1	841558,843903,822132,822517,827307,835320	63	73	6	11
1604	0.1157	2	838259,843095,817499,817620,820041,830754	87	98	6	12
946	0.1111	1	838851,841558,843903,820827,822517,827307,828884	71	82	7	12
991	0.1111	1	814643,827727,816692,829966,841467,843827	73	82	6	10
833	0.1082	2	838851,841558,843903,820827,822517,827307,828884	67	77	7	11
723	0.1048	1	822132,843903,822517,841558,827307,835320,841468	64	73	7	10
1505	0.1032	1	839433,838259,817499,817620,819107,820041,830754	85	96	7	12
491	0.094	4	838362,841467,841892,843110,816692,829966	57	69	6	13
1707	0.0926	4	839433,838259,843095,816545,817499,820041	89	103	6	15
829	0.0917	1	820827,822517,841558,843903,827307,838851,823831,828884	67	76	8	10
1584	0.0917	1	817499,830754,843095,817620,820041,838259,819107,839433	87	96	8	10
476	0.0909	2	838362,841467,841892,842833,843110,843827,816692,829966	57	67	8	11
1193	0.0909	1	838807,841558,820827,822517,827307,835398,836043	77	87	7	11
437	0.0889	1	821657,830593,841919,822132,823831,830754	56	65	6	10
808	0.088	1	838851,841558,843903,820827,822517,827307	66	77	6	12
1759	0.0866	1	838362,841467,841892,843110,843827,816692,827727	91	101	7	11
531	0.0833	1	820041,821143,837996,843095,3770591,828884	59	68	6	10
1443	0.0833	1	814643,842833,838779,818316,816692,843110,843827,827727,829966,841467	84	93	10	10
1689	0.0833	2	839433,838259,843095,816545,817499,817620,819107,820041	89	99	8	11
892	0.0808	1	838807,841558,820827,822517,828884,836043	69	79	6	11
1504	0.0794	1	838851,841892,843903,822132,822517,828884,836043	85	96	7	12
1097	0.0788	2	838362,839566,817499,817620,818343	75	85	5	11
1509	0.0787	1	838807,841558,820827,823831,827307,835398	85	96	6	12
1671	0.0778	1	816545,819107,839433,817620,820041,817499,843095,838259,830754	89	98	9	10
669	0.0769	3	816545,817499,818343,821143,820041,820741,834232	62	74	7	13
1701	0.0769	3	839433,838259,843095,816545,817499,819107,820041	89	101	7	13
660	0.0758	2	839566,843095,816545,817499,817620,818343,821143,820041,820741,834232	62	72	10	11
1452	0.0758	2	838779,841467,842833,843110,814643,816692,827727,829966	84	94	8	11
487	0.0754	3	838362,841467,841892,842833,843110,816692,829966	57	68	7	12
1773	0.0741	2	838362,841467,841892,843110,816692,827727	91	102	6	12
690	0.0697	1	816545,817499,820741,834232,821143,3768499,817620,818343,820041,839566,843095	63	72	11	10
1768	0.0694	1	818069,818822,826914,831472,832247,835398	91	102	6	12
602	0.0667	1	824970,829995,838984,830101,830754,835320	61	70	6	10
702	0.066	2	3768499,816545,817499,818343,821143,820041,820741,834232	63	74	8	12
1043	0.0657	2	838362,839566,837996,843095,817620,818343	74	84	6	11
1821	0.0648	2	839433,839566,837996,838259,843095,816545,817499,820041,830754	92	103	9	12
1518	0.0641	2	838851,843903,822132,822517,828884,836043	85	97	6	13
566	0.0633	1	816545,838455,820741,837974,817499,817620,839566,818343,833471,828884	60	69	10	10
1039	0.0619	1	817620,838362,818343,839433,837996,839566,843095	74	83	7	10
1078	0.0619	1	817499,818343,817620,838362,837996,839566,843095	75	84	7	10
624	0.0617	3	839566,843095,816545,817499,817620,818343,821143,820041,820741	61	72	9	12
554	0.0615	2	839566,838455,816545,817499,817620	59	71	5	13
780	0.0598	4	839433,844343,816545,817499,821143,820041,820741,831861,832057	65	77	9	13
1467	0.0598	1	839433,817499,817620,819107,820041,830754	84	96	6	13
1793	0.0571	1	818069,826914,831472,832247,818822,835398,833471	92	101	7	10
1798	0.0567	1	816545,839433,838259,819107,817499,843095,820041,839566,837996,830754	92	101	10	10
1777	0.0564	3	838362,841467,843110,816692,827727	91	103	5	13
1930	0.0564	3	839930,816651,818300,830699,836393	95	107	5	13
464	0.0556	1	816651,844230,818316,839642,816692,841467,838362,829966,842833,841892,843110,843827	57	66	12	10
596	0.0556	3	839566,816545,817499,817620,818343,820741	60	72	6	13
635	0.0556	4	816545,817499,818343,821143,820041,820741	61	75	6	15
649	0.0548	1	816545,820741,817499,837974,838455,834232,818343,839566,833471,817620,3770591,820041,843095,821143	62	71	14	10
442	0.0542	1	814643,836393,824524,3768499,838779,841892,843110,843827	56	65	8	10
1879	0.0515	1	816545,839433,817499,843095,838259,839566,819107,831861,820041,837996,830754	94	103	11	10
641	0.051	5	816545,817499,821143,820041,820741	61	77	5	17
1833	0.05	1	818069,826914,831472,841652,818822,832247,841468,835398	93	102	8	10
1137	0.0476	1	817499,833471,839642,818343,838362,817620,839566	76	85	7	10
614	0.0466	2	839566,837974,838455,843095,816545,817499,817620,818343,821143,820041,820741,3770591,833471	61	71	13	11
224	0.0444	1	821143,834286,830593,831888,841447,838851	50	59	6	10
548	0.0444	2	837996,843095,821143,820041,3770591	59	70	5	12
740	0.0444	3	844010,844343,831861,831151,832057	64	75	5	12
1878	0.0444	1	814643,829966,843747,839392,841920,824524,837040,830128,830699,820827,822132,839930	94	103	12	10
750	0.0437	4	839433,816545,817499,821143,820041,820741	64	77	6	14
1919	0.0433	2	839930,816651,818300,831910,830699,833471,836393	95	105	7	11
1637	0.0429	1	822132,822517,828884,836043,843903,838807,838851	88	97	7	10
448	0.0404	2	841652,844010,844264,818069,820176,820211,822266,827001,835320	56	66	9	11
579	0.0404	1	837996,843095,3768499,821143,820041,3770591	60	70	6	11
588	0.0401	2	839566,837974,838455,816545,817499,817620,818343,820741,833471	60	71	9	12
601	0.04	1	816545,820741,837974,838455,817499,839566,817620,818343,833471,820041,843095,3770591,821143,3768499,837996	61	70	15	10
196	0.0397	3	838362,838672,816692,818316,822132,828489,830699	49	60	7	12
1897	0.0397	1	838250,838672,838779,841892,842833,844230,818316	94	105	7	12
530	0.0396	1	814643,816651,844230,818316,824524,838672,841900,838779,842833,843747,816692,841467,843110,841892,829966,838362	59	68	16	10
771	0.0394	3	839433,837974,844010,844343,816545,817499,819107,821143,820041,820741,831861,832057	65	76	12	12
524	0.0389	1	816545,817499,839566,817620,838455,3768499	59	68	6	10
1869	0.0389	1	816692,841467,843827,843110,827727,838362	94	103	6	10
365	0.0375	5	838362,841467,842833,816692,829966	53	68	5	16
1895	0.037	3	839392,837040,841920,814643,824524,830128	94	105	6	12
1098	0.0364	2	837778,844343,825714,831151,832136	75	85	5	11
1273	0.0364	2	839433,818343,819107,820041,833471	79	89	5	11
1972	0.0359	1	816692,838362,841467,843110,843827,818316,842833,844230,838779,820827,838672,841892,838250	98	107	13	10
1786	0.0356	3	839392,837040,841920,814643,830128	91	105	5	15
1916	0.0337	2	838250,838672,838779,841892,842833,844230,818316,820827,827727	95	105	9	11
435	0.0333	1	818069,841652,820176,822266,820211,827001,844010,830157,843048,835320,844264	56	65	11	10
573	0.0333	1	822517,836043,838851,827307,838807,841558,830754,842103	60	69	8	10
1382	0.0333	1	816270,831861,832057,837778,844010,844343	82	91	6	10
277	0.0324	1	838807,842103,820741,829730,832247,835320	51	62	6	12
744	0.0321	3	839433,837974,816545,817499,819107,821143,820041,820741	64	76	8	13
758	0.032	1	816270,844343,817221,831151,833471,832057,819107,844010,818731,828489,835355,3770591,838455,833979,816545,817499,821143,820741,831861,837974,839433,818343,820041,834232,3768499	65	74	25	10
732	0.032	1	839433,837974,838455,3768499,816545,817221,817499,818343,818731,819107,821143,820041,820741,828489,3770591,833471,834232,835355	64	74	18	11
188	0.0303	2	838362,838672,838779,816692,817620,818316,822132,828489,830699	49	59	9	11
308	0.0303	2	838851,816768,821143,3770591,831888	52	62	5	11
585	0.0303	2	838807,838851,842103,822517,836043	60	70	5	11
733	0.0303	2	844010,844343,831861,831151,832057,833979	64	74	6	11
1903	0.03	1	818316,838672,838250,844230,820827,827727,838779,842833,841892,838362	95	104	10	10
1107	0.0299	3	838151,839869,840894,820775,830128,835375	75	87	6	13
1111	0.0299	4	839433,837974,816545,820041,823859,3770591	75	87	6	13
1980	0.0298	1	814643,816651,824524,836393,839392,839930,841920,837040,818300,830699,831910,818633,840006,844283,829966,843747,830128,822205,839642	98	107	19	10
728	0.0286	1	831151,833979,832057,844010,831861,843596,844343	64	73	7	10
1522	0.0286	2	841468,816768,818069,831472,832070	85	98	5	14
332	0.0282	1	816651,842833,841467,836393,844230,816692,818316,838672,838362,830699,829966,839642,843747	53	62	13	10
609	0.0278	1	822517,838807,843903,836043,842103,838851	61	70	6	10
761	0.0278	1	820827,822517,843903,841558,822132,841468	65	74	6	10
1052	0.0278	3	837974,816270,816545,818731,819107,820041	74	85	6	12
1085	0.0278	1	820741,825714,831151,832136,837778,844343	75	84	6	10
1138	0.0278	1	825714,844343,832136,837778,830157,831151	76	85	6	10
1267	0.0278	1	817499,818343,839433,819107,820041,833471	79	88	6	10
1305	0.0278	1	818343,839433,833471,3770591,819107,820041	80	89	6	10
1784	0.0278	2	839392,837040,841920,814643,829966,830128	91	104	6	14
1830	0.0278	3	838250,838672,838779,842833,844230,818316	92	105	6	14
1858	0.0278	2	839392,837040,841920,843747,814643,829966,830128	93	104	7	12
1882	0.0278	1	818899,838079,841447,824970,822055,835375,838151,828595,825208,831122,837265,835398	94	103	12	10
765	0.0275	2	839433,837974,838455,844010,844343,816270,816545,817221,817499,818343,818731,819107,821143,820041,820741,828489,3770591,831861,831151,832057,833471,835355	65	75	22	11
1126	0.0275	4	838151,839869,840894,820775,835375	75	91	5	17
1909	0.0273	1	816651,839930,831910,836393,818300,830699,822205,822132,818731,820775,833471	95	104	11	10
1886	0.0265	2	839392,837040,841920,843747,814643,824524,829966,830128	94	104	8	11
1253	0.0262	3	838672,841468,841892,816768,818069,824970,829995,831472,831528,832070	78	91	10	14
409	0.026	1	839392,838021,840006,841920,817174,818903,823859	55	65	7	11
1186	0.026	2	838151,839869,840894,816936,820775,830128,835375	77	87	7	11
1258	0.0259	4	841468,818069,824970,829995,831472,832070	78	92	6	15
1565	0.0256	2	841468,841652,816768,818069,831472,832070	86	98	6	13
657	0.0253	1	841447,818899,820775,826914,831528,835398	62	72	6	11
1236	0.0253	2	841652,842103,844264,844283,828595,830128	78	88	6	11
1322	0.0253	3	838672,841468,841892,816768,818069,824524,824970,829995,831472,831528,832070	80	91	11	12
906	0.025	1	817272,820211,830157,838021,841984,832454,838364,842985	70	79	8	10
1970	0.0248	1	839392,837040,839930,840006,841920,816651,818300,818633,824524,830699,836393	97	107	11	11
790	0.0246	1	816270,817221,818731,828489,833471,831151,3770591,835355,838455,837778,816545,820741,817499,821143,831861,832057,839433,837974,844010,819107,844343,820041,818343	66	75	23	10
535	0.0242	2	841984,844343,817646,830157,832057	59	69	5	11
405	0.0238	1	817272,825714,827727,831377,831861,844343,832057,837778,841984,842985,834286,817646,844264,835320	55	64	14	10
1101	0.0238	3	839433,837974,816545,819107,820041,823859,3770591	75	86	7	12
1152	0.0238	3	839433,837974,816545,820041,823859,3770591,836393	76	87	7	12
1608	0.0238	2	841468,841652,816768,818069,831472,832070,832247	87	98	7	12
1579	0.0233	2	838250,838779,842833,844230,818316	86	105	5	20
185	0.0231	1	816692,817620,818316,822132,833471,838362,838672,838779,820827,820775,830699,828489,831888	49	58	13	10
739	0.0226	2	839433,837974,838455,816545,817221,817499,818343,818731,819107,821143,820041,820741,828489,3770591,833471,835355	64	75	16	12
571	0.0222	1	818899,831528,826914,841447,830101,835398	60	69	6	10
1653	0.0222	3	841652,816768,818069,831472,833471	88	99	5	12
1514	0.022	1	841468,816768,818069,824970,829995,831472,832070	85	97	7	13
1044	0.0216	2	837974,816270,816545,818731,819107,820041,833471	74	84	7	11
1765	0.0216	1	837778,844343,816270,817620,818343,831861,832057	91	101	7	11
1239	0.0208	2	838079,838672,841468,841892,816768,818069,824970,826914,829995,831472,831528,832070	78	89	12	12
1556	0.0208	1	841468,841652,816768,818069,824970,829995,831472,832070	86	97	8	12
1844	0.0205	1	814643,829966,843747,841920,837040,839392,818316,830128,838672,838250,844230,838779,842833	93	102	13	10
1091	0.0202	2	839433,837974,816270,816545,818731,819107,820041,823859,3770591	75	85	9	11
1092	0.0202	1	817646,831861,831910,831377,832057,835355	75	85	6	11
1314	0.0202	2	838672,841468,841892,816768,818069,824524,824970,829995,831472,831528,832070,835431	80	90	12	11
1776	0.0202	1	839392,837040,838250,838779,841920,842833,844230,814643,818316,829966,830128	91	102	11	12
1814	0.0202	2	839392,837040,838250,838672,838779,841920,842833,844230,814643,818316,829966,830128	92	102	12	11
1558	0.0198	2	837778,844343,816270,816545,818343,831861,832057	86	97	7	12
434	0.0194	1	816651,844230,818316,839642,816692,829966,842833,838362,841467,838672,841900,843747	56	65	12	10
1656	0.0194	2	837040,838250,838779,841892,841920,842833,844230,814643,818316,829966	88	99	10	12
317	0.0192	3	837778,842985,844264,817272,817646,825714,827727,831861,831377,832057,834286,835320	52	64	12	13
689	0.019	1	824970,829995,830101,836043,842103,838807,838851	63	72	7	10
783	0.019	5	816545,817499,821143,820741,832057	65	78	5	14
852	0.019	1	816768,820775,832247,837265,840894,822055,838151	68	77	7	10
1301	0.019	1	816768,824970,841892,838672,818069,831472,826914,829995,831528,838079,824524,835431,832070,841468	80	89	14	10
1141	0.0189	2	839433,837974,816545,819107,820041,823859,3770591,836393	76	86	8	11
1540	0.0189	1	837778,844010,844343,816270,816545,818343,831861,832057	86	96	8	11
356	0.0185	4	838362,839642,841467,842833,844230,816651,816692,818316,829966	53	66	9	14
546	0.0185	1	839433,817221,818731,819107,834232,835355	59	70	6	12
686	0.0185	1	816936,839869,818899,826914,820775,841447,831122,831528,835398	63	72	9	10
1038	0.0185	1	816270,816545,837974,817499,819107,820041,817221,818731,833471	74	83	9	10
1225	0.0185	1	816270,816545,837974,823859,836393,828489,820041,3770591,839433	78	87	9	10
436	0.0182	1	817174,839392,841920,818903,840006,823859,838021,822205,835431,829283,837040	56	65	11	10
544	0.0182	2	838807,841558,842103,827307,830754	59	69	5	11
736	0.0182	2	841468,841558,843903,822132,822517	64	74	5	11
1628	0.0182	1	814643,818316,841920,843747,829966,842833,838779,841892,837040,844230,838250	88	97	11	10
350	0.0179	3	838362,838672,839642,841467,842833,844230,816651,816692,818316,829966	53	65	10	13
380	0.0177	2	838362,838672,839642,841467,841900,842833,844230,816651,816692,818316,829966	54	65	11	12
1170	0.0174	3	841892,824970,829995,831472,831528,832070	76	91	6	16
1575	0.0174	3	837778,844343,816270,818343,831861,832057	86	101	6	16
186	0.0167	1	820741,832247,838807,835320,841892,841919	49	58	6	10
1221	0.0167	1	816546,824937,832454,827830,816936,820775,835375,838151,839869,840894,828595,842103,830128,841652,844264,844283	78	87	16	10
1228	0.0167	1	820211,827564,838021,830157,831151,830754	78	87	6	10
1711	0.0167	1	822132,822517,838807,836043,843903,838851	90	99	6	10
1716	0.0167	1	816768,818069,841652,818822,831472,833471	90	99	6	10
593	0.016	2	841984,844010,844343,817646,818633,825714,830157,832454	60	72	8	13
1215	0.0159	3	841892,816768,824970,829995,831472,831528,832070	77	91	7	15
572	0.0154	1	816546,818069,827001,829730,834212,818300,837179,818672,821840,824937,822055,837265,827830	60	69	13	10
1792	0.0154	1	814643,829966,841920,837040,818316,830128,838250,844230,838779,842833,824524,839392,838672	92	101	13	10
655	0.0152	1	841984,843596,843810,844010,844343,817646,818633,825714,830157,832454	62	72	10	11
1079	0.0152	1	816270,816545,818731,837974,819107,820041,839433,823859,3770591,833471,839642	75	84	11	10
1268	0.0152	1	816651,828595,844264,822205,821840,837179,824699,830128,841652,842103,844283	79	88	11	10
1645	0.0152	2	841468,841652,816768,818069,831472,832070,832247,833471	88	98	8	11
1719	0.0152	1	814643,829966,841920,818316,837040,844230,838250,838362,838779,842833,841892	90	99	11	10
1257	0.0148	4	838151,840894,816546,820775,832454,835375	78	92	6	15
1633	0.0148	1	816270,844343,818343,837778,832057,816545,831861,819107,839433	88	97	9	10
334	0.0143	1	817174,818822,839392,838021,824524,841920,838779	53	62	7	10
534	0.0143	1	817272,837778,817646,830157,832057,841984,844343	59	68	7	10
1133	0.0143	1	820211,827564,830754,831832,833979,838021,841843	76	85	7	10
1130	0.0139	1	816270,828489,818731,836393,821143,816545,837974,820041,839433,823859,3770591,819107	76	85	12	10
1100	0.0135	1	837265,838151,839869,840894,841447,818300,818822,818899,818903,820775,822055,826914,827001,827830,830128,831122,832247,835375	75	85	18	11
397	0.0133	4	841652,818069,820176,820211,827001	54	68	5	15
562	0.0133	1	817646,830157,825714,844010,844343,818633,831910,832454,832057,841984	60	69	10	10
1037	0.0133	1	816768,818899,841447,818822,826914,830128,827001,831122,832247,840894	74	83	10	10
1103	0.0131	2	837265,838151,839869,840894,841447,818300,818822,818899,818903,820775,822055,826914,827001,830128,831122,832247,835375	75	86	17	12
200	0.0128	2	844283,817174,824524,828577,831910,835431	49	61	6	13
370	0.0128	1	816651,818316,838672,841900,844230,842833,816692,829966,839642,841467,838362,836393,843747	54	63	13	10
458	0.0128	3	841652,844264,818069,820176,820211,827001	56	68	6	13
1060	0.0128	3	837265,838151,839869,818300,818903,820775,822055,835375	74	86	8	13
340	0.0126	2	838362,838672,839642,841467,842833,843747,844230,816651,816692,818316,829966,836393	53	63	12	11
336	0.0125	1	816768,838851,820775,833471,821143,3770591,838455,831888,818300,818899,822055,820176,844010,830157,818633,844378	53	62	16	10
1081	0.0125	1	824524,835431,842103,829995,831528,830101,841892,831472	75	84	8	10
379	0.0123	2	838851,824970,825208,826914,830101,831122,835375,835398,836043	54	65	9	12
1057	0.0123	2	837265,838151,839869,818300,818903,820775,822055,827830,835375	74	85	9	12
1313	0.0121	2	838021,820211,829283,830157,833979	80	90	5	11
1597	0.0121	1	838079,841447,841468,841652,816768,818069,818822,818899,824970,826914,829995,831472,831528,832070,832247	87	97	15	11
684	0.0119	1	817646,841984,832454,818633,831910,837778,843596,843810,844010,844343,825714,830157,836393,841843	63	72	14	10
920	0.0119	1	837040,838779,841920,842833,844230,814643,827727	70	81	7	12
1254	0.0119	3	838151,839869,840894,816546,820775,824937,832454,835375	78	91	8	14
1289	0.0119	3	838151,839930,840894,816546,820775,825208,832454,835375	79	92	8	14
606	0.0118	1	814643,844230,842833,838362,841892,816651,818316,824524,838672,838779,841900,822205,838250,839392,837040,841920,843747	61	70	17	10
711	0.0114	1	839392,838250,838779,841892,816651,818316,822205,824524,827727	63	75	9	13
1059	0.0114	2	840894,841447,818822,818899,826914,827001,830128,831122,832247	74	86	9	13
1248	0.0114	2	838151,839869,840894,816546,820775,824937,827830,832454,835375	78	90	9	13
215	0.0111	2	839433,843596,843810,817221,818343	49	66	5	18
418	0.0111	2	816768,825208,831122,835375,835398	55	66	5	12
551	0.0111	3	839392,837040,838250,841920,822205	59	70	5	12
840	0.0111	3	838455,816546,818599,831377,835355	67	78	5	12
1178	0.0111	1	816270,828489,818731,817221,818599,3768499,821143,831861,832057	77	86	9	10
1526	0.0111	1	837040,838250,841920,844230,818316	85	102	5	18
1693	0.0111	2	818633,818731,823859,827564,828489	89	100	5	12
1743	0.0111	1	818633,818731,828489,823859,827564,836393	91	100	6	10
1926	0.0111	1	841447,841652,818069,826914,832070	95	106	5	12
1140	0.0106	1	816768,825208,818822,826914,838672,818300,818903,838151,839869,820775,835375,837265,822055,818899,841447,831122,832247,840894,827001,830128,838079,827830	76	85	22	10
1143	0.0106	2	837265,838079,838151,838672,839869,840894,841447,818300,818822,818899,818903,820775,822055,825208,826914,827001,830128,831122,832247,835375	76	86	20	11
1179	0.0106	1	816936,818300,818903,820775,835375,838151,839869,840894,837265,827001,832247,841447,831122,822055,818899,838079,818822,826914,839930,825208,830128,838672	77	86	22	10
391	0.0103	3	838851,824970,826914,830101,836043	54	66	5	13
1288	0.0103	2	838151,839869,839930,840894,816546,820775,824937,825208,832454,835375	79	91	10	13
1327	0.0103	3	838151,839930,840894,841652,844264,816546,820775,825208,832454,835375	80	92	10	13
1399	0.0103	1	840894,816546,820775,830101,832454	82	94	5	13
768	0.0101	2	837265,838151,840894,816768,822055,832247	65	75	6	11
305	0.01	1	817174,818822,824524,841920,828213,828595,828577,844283,835431,831910	52	61	10	10
1839	0.01	1	816768,823831,828884,822517,841558,827307,836043,838807,843903,838851	93	102	10	10
527	0.0095	1	822132,830754,827307,838807,842103,841558,841534	59	68	7	10
796	0.0095	1	816768,832247,820775,840894,822055,838151,837265	66	75	7	10
1303	0.0095	1	820211,829283,833979,831151,831832,830157,838021	80	89	7	10
1343	0.0095	1	820211,829283,841900,838021,830157,833979,841843	81	90	7	10
1281	0.0093	1	838151,839869,839930,840894,816546,818300,820775,824937,825208,827830,832454,835375	79	90	12	12
1324	0.0093	2	838151,839869,839930,840894,841652,844264,816546,820775,824937,825208,832454,835375	80	91	12	12
189	0.0089	1	839392,838984,841467,841920,842833,844230,844283,816651,817174,824524,828213,828577,828595,830128,831910,835431,836393	49	59	17	11
433	0.0089	1	816768,825208,831122,835375,835398,818300,821840,824970,829995,841447,822517,826914,830101,838851,836043	56	65	15	10
1024	0.0089	2	841892,829995,830101,831472,831528	73	87	5	15
1576	0.0087	1	837040,838250,838779,841920,842833,844230,814643,818316,829966	86	102	9	17
406	0.0087	1	838851,841447,816768,818300,821840,824970,825208,826914,829995,830101,831122,835375,835398,836043	55	65	14	11
542	0.0087	2	839392,837040,838250,839642,841920,822205,836393	59	69	7	11
1810	0.0087	1	838807,838851,841558,843903,822517,827307,836043	92	102	7	11
779	0.0085	4	839642,816546,818599,823859,831832,831377	65	77	6	13
526	0.0083	1	816546,831832,838364,818069,841652,844264,827001,834212,820176,820211,832136,827564	59	68	12	10
880	0.0083	1	816270,833471,837974,817221,821143,816545,837778,817499,832057,819107,844010,820741	69	78	12	10
1040	0.0083	1	816936,824937,835375,820775,837265,822055,818300,839930,827830,818903,838151,839869	74	83	12	10
1345	0.0083	1	816546,824937,832454,841652,820775,835375,838151,839869,840894,825208,839930,827830,818300,828595,844264,844283	81	90	16	10
1631	0.0083	1	816768,818069,841652,841468,818822,832247,831528,833471,818899,824970,826914,829995,838079,841447,831472,832070	88	97	16	10
507	0.0083	1	838364,841652,844264,816546,818069,820176,820211,827001,831832,832136,834212	58	68	11	11
1315	0.0081	1	838151,839869,839930,840894,841652,844264,816546,818300,820775,824937,825208,827830,828595,832454,835375	80	90	15	11
1226	0.008	1	816768,818300,818822,818899,818903,822055,831122,841447,837265,827001,832247,839930,825208,838079,826914,829995,841892,824970,831472,831528,832070,830101,838672,818069,841468	78	87	25	10
421	0.0079	2	838851,841447,824970,826914,829995,830101,836043	55	66	7	12
775	0.0079	3	839642,816546,817646,818599,823859,831832,831377	65	76	7	12
811	0.0079	2	839642,816546,818599,823859,831832,831377,833979	66	77	7	12
1102	0.0079	2	841892,824524,829995,830101,831472,831528,835431	75	86	7	12
1153	0.0079	2	841892,824970,829995,830101,831472,831528,832070	76	87	7	12
1429	0.0079	3	838079,841652,818822,818899,826914,831528,832247	83	94	7	12
212	0.0078	1	839433,841843,843596,843810,816270,817221,818343,831151,833979,834232	49	65	10	17
371	0.0078	1	816270,817272,825714,827727,831151,831377,831861,832057,833471,833979,834232,834286,837778,842985,844264,817646,844010,843048,841652,834212,831832,830157,827001,820211,820176,818069,822266,822517,841843,839433,818343,817221,835320,843810,843596,838364,838151,832247,824699,816546,829730,836043,835398,835375,831122,825208,838851,830101,839869,837265,822055,820775,818899,818672,826914,824970,841534,832070,818633,841892	54	63	60	10
307	0.0076	1	844010,844378,818300,818633,818899,820176,822055,830157	52	62	8	11
450	0.0076	2	838851,841447,822517,824970,826914,829995,830101,836043	56	66	8	11
805	0.0076	1	839642,816546,817646,818599,823859,831832,831377,833979	66	76	8	11
859	0.0076	2	838455,843596,816546,818599,818633,825714,827564,828577,831910,831377,832136,835355	68	78	12	11
1192	0.0076	2	841892,816768,824970,829995,830101,831472,831528,832070	77	87	8	11
1424	0.0076	2	838079,841652,816768,818822,818899,826914,831528,832247	83	93	8	11
218	0.0074	2	841652,818069,820211,822266,827001	49	66	5	18
389	0.0073	3	841652,844010,818069,820176,820211,822266,827001	54	66	7	13
1110	0.0073	3	838364,840006,842985,843048,817272,818633,828577	75	87	7	13
312	0.0071	2	839433,837265,837778,838151,838364,839869,841534,841652,841843,841892,842985,843048,843596,843810,844264,816270,816546,817221,817272,817646,818069,818343,818672,820211,822266,822517,824699,824970,825208,825714,826914,827001,827727,829730,830101,831861,831832,831122,831151,831377,832057,832070,832247,833979,834212,834232,834286,835320,835375,835398,836043	52	63	51	12
221	0.007	2	841843,816270,831151,833979,834232	49	67	5	19
222	0.007	2	837778,842985,817272,817646,825714	49	67	5	19
1900	0.0069	1	841652,816936,818069,826914,829995,831472,831528,832070	94	105	8	12
836	0.0067	2	838455,839642,816546,818599,823859,831832,831377,833979,835355	67	77	9	11
1142	0.0067	1	841892,824524,824970,829995,830101,831472,831528,832070,835431	76	86	9	11
1177	0.0067	1	816768,829995,841892,824524,835431,824970,832070,830101,831528,831472	77	86	10	10
1974	0.0067	1	820211,823859,832136,829283,833979,841900,841843,821143,822266,842985	98	107	10	10
211	0.0065	1	841652,843048,818069,820211,822266,827001	49	65	6	17
854	0.0063	1	816546,818599,831377,835355,838455,818633,828577,832136,831910,843596,823859,839642,831832,833979,825714,827564	68	77	16	10
381	0.0062	2	841652,843048,844010,818069,820176,820211,822266,827001,830157	54	65	9	12
754	0.0061	1	816768,835375,832247,825208,827001,816936,822055,837265,838151,824699,840894	65	74	11	10
763	0.0061	2	839642,843596,816546,817646,818599,818633,823859,828577,831832,831377	65	75	10	11
1083	0.0061	1	817272,838364,843596,842985,822266,834286,840006,843048,828213,818633,828577	75	84	11	10
318	0.006	3	824970,825208,826914,830101,831122,835375,835398,836043	52	65	8	14
420	0.0056	3	837778,841984,842985,844343,817272,817646,825714,827727,832057,834286	55	66	10	12
469	0.0056	1	817272,825714,832057,827727,844343,817646,837778,841984,830157,843048,834286,842985	57	66	12	10
471	0.0056	1	822517,838851,836043,826914,830101,824970,829995,841447,832070,841558,842103,843903	57	66	12	10
625	0.0056	2	838151,840894,816768,825208,835375	61	72	5	12
830	0.0056	1	816546,818599,831377,831151,835355,3770591,817646,831832,833979,823859,839642,838455	67	76	12	10
958	0.0056	1	816270,819107,816545,830754,837778,844010	72	81	6	10
990	0.0056	1	829730,834212,838364,841984,842985,843596	73	82	6	10
1104	0.0056	2	838364,840006,842985,843048,843596,817272,818633,822266,828213,828577	75	86	10	12
1147	0.0056	1	841652,816546,824937,828595,832454	76	87	5	12
1283	0.0056	1	837974,839642,816270,816545,817221,823859,828489,831861,832057,836393	79	90	10	12
1310	0.0056	1	816270,823859,837974,832057,828489,839642,836393,816545,831861,817221,818599,821143	80	89	12	10
1448	0.0056	1	820211,829283,841900,831832,833979,838021	84	93	6	10
1450	0.0056	1	816768,824970,829995,831472,832070,818822,832247,818899,826914,831528,838079,841652	84	93	12	10
1464	0.0056	2	816546,820775,824937,830101,832454	84	95	5	12
1871	0.0056	1	817620,834212,821143,825714,844010,837974	94	103	6	10
1951	0.0056	2	841468,843903,816768,818822,823831	96	107	5	12
1963	0.0056	1	818069,841652,832070,822055,841447,826914	97	106	6	10
886	0.0055	2	837778,837974,844010,816270,816545,817221,817499,819107,821143,820741,833471	69	79	11	11
1317	0.0055	2	837974,839642,816270,816545,817221,818599,823859,828489,831861,832057,836393	80	90	11	11
1411	0.0053	1	816546,816936,838151,820775,830101,827001,831122,835375,839930,818903,825208,832454,840894,844264,816768,818822,818899,826914,832247,841652,838079,822055,837265,841447,831528	83	92	25	10
219	0.0053	1	837778,842985,817272,817646,825714,827727,832057	49	66	7	18
492	0.0051	1	841843,816270,818599,831151,833979	57	69	5	13
747	0.0051	1	839642,817646,818599,823859,831377	64	76	5	13
757	0.0051	1	816546,837778,843596,823859,831377,817646,818599,828577,831832,818633,839642,832454,841984	65	74	13	10
1347	0.0051	1	816270,832057,831861,816545,817221,823859,818599,828489,836393,839642,837974,833471,3770591	81	90	13	10
1517	0.0051	1	816270,816545,818343,831861,832057	85	97	5	13
302	0.0051	1	816270,817221,817272,817499,817646,818343,820211,824699,825714,827001,827727,830101,831122,831377,831861,832057,833979,834212,834232,837778,838364,839433,841843,842985,843048,844343,843095,837996,816545,839869,822266,839566,832136,827830,824937,821840,834286,844264,841652,838151,836043,835375,831832,831151,825208,822517,818069,816546,841534,837265,832070,826914,824970,818672,841558,841892,829995,831472,827307,820741,829730,842103,835320,832247,841447,843810,843596,837974,838807,843903,820041,835398	52	61	72	10
191	0.0051	1	838250,844010,818300,818899,820176,830157	49	59	6	11
413	0.0051	2	837778,841984,842985,844343,817272,817646,825714,827727,831861,831377,832057,834286	55	65	12	11
582	0.0051	1	839392,837040,838250,841920,843747,822205	60	70	6	11
612	0.0051	1	838151,840894,816768,825208,831122,835375	61	71	6	11
767	0.0051	1	839392,837040,838079,838250,838672,838779,841892,841900,841920,843747,844283,816651,818316,822205,824524,827727,828917,835431	65	75	18	11
998	0.0051	1	841892,824970,829995,830101,831472,831528	73	83	6	11
1195	0.0051	2	3768499,817221,818599,818731,821143,832057	77	87	6	11
1454	0.0051	1	840894,816546,820775,824937,830101,832454	84	94	6	11
1684	0.0051	1	818633,818731,823859,825714,827564,828489	89	99	6	11
1944	0.0051	1	841468,843903,816768,818822,823831,836043	96	106	6	11
