parent	child
0	4134
0	4135
0	4138
0	4139
0	4140
0	4142
0	4147
0	2110
0	2111
0	2112
0	2113
0	2115
0	4172
0	364
0	4270
0	4272
0	4273
0	4274
0	4275
0	4276
0	184
0	185
0	186
0	188
0	190
0	203
0	2262
0	2264
0	2266
0	2267
0	2269
0	276
0	277
0	278
0	279
0	4394
0	4395
0	4396
0	4397
0	4398
0	4401
0	4420
0	2410
0	2412
0	2413
0	2415
0	2416
0	370
0	4522
0	4523
0	4525
0	4526
0	4527
0	449
0	451
0	452
0	2563
0	2564
0	2565
0	2566
0	2567
0	2568
0	2569
0	541
0	542
0	4642
0	4644
0	4645
0	4646
0	553
0	561
0	644
0	647
0	648
0	4750
0	4751
0	656
0	4753
0	2713
0	2714
0	2715
0	4764
0	2717
0	4850
0	4851
0	4854
0	767
0	768
0	769
0	772
0	773
0	2839
0	2840
0	2842
0	2843
0	2845
0	2855
0	2859
0	4943
0	4945
0	4946
0	4947
0	4949
0	910
0	911
0	912
0	913
0	2963
0	2964
0	2965
0	2967
0	2968
0	921
0	5049
0	5050
0	5051
0	5052
0	5055
0	5059
0	3081
0	3083
0	3084
0	3085
0	3086
0	5154
0	5155
0	5156
0	1076
0	1079
0	1080
0	1083
0	1092
0	5242
0	5243
0	5246
0	5247
0	5248
0	5251
0	3234
0	3235
0	3236
0	3237
0	3239
0	3240
0	3241
0	5327
0	5328
0	5329
0	5335
0	1260
0	1261
0	1263
0	1265
0	1266
0	5363
0	1268
0	1269
0	1288
0	5407
0	5409
0	5411
0	3381
0	3383
0	3384
0	3387
0	5436
0	5439
0	3392
0	5484
0	5486
0	5487
0	5490
0	5497
0	5498
0	3451
0	1444
0	1445
0	1447
0	1450
0	1451
0	5556
0	5557
0	5558
0	5560
0	5562
0	5566
0	3527
0	3528
0	3530
0	3531
0	3532
0	3533
0	4006
0	1960
0	4009
0	5626
0	5629
0	5631
0	5632
0	5633
0	5644
0	5692
0	5693
0	5694
0	5695
0	5697
0	5699
0	1619
0	1621
0	1622
0	1623
0	3690
0	3691
0	3692
0	3693
0	5742
0	5743
0	3696
0	3697
0	5741
0	5782
0	5783
0	5784
0	5786
0	5787
0	5788
0	5792
0	5744
0	5826
0	5827
0	5828
0	5831
0	5833
0	5836
0	5853
0	5854
0	5855
0	5857
0	5858
0	5859
0	5860
0	5870
0	5873
0	5874
0	1792
0	1793
0	1794
0	1795
0	1797
0	3858
0	3859
0	3860
0	3861
0	3862
0	3863
0	3866
0	1863
0	1956
0	4005
0	1958
0	1959
0	4008
0	2716
0	4010
5491	5504
5491	5522
4111	4121
2075	2087
4138	4149
4139	4151
4140	4146
4142	4152
4142	4148
4147	4159
4148	4166
4149	4170
4152	4175
2110	2128
2111	2125
2112	2138
2112	2131
2113	2123
2115	2118
2118	2129
2123	2127
2125	2133
2127	2165
4178	4253
2131	2143
4184	4193
2138	2140
3087	3154
2140	2150
5486	5492
5486	5500
2143	2146
4193	4210
2146	2244
2146	2175
2150	2163
5745	5771
2175	2185
4459	4462
5051	5058
4253	4266
4274	4281
2419	2426
4276	4279
4279	4293
184	189
185	191
186	192
188	200
189	197
190	199
192	204
192	206
199	208
200	209
203	217
206	212
206	215
4644	4655
212	216
212	213
213	232
213	221
215	236
215	253
216	220
217	223
220	231
221	242
2274	2278
2275	2288
2276	2284
231	244
4135	4153
2288	2292
244	258
4872	4890
4872	4891
5503	5517
258	259
259	263
5055	5061
276	282
278	288
278	290
279	284
282	292
284	293
3316	3353
288	296
296	298
296	302
298	307
4397	4409
302	305
305	318
307	329
4409	4414
2363	2369
318	330
3693	3705
2369	2370
2370	2386
5744	5745
5744	5747
5744	5748
330	344
5858	5863
2386	2390
344	345
345	349
349	355
4446	4459
5058	5072
4649	4692
4649	4670
2410	2420
364	371
364	373
2416	2419
2416	2421
370	380
371	377
371	374
2420	2427
373	384
2424	2434
2426	2459
380	382
2447	2524
4500	4509
3140	3176
2459	2498
4166	4178
4523	4532
4525	4529
4529	4555
4529	4540
5743	5769
4540	4554
449	455
451	458
451	459
455	460
458	463
459	464
459	469
463	506
463	471
464	468
468	481
469	495
469	540
471	484
4574	4597
4859	4869
5497	5503
4571	4574
4597	4615
2563	2574
2572	2577
4868	4872
541	563
541	567
4642	4664
4645	4649
5694	5698
4664	4675
3497	3502
4675	4679
4679	4701
4692	4700
4700	4727
2655	2664
2664	2666
2666	2686
5596	5620
2686	2690
644	653
644	655
653	735
653	671
4750	4778
4750	4760
655	672
4851	4855
4760	4766
2714	2721
2716	2722
2716	2733
671	688
2722	2746
4891	4919
2733	2734
2746	2775
4425	4463
3533	3535
2775	2796
735	744
3536	3560
744	755
5530	5554
4850	4858
4850	4859
4855	4868
2412	2447
767	777
768	785
5855	5868
772	776
772	790
773	792
5345	5350
785	803
2839	2860
2842	2848
2848	2869
803	820
2855	2856
4910	4920
820	822
2869	2899
822	826
4920	4925
3552	3586
4945	4952
4946	4956
2899	2919
4949	4962
5693	5696
4952	4959
4957	4961
4959	4971
4961	4974
2919	2931
4971	4977
4974	4981
4977	5010
2931	2949
4462	4482
2949	2952
5281	5297
910	924
913	916
5010	5032
916	930
916	942
2965	2971
2968	2969
2968	2974
921	932
921	948
2973	2980
2974	2977
930	934
932	939
2981	2997
934	957
5032	5034
5034	5046
939	950
3570	3580
2997	3036
950	995
957	959
959	1004
3010	3019
3010	3015
5059	5068
5061	5076
3015	3037
5072	5081
3576	3605
5081	5114
4943	4957
3037	3047
3443	3497
4398	4500
2421	2424
3081	3089
3083	3151
3085	3094
3086	3088
3086	3091
3086	3087
3088	3098
3091	3133
3094	3218
2564	2575
3098	3160
3098	3150
5154	5159
4275	4289
1079	1088
1079	1095
1080	1089
1080	1113
1083	1096
3133	3140
5566	5586
5566	5579
1088	1116
1095	1149
5833	5841
3154	3187
3160	3170
1113	1148
2577	2601
2577	2599
5242	5258
5246	5252
5246	5254
5252	5261
4890	4910
4289	4295
5261	5265
5265	5281
3235	3242
3239	3258
3240	3257
3241	3293
2972	2981
4295	4302
5836	5852
5297	5301
5301	5303
5303	5321
5303	5323
3257	3316
4981	5013
5327	5334
5328	5338
5329	5345
5329	5348
4302	4338
5335	5343
5156	5171
3383	3418
3383	3391
2292	2314
5350	5362
1266	1270
1268	1321
2601	2655
5371	5404
2262	2276
1288	1315
5362	5371
2566	2572
2264	2274
3353	3357
2266	2275
5407	5413
5409	5412
5413	5428
3387	3413
3391	3396
3392	3443
3392	3397
3397	3405
4321	4333
5448	5459
3405	3416
3405	3411
3411	3445
3416	3432
3417	3428
3418	3422
4751	4761
4751	4762
3422	3439
3428	3508
3428	3438
5484	5496
5490	5491
2963	2970
5492	5501
2964	2973
5498	5506
5500	5519
5013	5048
5696	5705
5506	5514
5514	5516
2967	2972
5516	5527
5517	5530
4333	4337
5526	5529
5529	5552
1445	1454
1447	1452
1451	1458
1452	1465
1454	1466
1458	1476
1458	1460
1460	1517
5436	5449
5560	5577
1465	1470
1470	1528
5570	5578
3527	3545
3527	3534
3528	3536
3357	3377
3530	3537
3537	3548
3537	3559
5586	5592
5592	5596
2980	3010
2980	2996
3548	3552
3548	3558
3558	3576
3559	3570
3560	3564
3564	3606
1517	1518
5629	5649
5631	5640
5632	5643
5633	5642
5642	5645
5643	5648
5648	5686
5649	5655
3606	3648
5655	5659
5657	5670
5670	5688
3502	3521
2996	3002
5645	5657
2314	2363
5697	5709
5697	5710
5699	5704
5705	5720
5710	5739
4009	4018
1619	1664
1619	1628
1622	1631
1623	1639
5720	5740
1628	1677
5050	5060
4555	4571
5578	5582
1639	1645
3690	3706
3691	3707
5742	5754
5748	5752
5752	5775
3705	3710
3706	3739
1664	1700
5562	5570
5562	5567
3692	3699
1677	1684
5782	5810
5788	5796
5792	5824
5171	5184
5853	5862
5810	5822
5826	5834
5827	5851
5786	5799
5831	5835
5841	5850
5411	5453
5582	5593
5859	5866
5446	5448
1792	1839
1793	1802
3858	3870
3860	3873
3861	3865
3862	3875
3865	3886
3870	3878
3875	3887
3878	3889
4401	4408
3886	3896
1839	1845
5343	5354
1845	1873
3896	3919
3381	3388
5519	5526
4414	4425
4414	4446
5439	5446
3396	3417
4762	4782
4293	4321
1956	1961
1959	1966
1960	1964
1961	1976
1964	1979
1964	1991
1964	2075
4018	4027
4018	4023
4023	4046
1979	1993
1991	2001
1993	2028
1993	1997
4046	4111
5796	5813
4159	4184
5799	5821
5459	5468
