AT2G04030	5	4	1	1	2	5	4	3	5	4	4	3	2	1	2	3	3	5	2	2	1	3	3	5	4	2	3	1	1	4	1	1	5	4	2	3	1	1	1	5	2	5	4	2	5	4	5	1	2	2	5	5	2	2	1	4	4	5	1	3	4	4	1	4	3	4	4	1	2	2	2	5	2	2	2	4	3	2	1	4	5	1	5	4	4	2	2	3	4	1	4	5	2	1	1	4	5	5	1	5
AT5G20140	2	3	5	2	5	4	3	5	1	1	1	1	3	4	4	1	2	3	2	4	4	2	1	3	3	1	5	4	3	5	3	2	3	1	5	4	5	5	4	4	1	4	1	5	3	1	2	3	4	4	3	2	4	1	3	3	2	1	5	5	3	2	3	5	2	2	5	2	3	3	5	4	1	4	1	1	5	3	3	1	1	3	3	1	3	3	3	4	2	5	1	2	3	4	5	5	3	4	5	4
AT5G62720	4	5	4	5	1	3	5	4	3	5	4	2	4	2	3	2	1	2	3	1	5	5	2	1	1	4	4	2	3	2	2	4	4	2	3	2	2	4	5	2	4	1	5	3	2	3	1	5	3	1	4	4	5	5	5	2	5	4	3	1	5	4	4	1	4	5	4	5	5	4	4	5	5	5	5	2	2	5	2	3	4	5	2	2	5	5	1	1	3	3	5	4	4	2	2	3	1	3	4	2
AT4G38100	4	5	4	5	1	3	5	4	3	5	4	2	1	2	3	2	1	2	3	3	5	5	2	1	1	4	4	2	3	2	2	4	4	2	3	2	2	4	5	2	4	1	5	3	2	3	1	5	3	1	4	4	5	5	4	2	5	2	3	1	5	4	4	1	4	5	4	5	5	4	4	5	5	5	5	2	4	5	2	3	4	5	2	2	5	5	1	1	3	3	5	4	4	2	2	3	1	3	4	2
AT5G21430	1	3	5	2	5	4	3	5	2	1	1	1	3	4	4	1	2	3	2	4	4	2	1	3	3	1	5	4	3	5	3	2	3	1	5	4	5	5	4	4	1	4	1	5	3	5	2	3	4	4	3	2	4	1	3	3	2	1	5	5	3	2	3	5	2	2	5	2	3	3	5	4	1	4	1	1	5	3	3	1	1	3	3	1	3	3	3	4	2	2	3	2	3	4	5	5	3	4	5	4
AT3G21055	1	3	5	2	5	4	3	5	4	1	2	1	3	4	4	1	2	3	4	4	4	1	1	4	5	1	5	5	3	1	3	2	3	5	5	5	5	3	2	4	1	4	1	4	3	5	2	2	4	3	3	2	4	1	2	5	2	1	2	5	3	2	3	5	2	3	5	4	1	1	5	4	1	3	4	1	5	3	3	1	1	4	3	1	3	3	3	4	2	2	1	2	1	4	5	5	3	4	3	4
AT4G23890	1	3	5	2	5	4	3	5	1	1	1	1	3	4	4	1	2	3	2	4	4	2	1	3	3	1	5	4	3	5	3	2	3	1	5	4	5	5	4	4	1	4	1	1	3	1	2	3	4	4	3	2	4	4	3	3	2	1	2	5	3	2	3	5	2	2	5	2	3	3	5	4	1	4	1	5	5	3	3	1	1	3	3	1	3	3	3	4	1	2	1	2	3	4	5	5	3	4	5	4
AT4G38380	1	3	5	2	5	4	3	5	1	1	2	1	3	4	4	1	2	3	2	4	4	2	1	3	3	1	5	4	3	5	3	2	3	1	5	4	5	3	4	4	1	4	1	1	3	5	2	3	4	4	3	2	4	1	3	3	2	1	2	5	3	2	3	5	2	3	5	2	3	1	5	4	1	4	1	1	5	3	3	1	1	3	3	1	3	3	3	4	2	2	1	2	3	4	5	5	3	4	5	4
AT4G25910	3	4	2	1	2	5	2	2	5	3	3	4	2	1	2	2	5	5	1	2	1	3	2	5	2	3	2	3	1	4	1	3	2	4	2	3	1	2	3	3	2	2	2	2	5	4	5	1	2	2	5	5	2	5	1	4	4	2	1	3	4	1	1	4	3	4	3	1	4	2	2	2	3	2	3	4	3	2	1	4	5	1	4	4	4	4	2	2	4	1	4	5	2	5	1	4	5	2	4	5
AT2G43010	4	3	4	2	1	3	5	5	1	1	2	2	4	4	4	1	1	3	3	1	4	5	1	1	1	4	5	2	3	5	3	4	3	2	3	2	5	5	4	4	1	4	5	1	2	1	2	5	4	3	3	2	4	4	5	5	2	4	5	5	3	2	4	5	2	5	5	5	5	3	4	4	5	5	1	5	2	3	3	3	3	5	2	2	3	5	1	4	1	3	1	2	4	4	5	3	3	4	5	4
AT4G25050	5	2	3	3	3	5	1	1	5	2	5	5	1	3	1	4	4	5	5	2	1	3	5	2	5	5	2	3	1	4	1	1	5	3	4	1	4	1	3	3	3	2	3	2	1	4	5	4	1	5	2	5	1	3	1	4	1	5	4	3	1	5	5	2	3	1	3	3	2	5	1	2	2	1	5	3	3	2	1	5	2	2	1	3	1	2	4	2	5	4	4	1	2	5	4	1	5	2	2	5
AT1G51350	1	3	5	2	5	4	3	5	1	1	2	1	3	4	4	1	2	3	2	4	4	2	1	3	3	1	5	4	3	5	3	2	3	1	5	4	5	3	4	4	1	4	1	1	3	5	2	3	4	4	3	2	4	1	3	3	2	1	2	5	3	2	3	5	2	3	5	2	3	1	5	4	1	4	1	1	5	3	3	1	1	3	3	1	3	3	3	4	2	2	1	2	3	4	5	5	3	4	5	4
AT1G12250	2	3	5	2	5	4	3	5	2	1	1	1	3	4	4	1	2	3	2	4	3	2	1	3	3	1	5	4	3	5	3	2	3	1	5	4	5	5	4	4	1	4	1	5	3	1	3	3	4	4	3	2	4	1	3	3	2	1	5	5	3	2	3	5	2	2	5	2	3	3	5	4	1	4	1	1	5	3	3	1	1	3	3	1	3	3	3	4	2	5	3	2	3	4	5	5	3	4	5	4
AT2G41680	3	4	2	4	2	1	2	2	5	5	3	4	2	1	2	5	3	2	1	5	1	3	4	5	2	3	4	1	4	2	1	3	2	3	1	3	4	2	3	3	2	2	4	2	5	3	1	1	2	2	5	3	2	3	1	4	4	2	1	3	4	1	1	4	1	4	1	1	4	2	3	2	3	2	3	4	3	2	5	2	5	1	4	5	2	4	5	3	4	1	5	5	2	3	1	2	5	5	4	3
AT3G15110	2	3	5	2	4	4	3	5	2	1	1	1	5	4	4	1	2	3	2	4	3	4	1	3	3	1	5	4	3	5	5	2	3	1	5	4	5	5	4	4	5	4	1	5	3	1	3	3	4	4	1	2	4	1	3	3	3	1	5	4	3	3	2	3	2	2	5	2	3	3	5	4	4	4	1	1	5	3	4	1	1	3	3	1	3	3	3	4	2	5	3	3	5	4	5	5	3	4	5	4
AT2G40400	2	3	5	2	4	4	3	5	2	1	1	1	4	4	4	1	2	3	2	4	3	2	1	3	3	1	5	4	3	5	3	2	3	1	5	4	5	5	4	4	1	4	1	1	3	1	3	3	4	4	3	2	4	1	3	3	2	1	5	4	3	2	3	3	2	2	5	2	3	3	5	4	1	4	1	1	5	3	3	1	1	3	3	1	3	3	3	4	1	5	3	2	3	4	5	5	3	4	5	4
AT5G07020	1	3	5	2	5	2	3	5	4	1	2	1	3	4	4	1	5	3	4	4	4	1	1	4	5	5	5	5	3	1	4	2	3	5	4	5	5	3	2	4	1	4	1	4	4	5	2	2	4	3	3	2	4	4	2	5	2	1	2	5	3	2	3	5	5	3	2	4	1	1	1	1	1	3	4	5	2	3	3	1	3	4	3	3	3	3	3	4	5	2	1	2	1	4	3	5	3	4	3	4
AT5G16660	1	3	5	2	5	4	3	5	1	1	2	1	3	4	4	1	2	3	2	4	4	2	1	3	3	1	5	4	3	5	3	2	3	1	5	4	5	5	4	4	1	4	1	1	3	5	2	3	4	4	3	2	4	4	3	3	2	1	5	5	3	2	3	5	2	2	5	2	3	3	5	4	1	4	1	1	5	3	3	1	1	3	3	1	3	3	3	4	1	2	1	2	3	4	5	5	3	4	5	4
AT3G14420	2	3	1	2	2	4	3	3	2	4	1	3	5	4	4	3	3	4	2	4	3	4	3	5	4	2	5	1	3	5	5	2	3	4	2	4	5	5	1	4	5	5	4	5	3	1	3	3	4	2	1	2	3	2	3	3	3	1	5	4	2	3	2	3	2	4	5	2	2	3	5	4	4	2	2	1	5	4	4	1	1	3	3	1	4	3	3	3	2	5	3	3	5	4	5	2	2	4	1	4
AT1G79230	2	3	5	2	4	4	3	5	2	1	1	1	3	4	4	1	2	3	2	4	3	2	1	3	3	1	5	4	3	5	3	2	3	1	5	4	5	5	4	4	1	4	1	1	3	1	3	3	4	4	3	2	4	1	3	3	2	1	5	5	3	2	3	5	2	2	5	2	3	3	5	4	1	4	1	1	5	3	3	1	1	3	3	1	3	3	3	4	2	5	3	2	3	4	5	5	3	4	5	4
AT2G42220	1	3	5	2	5	4	3	5	1	1	2	1	3	4	4	1	2	3	2	1	4	2	1	3	3	1	5	5	3	5	3	2	3	1	5	4	5	3	4	4	1	4	1	1	3	5	2	3	4	3	3	2	4	4	5	5	2	1	2	5	3	2	3	5	2	3	5	2	5	1	5	4	1	4	1	5	2	3	3	1	3	3	3	1	3	3	3	4	1	2	1	2	3	4	5	5	3	4	5	4
AT1G67280	2	3	5	2	5	4	3	5	2	1	1	1	3	4	4	1	2	3	2	4	3	2	1	3	3	1	5	4	3	5	3	2	3	1	5	4	5	5	4	4	1	4	1	5	3	1	3	3	4	4	3	2	4	1	3	3	2	1	5	5	3	2	3	5	2	2	5	2	3	3	5	4	1	4	1	1	5	3	3	1	1	3	3	1	3	3	3	4	2	5	3	2	3	4	5	5	3	4	5	4
AT3G47450	3	4	2	4	2	1	2	2	5	5	3	4	2	1	2	5	3	2	1	5	1	2	4	5	2	3	4	1	4	2	1	3	2	3	1	3	4	2	3	3	2	2	4	2	4	3	1	1	2	2	5	3	2	3	1	4	4	2	1	3	4	1	1	4	1	4	1	1	4	2	3	2	3	2	3	4	4	2	5	2	5	1	4	5	2	4	5	3	4	1	5	5	2	3	1	2	5	5	4	3
AT5G08540	1	3	5	2	5	4	3	5	1	1	2	1	3	4	4	1	2	3	2	4	4	2	1	4	3	1	5	5	3	5	3	2	3	1	5	4	5	3	4	4	1	4	1	4	3	5	2	3	4	3	3	2	4	1	3	5	2	1	2	5	3	2	3	5	2	3	5	2	1	1	5	4	1	4	1	1	5	3	3	1	1	3	3	1	3	3	3	4	2	2	1	2	3	4	5	5	3	4	3	4
AT3G01480	5	1	3	4	3	5	1	1	5	2	5	3	3	5	5	2	4	1	1	2	1	3	2	2	2	5	3	3	5	3	1	5	5	3	1	3	3	2	3	2	3	2	2	3	5	2	5	4	5	5	4	5	1	3	4	1	1	3	4	2	1	5	5	1	1	1	3	3	2	2	2	3	2	3	5	3	3	4	1	5	2	2	1	4	2	1	4	2	5	4	2	5	2	1	5	4	4	2	2	5
AT4G31560	4	3	4	2	1	4	5	5	1	1	2	2	4	4	4	1	1	3	3	1	4	5	1	1	1	4	5	2	3	5	3	4	3	1	3	2	5	5	4	4	1	4	1	1	3	1	2	3	4	3	3	2	4	4	5	5	2	4	5	5	3	2	3	5	2	5	5	5	5	3	5	4	5	5	1	5	2	3	3	3	3	5	2	2	3	5	3	4	1	3	1	2	4	4	5	5	3	4	5	4
AT1G54580	4	5	4	5	1	3	5	4	3	5	4	2	4	2	3	2	1	2	3	3	5	5	2	1	1	4	4	2	3	2	2	4	4	2	3	2	2	4	5	2	4	1	5	3	2	3	1	5	3	1	4	4	5	5	5	2	5	4	3	1	5	4	4	1	4	5	4	5	5	4	4	5	5	5	5	2	4	5	2	3	4	5	2	2	5	5	1	1	3	3	5	4	4	2	2	3	1	3	4	2
AT1G73530	5	2	3	3	3	5	1	1	5	2	5	5	1	3	1	4	4	1	1	2	1	3	2	2	2	5	2	3	1	4	1	1	5	3	4	1	4	1	3	3	3	2	3	2	1	4	5	4	1	5	2	5	1	3	1	4	1	5	4	3	1	5	5	2	3	1	3	3	2	2	2	2	2	1	5	3	3	2	1	5	2	2	1	3	1	2	4	2	5	4	4	1	2	5	4	1	5	2	2	5
AT5G42270	2	3	5	2	4	4	3	5	2	1	1	1	3	4	4	1	2	3	2	4	3	2	1	3	3	1	5	4	3	5	3	2	3	1	5	4	5	5	4	4	5	4	1	5	3	1	3	3	4	4	3	2	4	1	3	3	2	1	5	4	3	2	2	5	2	2	5	2	3	3	5	4	4	4	1	1	5	3	4	1	1	3	3	1	3	3	3	4	2	5	3	2	3	4	5	5	3	4	5	4
AT1G54500	4	5	4	5	1	3	5	4	3	5	4	2	1	2	3	2	1	2	3	3	5	5	2	1	1	4	4	2	3	2	2	4	1	2	3	2	2	4	5	2	4	1	5	3	2	3	1	5	3	1	4	4	5	5	4	2	5	1	3	1	5	4	4	1	4	5	4	5	5	4	4	5	5	5	5	2	4	5	2	3	4	5	2	2	5	5	1	1	3	3	5	4	4	2	2	3	4	3	4	2
AT5G35170	2	3	5	2	4	4	3	5	2	1	1	1	5	4	4	1	2	3	2	4	3	2	1	3	3	1	5	4	3	5	5	2	3	1	5	4	5	5	4	4	5	4	1	5	3	1	3	3	4	4	3	2	4	1	3	3	2	1	5	4	3	3	2	3	2	2	5	2	3	3	5	4	4	4	1	1	5	3	4	1	1	3	3	1	3	3	3	4	2	5	3	2	3	4	5	5	3	4	5	4
AT1G80030	2	3	5	2	4	4	3	5	2	1	1	1	3	4	4	1	2	3	2	4	3	2	1	3	3	1	5	4	3	5	3	2	3	1	5	4	5	5	4	4	1	4	1	5	3	1	3	3	4	4	3	2	4	1	3	3	2	1	5	4	3	2	3	5	2	2	5	2	3	3	5	4	1	4	1	1	5	3	3	1	1	3	3	1	3	3	3	4	2	5	3	2	3	4	5	5	3	4	5	4
AT1G10170	1	3	5	2	5	4	3	5	1	1	1	1	3	4	4	1	2	3	2	4	4	2	1	3	3	1	5	4	3	5	3	2	3	1	5	4	5	5	4	4	1	4	1	1	3	1	2	3	4	4	3	2	4	1	3	3	2	1	5	5	3	2	3	5	2	2	5	2	3	3	5	4	1	4	1	1	5	3	3	1	1	3	3	1	3	3	3	4	1	2	1	2	3	4	5	5	3	4	5	4
AT5G12470	1	3	5	2	5	4	3	5	1	1	1	1	3	4	4	1	2	3	2	4	4	2	1	3	3	1	5	4	3	5	3	2	3	1	5	4	5	5	4	4	1	4	1	5	3	5	2	3	4	4	3	2	4	1	3	3	2	1	5	5	3	2	3	5	2	3	5	2	3	3	5	4	1	4	1	1	5	3	3	1	1	3	3	1	3	3	3	4	2	2	1	2	3	4	5	5	3	4	5	4
AT2G20260	2	3	5	2	4	4	3	5	2	1	1	1	5	4	4	1	2	3	2	4	3	4	1	3	4	1	5	4	3	5	5	2	3	1	5	4	5	5	4	4	5	4	1	5	3	1	3	3	4	4	1	2	3	1	3	3	3	1	5	4	3	3	2	3	2	2	5	2	3	3	5	4	4	4	1	1	5	3	4	1	1	3	3	1	3	3	3	4	2	5	3	3	5	4	5	5	2	4	5	4
AT1G03600	5	2	3	3	3	2	1	3	5	2	5	5	1	3	1	4	4	1	4	2	2	3	5	4	2	5	1	3	2	1	4	1	5	3	4	1	1	1	2	3	3	3	3	2	1	2	4	4	1	5	2	1	1	3	2	4	1	5	4	2	1	5	5	2	3	1	2	3	1	5	1	2	2	1	5	3	1	1	1	5	2	4	5	3	1	2	4	5	5	4	4	1	1	5	4	1	5	1	2	1
AT5G39830	2	3	5	2	4	4	3	5	2	1	1	1	3	4	4	1	2	3	2	4	3	2	1	3	3	1	5	4	3	5	3	2	3	1	5	4	5	5	4	4	5	4	1	5	3	1	3	3	4	4	3	2	4	1	3	3	2	1	5	4	3	2	2	3	2	2	5	2	3	3	5	4	4	4	1	1	5	3	4	1	1	3	3	1	3	3	3	4	2	5	3	2	3	4	5	5	3	4	5	4
AT1G20810	4	5	4	5	1	3	5	4	3	5	4	2	4	2	3	2	1	2	3	3	5	5	2	1	1	4	4	2	3	2	2	4	4	2	3	2	2	4	5	2	4	1	5	3	2	3	1	5	3	1	4	4	5	5	5	2	5	4	3	1	5	4	4	1	4	5	4	5	5	4	4	5	5	5	5	2	4	5	2	3	4	5	2	2	5	5	1	1	3	3	5	4	4	2	2	3	1	3	4	2
AT1G14150	2	3	5	2	4	4	3	5	2	1	1	1	5	4	4	1	2	3	2	4	3	2	1	3	3	1	5	4	3	5	5	2	3	1	5	4	5	5	4	4	5	4	1	5	3	1	3	3	4	4	1	2	4	1	3	3	3	1	5	4	3	3	2	3	2	2	5	2	3	3	5	4	4	4	1	1	5	3	4	1	1	3	3	1	3	3	3	4	2	5	3	3	5	4	5	5	3	4	5	4
AT2G41330	2	3	5	2	4	4	3	5	2	1	1	1	5	4	4	1	2	3	2	4	3	2	1	3	3	1	5	4	3	5	5	2	3	1	5	4	5	5	4	4	5	4	1	5	3	1	3	3	4	4	3	2	4	1	3	3	2	1	5	4	3	3	2	3	2	2	5	2	3	3	5	4	4	4	1	1	5	3	4	1	1	3	3	1	3	3	3	4	2	5	3	2	3	4	5	5	3	4	5	4
AT3G19490	5	3	1	1	2	5	4	3	5	4	4	3	2	1	2	3	3	5	2	2	1	3	3	5	4	2	3	1	1	4	5	1	5	4	2	3	1	1	1	5	2	5	4	2	5	4	5	1	2	2	5	5	3	2	1	4	4	5	1	3	2	4	1	4	3	4	4	1	2	2	2	5	2	2	2	4	3	2	1	4	5	1	5	4	4	2	2	3	4	1	4	5	2	1	5	4	5	5	1	5
AT3G17830	3	4	2	4	2	1	2	2	5	5	3	4	2	1	2	5	3	2	1	5	1	3	4	5	2	3	4	1	4	2	1	3	2	3	1	3	4	2	3	3	2	2	4	2	4	3	1	1	2	2	5	3	2	3	1	4	4	2	1	3	4	1	1	4	1	4	1	1	4	2	3	2	3	2	3	4	3	2	5	2	5	1	4	5	2	4	5	3	4	1	5	5	2	3	1	2	5	5	4	3
AT1G17850	2	3	5	2	5	4	3	5	2	1	1	1	3	4	4	1	2	3	2	4	4	2	1	3	3	1	5	4	3	5	3	2	3	1	5	4	5	5	4	4	1	4	1	5	3	1	2	3	4	4	3	2	4	1	3	3	2	1	5	5	3	2	3	5	2	2	5	2	3	3	5	4	1	4	1	1	5	3	3	1	1	3	3	1	3	3	3	4	2	5	3	2	3	4	5	5	3	4	5	4
AT2G01140	4	5	4	5	1	3	5	4	3	5	4	2	4	2	3	2	1	2	3	3	5	5	2	1	1	4	4	2	3	2	2	4	4	2	3	2	2	4	5	2	4	1	5	3	2	3	1	5	3	1	4	4	5	5	5	2	5	4	3	1	5	4	4	1	4	5	4	5	5	4	4	5	5	5	5	2	4	5	2	3	4	5	2	2	5	5	1	1	3	3	5	4	4	2	2	3	1	3	4	2
AT1G67700	2	3	5	2	4	4	3	5	2	1	1	1	5	4	4	1	2	3	2	4	3	4	1	3	4	1	5	4	3	5	5	2	3	1	5	4	5	5	4	4	5	4	1	5	3	1	3	3	4	4	1	2	3	1	3	3	3	1	5	4	3	3	2	3	2	2	5	2	3	3	5	4	4	4	2	1	5	3	4	1	1	3	3	1	3	3	3	4	2	5	3	3	5	4	5	5	2	4	5	4
AT5G01500	2	3	5	2	4	4	3	5	2	1	1	1	3	4	4	1	2	3	2	4	3	2	1	3	3	1	5	4	3	5	3	2	3	1	5	4	5	5	4	4	1	4	1	5	3	1	3	3	4	4	3	2	4	1	3	3	2	1	5	4	3	2	3	3	2	2	5	2	3	3	5	4	1	4	1	1	5	3	3	1	1	3	3	1	3	3	3	4	2	5	3	2	3	4	5	5	3	4	5	4
AT3G57680	2	3	5	2	5	4	3	5	1	1	1	1	3	4	4	1	2	3	2	4	4	2	1	3	3	1	5	4	3	5	3	2	3	1	5	4	5	5	4	4	1	4	1	1	3	1	2	3	4	4	3	2	4	1	3	3	2	1	5	5	3	2	3	5	2	2	5	2	3	3	5	4	1	4	1	1	5	3	3	1	1	3	3	1	3	3	3	4	2	5	1	2	3	4	5	5	3	4	5	4
AT4G16155	1	3	5	2	5	4	3	5	1	1	2	1	3	4	4	1	2	3	2	4	4	2	1	3	3	1	5	5	3	5	3	2	3	1	5	4	5	3	4	4	1	4	1	4	3	5	2	3	4	3	3	2	4	1	3	3	2	1	2	5	3	2	3	5	2	3	5	2	3	1	5	4	1	4	1	1	5	3	3	1	1	3	3	1	3	3	3	4	2	2	1	2	3	4	5	5	3	4	5	4
AT1G56500	1	3	5	2	5	4	3	5	1	1	2	1	3	4	4	1	2	3	2	4	4	2	1	3	3	1	5	4	3	5	3	2	3	1	5	4	5	3	4	4	1	4	1	1	3	5	2	3	4	4	3	2	4	1	3	3	2	1	2	5	3	2	3	5	2	3	5	2	3	1	5	4	1	4	1	1	5	3	3	1	1	3	3	1	3	3	3	4	2	2	1	2	3	4	5	5	3	4	5	4
AT1G22450	1	3	5	2	5	4	3	5	2	1	1	1	3	4	4	1	2	3	2	4	4	2	1	3	3	1	5	4	3	5	3	2	3	1	5	4	5	5	4	4	1	4	1	5	3	5	2	3	4	4	3	2	4	1	3	3	2	1	2	5	3	2	3	5	2	3	5	2	3	3	5	4	1	4	1	1	5	3	3	1	1	3	3	1	3	3	3	4	2	2	1	2	3	4	5	5	3	4	5	4
AT5G53170	1	3	5	2	5	4	3	5	2	1	1	1	3	4	4	1	2	3	2	4	4	2	1	3	3	1	5	4	3	5	3	2	3	1	5	4	5	5	4	4	1	4	1	5	3	5	2	3	4	4	3	2	4	1	3	3	2	1	5	5	3	2	3	5	2	3	5	2	3	3	5	4	1	4	1	1	5	3	3	1	1	3	3	1	3	3	3	4	2	2	1	2	3	4	5	5	3	4	5	4
AT5G15250	2	3	5	2	4	4	3	5	2	1	1	1	3	4	4	1	2	3	2	4	3	2	1	3	3	1	5	4	3	5	3	2	3	1	5	4	5	5	4	4	1	4	1	5	3	1	3	3	4	4	3	2	4	1	3	3	2	1	5	4	3	2	3	5	2	2	5	2	3	3	5	4	4	4	1	1	5	3	4	1	1	3	3	1	3	3	3	4	2	5	3	2	3	4	5	5	3	4	5	4
AT3G58010	1	3	5	2	5	4	3	5	1	1	1	1	3	4	4	1	2	3	2	4	4	2	1	3	3	1	5	4	3	5	3	2	3	1	5	4	5	3	4	4	1	4	1	1	3	5	2	3	4	4	3	2	4	1	3	3	2	1	2	5	3	2	3	5	2	3	5	2	3	3	5	4	1	4	1	1	5	3	3	1	1	3	3	1	3	3	3	4	2	2	1	2	3	4	5	5	3	4	5	4
AT2G29500	2	3	5	2	4	4	3	5	2	1	1	1	5	4	4	1	2	3	2	4	3	2	1	3	3	1	5	4	3	5	5	2	3	1	5	4	5	5	4	4	5	4	1	5	3	1	3	3	4	4	1	2	3	1	3	3	3	1	5	4	3	3	2	3	2	2	5	2	3	3	5	4	4	4	1	1	5	3	4	1	1	3	3	1	3	3	3	4	2	5	3	3	5	4	5	5	2	4	5	4
AT3G60370	1	3	5	2	5	4	3	5	2	1	1	1	3	4	4	1	2	3	2	4	4	2	1	3	3	1	5	4	3	5	3	2	3	1	5	4	5	5	4	4	1	4	1	5	3	5	2	3	4	4	3	2	4	1	3	3	2	1	5	5	3	2	3	5	2	3	5	2	3	3	5	4	1	4	1	1	5	3	3	1	1	3	3	1	3	3	3	4	2	2	3	2	3	4	5	5	3	4	5	4
AT1G50460	1	3	5	2	5	4	3	5	1	1	2	1	4	4	4	1	2	3	2	1	4	2	1	3	3	1	5	5	3	5	3	2	3	1	5	4	5	3	4	4	1	4	1	1	3	5	2	3	4	3	3	2	4	4	5	5	2	1	2	5	3	2	3	5	2	3	5	2	5	1	5	4	1	4	1	5	2	3	3	1	3	3	3	1	3	3	3	4	1	2	1	2	3	4	5	5	3	4	5	4
AT2G26800	2	3	5	2	4	4	3	5	2	1	1	1	5	4	4	1	2	3	2	4	3	2	1	3	3	1	5	4	3	5	5	2	3	1	5	4	5	5	4	4	5	4	1	5	3	1	3	3	4	4	3	2	4	1	3	3	2	1	5	4	3	3	2	3	2	2	5	2	3	3	5	4	4	4	1	1	5	3	4	1	1	3	3	1	3	3	3	4	2	5	3	2	3	4	5	5	3	4	5	4
AT1G21750	4	5	4	5	1	3	5	4	3	5	4	2	4	2	3	2	1	2	3	1	5	5	2	1	1	4	4	2	3	2	2	4	4	2	3	2	2	4	5	2	4	1	5	3	2	3	1	5	3	1	4	4	5	5	5	2	5	4	3	1	5	4	4	1	4	5	4	5	5	4	4	5	5	5	5	2	2	5	2	3	4	5	2	2	5	5	1	1	3	3	5	4	4	2	2	3	1	3	4	2
AT2G44990	2	3	5	2	4	4	3	5	2	1	1	1	5	4	4	1	2	3	2	4	3	2	1	3	3	1	5	4	3	5	3	2	3	1	5	4	5	5	4	4	5	4	1	5	3	1	3	3	4	4	3	2	4	1	3	3	2	1	5	4	3	2	2	3	2	2	5	2	3	3	5	4	4	4	1	1	5	3	4	1	1	3	3	1	3	3	3	4	2	5	3	2	3	4	5	5	3	4	5	4
AT1G30510	1	3	5	2	5	4	3	5	1	1	2	1	4	4	4	1	2	3	3	1	4	2	1	3	3	1	5	2	3	5	3	2	3	1	5	4	5	5	4	4	1	4	1	1	3	1	2	3	4	3	3	2	4	4	5	5	2	4	5	5	3	2	3	5	2	2	5	2	5	3	5	4	1	4	1	5	2	3	3	1	3	3	3	1	3	3	3	4	1	2	1	2	3	4	5	5	3	4	5	4
AT3G10130	2	3	5	2	5	4	3	5	2	1	1	1	3	4	4	1	2	3	2	4	3	2	1	3	3	1	5	4	3	5	3	2	3	1	5	4	5	5	4	4	1	4	1	5	3	1	3	3	4	4	3	2	4	1	3	3	2	1	5	5	3	2	3	5	2	2	5	2	3	3	5	4	1	4	1	1	5	3	3	1	1	3	3	1	3	3	3	4	2	5	3	2	3	4	5	5	3	4	5	4
AT3G22690	2	3	5	2	5	4	3	5	1	1	1	1	3	4	4	1	2	3	2	4	4	2	1	3	3	1	5	4	3	5	3	2	3	1	5	4	5	5	4	4	1	4	1	1	3	1	2	3	4	4	3	2	4	1	3	3	2	1	5	5	3	2	3	5	2	2	5	2	3	3	5	4	1	4	1	1	5	3	3	1	1	3	3	1	3	3	3	4	2	5	1	2	3	4	5	5	3	4	5	4
AT1G54050	2	3	5	2	4	4	3	5	2	1	1	1	5	4	4	1	2	3	2	4	3	2	1	3	3	1	5	4	3	5	3	2	3	1	5	4	5	5	4	4	5	4	1	5	3	1	3	3	4	4	3	2	4	1	3	3	2	1	5	4	3	2	2	3	2	2	5	2	3	3	5	4	4	4	1	1	5	3	4	1	1	3	3	1	3	3	3	4	2	5	3	2	3	4	5	5	3	4	5	4
AT1G55370	2	3	5	2	5	4	3	5	2	1	1	1	3	4	4	1	2	3	2	4	3	2	1	3	3	1	5	4	3	5	3	2	3	1	5	4	5	5	4	4	1	4	1	5	3	1	3	3	4	4	3	2	4	1	3	3	2	1	5	4	3	2	3	5	2	2	5	2	3	3	5	4	1	4	1	1	5	3	3	1	1	3	3	1	3	3	3	4	2	5	3	2	3	4	5	5	3	4	5	4
AT4G35770	2	3	5	2	5	4	3	5	2	1	1	1	3	4	4	1	2	3	2	4	4	2	1	3	3	1	5	4	3	5	3	2	3	1	5	4	5	5	4	4	1	4	1	5	3	1	2	3	4	4	3	2	4	1	3	3	2	1	5	5	3	2	3	5	2	2	5	2	3	3	5	4	1	4	1	1	5	3	3	1	1	3	3	1	3	3	3	4	2	2	3	2	3	4	5	5	3	4	5	4
AT3G56040	5	2	3	4	5	2	1	3	4	2	5	5	1	3	5	4	5	1	4	2	2	1	5	4	5	5	1	3	2	1	4	1	5	5	4	5	1	1	2	1	3	3	3	4	1	2	4	2	1	5	2	1	1	3	2	4	4	5	4	2	4	1	5	2	5	5	2	4	1	5	1	1	2	3	4	3	1	1	1	5	2	4	5	3	1	2	4	5	5	4	4	1	1	3	3	1	5	1	3	1
AT1G27510	4	5	4	5	1	3	5	4	3	5	4	2	4	2	3	2	1	2	3	3	5	5	2	1	1	4	4	2	3	2	2	4	4	2	3	2	2	4	5	2	4	1	5	3	2	3	1	5	3	1	4	4	5	5	4	2	5	4	3	1	5	4	4	1	4	5	4	5	5	4	4	5	5	5	5	2	4	5	2	3	4	5	2	2	5	5	1	1	3	3	5	4	4	2	2	3	1	3	4	2
AT5G59250	1	3	5	2	5	4	3	5	1	1	1	1	3	4	4	1	2	3	2	4	4	2	1	3	3	1	5	4	3	5	3	2	3	1	5	4	5	3	4	4	1	4	1	5	3	5	2	3	4	4	3	2	4	1	3	3	2	1	2	5	3	2	3	5	2	3	5	2	3	3	5	4	1	4	1	1	5	3	3	1	1	3	3	1	3	3	3	4	2	2	1	2	3	4	5	5	3	4	5	4
AT1G75690	1	3	5	2	5	4	3	5	1	1	2	1	3	4	4	1	2	3	2	4	4	2	1	3	3	1	5	4	3	5	3	2	3	1	5	4	5	3	4	4	1	4	1	5	3	5	2	3	4	4	3	2	4	1	3	3	2	1	2	5	3	2	3	5	2	3	5	2	3	1	5	4	1	4	1	1	5	3	3	1	1	3	3	1	3	3	3	4	2	2	1	2	3	4	5	5	3	4	5	4
AT4G01900	2	3	5	2	5	4	3	5	1	1	1	1	4	4	4	1	2	3	2	1	4	2	1	3	3	1	5	4	3	5	3	2	3	1	5	4	5	5	4	4	1	4	1	1	3	1	2	3	4	4	3	2	4	4	5	5	2	4	5	5	3	2	3	5	2	2	5	2	5	3	5	4	1	4	1	5	2	3	3	1	3	3	3	1	3	3	3	4	1	5	1	2	3	4	5	5	3	4	5	4
AT2G18790	2	3	1	2	2	4	3	3	2	4	1	3	5	4	4	3	3	4	2	4	3	4	3	5	4	2	5	1	3	5	5	2	3	4	2	4	5	5	1	4	5	5	4	5	3	1	3	3	4	4	1	2	3	2	3	3	3	5	5	4	2	3	2	3	2	4	5	2	2	3	5	4	4	2	2	1	5	4	4	1	1	3	3	1	4	3	3	3	2	5	3	3	5	4	5	2	2	4	1	4
AT1G78915	4	5	4	5	1	3	5	4	3	5	4	2	4	2	3	2	1	2	3	3	5	5	2	1	1	4	4	2	3	2	2	4	4	2	3	2	2	4	5	2	4	1	5	3	2	3	1	5	3	1	4	4	5	5	5	2	5	4	3	1	5	4	4	1	4	5	4	5	5	4	4	5	5	5	5	2	4	5	2	3	4	5	2	2	5	5	1	1	3	3	5	4	4	2	2	3	1	3	4	2
AT3G24590	2	3	5	2	5	4	3	5	1	1	1	1	3	4	4	1	2	3	2	4	4	2	1	3	3	1	5	4	3	5	3	2	3	1	5	4	5	5	4	4	1	4	1	5	3	1	2	3	4	4	3	2	4	1	3	3	2	1	5	5	3	2	3	5	2	2	5	2	3	3	5	4	1	4	1	1	5	3	3	1	1	3	3	1	3	3	3	4	2	2	1	2	3	4	5	5	3	4	5	4
AT2G01918	4	3	4	5	1	4	5	5	3	5	1	2	4	4	4	1	1	3	3	1	5	5	1	1	1	4	5	2	3	5	2	4	3	2	3	2	2	5	5	4	5	4	5	1	2	1	3	5	4	1	3	2	5	1	5	3	5	4	5	4	5	3	4	3	4	5	5	5	5	3	4	4	5	5	1	2	2	5	4	3	1	5	2	2	5	5	1	1	1	3	3	2	4	4	5	3	3	4	4	4
AT1G52220	2	3	5	2	5	4	3	5	2	1	1	1	3	4	4	1	2	3	2	4	3	2	1	3	3	1	5	4	3	5	3	2	3	1	5	4	5	5	4	4	1	4	1	5	3	1	3	3	4	4	3	2	4	1	3	3	2	1	5	5	3	2	3	5	2	2	5	2	3	3	5	4	1	4	1	1	5	3	3	1	1	3	3	1	3	3	3	4	2	5	3	2	3	4	5	5	3	4	5	4
AT3G15360	1	3	5	2	5	4	3	5	1	1	1	1	3	4	4	1	2	3	2	4	4	2	1	3	3	1	5	4	3	5	3	2	3	1	5	4	5	5	4	4	1	4	1	1	3	5	2	3	4	4	3	2	4	1	3	3	2	1	5	5	3	2	3	5	2	2	5	2	3	3	5	4	1	4	1	1	5	3	3	1	1	3	3	1	3	3	3	4	2	2	1	2	3	4	5	5	3	4	5	4
AT1G65260	4	5	4	5	1	3	5	4	3	5	4	2	1	2	3	2	1	2	3	3	5	5	2	1	1	4	4	2	3	2	2	4	4	2	3	2	2	4	5	2	4	1	5	3	2	3	1	5	3	1	4	4	5	5	4	2	5	4	3	1	5	4	4	1	4	5	4	5	5	4	4	5	5	5	5	2	4	5	2	3	4	5	2	2	5	5	1	1	3	3	5	4	4	2	2	3	1	3	4	2
AT4G04020	2	3	5	2	4	4	3	5	2	1	1	1	3	4	4	1	2	3	2	4	3	2	1	3	3	1	5	4	3	5	3	2	3	1	5	4	5	5	4	4	1	4	1	5	3	1	3	3	4	4	3	2	4	1	3	3	2	1	5	5	3	2	3	5	2	2	5	2	3	3	5	4	1	4	1	1	5	3	3	1	1	3	3	1	3	3	3	4	2	5	3	2	3	4	5	5	3	4	5	4
AT1G32500	5	2	5	3	3	4	1	1	5	4	1	5	3	3	4	4	4	5	5	4	2	2	5	2	5	2	5	3	1	4	3	1	5	4	4	1	1	1	1	4	1	4	3	2	1	5	5	3	4	5	1	2	3	2	3	3	3	5	5	4	3	3	3	5	2	1	5	2	2	5	1	4	2	1	2	3	1	1	4	1	2	3	3	3	1	2	3	5	5	2	4	2	2	4	4	1	3	4	2	4
AT3G47060	2	3	5	2	1	4	3	5	1	1	1	2	4	4	4	1	2	3	3	1	3	5	1	1	1	1	5	2	3	5	3	2	3	1	3	2	5	5	4	4	1	4	1	1	3	1	2	3	4	4	3	2	4	4	5	3	2	4	5	5	3	2	4	5	2	2	5	2	5	3	5	4	5	4	1	5	2	3	3	1	3	5	3	1	3	3	3	4	1	5	1	2	4	4	5	5	3	4	5	4
AT2G26550	1	3	5	2	5	4	3	5	4	1	1	5	3	3	4	4	2	3	5	4	2	2	5	4	5	5	5	5	3	1	3	1	3	5	4	5	5	3	2	4	1	4	3	4	3	5	4	2	4	5	3	2	4	1	3	3	2	5	2	5	3	2	3	5	2	1	5	4	1	1	1	4	1	3	1	3	1	1	3	1	1	4	3	3	3	3	3	5	5	2	1	2	1	4	5	1	3	4	3	4
AT4G20820	1	3	5	2	5	4	3	5	1	1	1	1	3	4	4	1	2	3	2	4	4	2	1	3	3	1	5	4	3	5	3	2	3	1	5	4	5	5	4	4	1	4	1	1	3	1	2	3	4	4	3	2	4	1	3	3	2	1	5	5	3	2	3	5	2	2	5	2	3	3	5	4	1	4	1	1	5	3	3	1	1	3	3	1	3	3	3	4	2	2	1	2	3	4	5	5	3	4	5	4
AT1G74070	4	5	4	5	1	3	5	4	3	5	4	2	4	2	3	2	1	2	3	3	5	5	2	1	1	4	4	2	3	2	2	4	4	2	3	2	2	4	5	2	4	1	5	3	2	3	1	5	3	1	4	4	5	5	5	2	5	4	3	1	5	4	4	1	4	5	4	5	5	4	4	5	5	5	5	2	4	5	2	3	4	5	2	2	5	5	1	1	3	3	5	4	4	2	2	3	1	3	4	2
AT3G53560	4	5	4	5	1	3	5	4	3	5	4	2	4	2	3	2	1	2	3	1	5	5	2	1	1	4	4	2	3	2	2	4	4	2	3	2	2	4	5	2	4	1	5	3	2	3	1	5	3	1	4	4	5	5	5	2	5	4	3	1	5	4	4	1	4	5	4	5	5	4	4	5	5	5	5	2	2	5	2	3	4	5	2	2	5	5	1	1	3	3	5	4	4	2	2	3	1	3	4	2
AT5G53490	1	3	4	2	1	3	5	5	1	1	2	2	4	4	4	1	1	3	3	1	4	5	1	1	1	4	5	2	3	5	3	4	3	2	3	2	2	3	4	4	1	4	5	1	2	5	2	5	4	3	3	2	4	4	5	5	2	4	2	5	3	2	4	5	2	5	5	5	5	1	4	4	5	5	1	5	2	3	3	3	3	5	2	2	3	5	1	4	1	3	1	2	4	4	5	3	3	4	5	4
AT2G42975	1	3	5	2	5	4	3	5	1	1	1	1	3	4	4	1	2	3	2	4	4	2	1	3	3	1	5	4	3	5	3	2	3	1	5	4	5	5	4	4	1	4	1	1	3	5	2	3	4	4	3	2	4	1	3	3	2	1	5	5	3	2	3	5	2	3	5	2	3	3	5	4	1	4	1	1	5	3	3	1	1	3	3	1	3	3	3	4	2	2	1	2	3	4	5	5	3	4	5	4
AT2G20270	2	3	5	2	5	4	3	5	2	1	1	1	3	4	4	1	2	3	2	4	4	2	1	3	3	1	5	4	3	5	3	2	3	1	5	4	5	5	4	4	1	4	1	5	3	1	2	3	4	4	3	2	4	1	3	3	2	1	5	5	3	2	3	5	2	2	5	2	3	3	5	4	1	4	1	1	5	3	3	1	1	3	3	1	3	3	3	4	2	5	3	2	3	4	5	5	3	4	5	4
AT2G29180	2	3	1	2	4	4	3	5	2	4	1	3	5	4	4	3	3	4	2	4	3	4	1	5	4	2	5	4	3	5	5	2	3	4	2	4	5	5	1	4	5	5	4	5	3	1	3	3	4	4	1	2	3	2	3	3	3	1	5	4	2	3	2	3	2	4	5	2	3	3	5	4	4	2	2	1	5	4	4	1	1	3	3	1	4	3	3	3	2	5	3	3	5	4	5	5	2	4	1	4
AT3G01440	2	3	5	2	4	4	3	5	2	1	1	1	5	4	4	1	2	3	2	4	3	4	1	3	4	1	5	4	3	5	5	2	3	1	5	4	5	5	4	4	5	4	1	5	3	1	3	3	4	4	1	2	3	1	3	3	3	1	5	4	3	3	2	3	2	2	5	2	3	3	5	4	4	4	1	1	5	3	4	1	1	3	3	1	3	3	3	4	2	5	3	3	5	4	5	5	2	4	5	4
AT1G76760	2	3	5	2	5	4	3	5	2	1	1	1	3	4	4	1	2	3	2	4	3	2	1	3	3	1	5	4	3	5	3	2	3	1	5	4	5	5	4	4	1	4	1	5	3	1	3	3	4	4	3	2	4	1	3	3	2	1	5	5	3	2	3	5	2	2	5	2	3	3	5	4	1	4	1	1	5	3	3	1	1	3	3	1	3	3	3	4	2	5	3	2	3	4	5	5	3	4	5	4
AT2G26360	3	4	1	1	2	1	2	3	5	3	3	4	2	1	2	3	3	2	1	2	1	3	3	5	2	3	2	1	1	4	1	3	2	4	1	3	1	2	3	3	2	2	4	2	5	4	5	1	2	2	5	5	2	3	1	4	4	2	1	3	4	1	1	4	3	4	3	1	4	2	2	2	3	2	3	4	3	2	5	4	5	1	4	4	4	4	2	3	4	1	4	5	2	3	1	2	5	5	4	3
AT4G13670	2	3	5	2	5	4	3	5	2	1	1	1	3	4	4	1	2	3	2	4	3	2	1	3	3	1	5	4	3	5	3	2	3	1	5	4	5	5	4	4	1	4	1	5	3	1	3	3	4	4	3	2	4	1	3	3	2	1	5	5	3	2	3	5	2	2	5	2	3	3	5	4	1	4	1	1	5	3	3	1	1	3	3	1	3	3	3	4	2	2	3	2	3	4	5	5	3	4	5	4
AT2G35040	2	3	5	2	5	4	3	5	2	1	1	1	3	4	4	1	2	3	2	4	3	2	1	3	3	1	5	4	3	5	3	2	3	1	5	4	5	5	4	4	1	4	1	5	3	1	3	3	4	4	3	2	4	1	3	3	2	1	5	5	3	2	3	5	2	2	5	2	3	3	5	4	1	4	1	1	5	3	3	1	1	3	3	1	3	3	3	4	2	5	3	2	3	4	5	5	3	4	5	4
AT1G65230	5	2	3	4	5	2	1	3	4	2	5	5	1	3	5	4	5	1	4	2	2	1	5	4	5	5	1	5	2	1	4	1	5	5	4	5	3	1	2	1	3	3	3	4	4	2	4	2	1	5	2	1	1	3	2	4	4	5	2	2	4	1	5	2	5	5	2	4	1	5	1	1	2	3	4	3	1	1	1	5	2	4	5	3	1	2	4	5	5	4	4	1	1	3	3	1	5	1	3	1
AT1G03850	4	3	4	5	1	3	5	4	1	5	2	2	4	2	3	1	1	3	3	1	4	5	1	1	1	4	5	2	3	2	2	4	3	2	3	2	2	4	5	4	1	1	5	1	2	5	2	5	3	3	3	4	5	4	5	5	5	4	2	1	5	2	4	1	4	5	4	5	5	4	4	5	5	5	4	5	2	5	3	3	3	5	2	2	5	5	1	1	1	3	1	2	4	4	2	3	1	3	3	2
AT1G50250	1	3	5	2	5	4	3	5	1	1	1	1	3	4	4	1	2	3	2	4	4	2	1	3	3	1	5	4	3	5	3	2	3	1	5	4	5	5	4	4	1	4	1	1	3	5	2	3	4	4	3	2	4	1	3	3	2	1	2	5	3	2	3	5	2	3	5	2	3	3	5	4	1	4	1	1	5	3	3	1	1	3	3	1	3	3	3	4	2	2	1	2	3	4	5	5	3	4	5	4
AT2G40760	1	3	5	2	5	4	3	5	1	1	1	1	3	4	4	1	2	3	2	4	4	2	1	3	3	1	5	4	3	5	3	2	3	1	5	4	5	5	4	4	1	4	1	1	3	1	2	3	4	4	3	2	4	1	3	3	2	1	5	5	3	2	3	5	2	2	5	2	3	3	5	4	1	4	1	1	5	3	3	1	1	3	3	1	3	3	3	4	2	2	1	2	3	4	5	5	3	4	5	4
AT2G26340	1	3	4	2	5	4	5	5	1	1	2	1	4	4	4	1	1	3	3	1	4	5	1	4	1	4	5	5	3	5	3	4	3	1	3	2	5	3	4	4	1	4	1	1	2	5	2	2	4	3	3	2	4	4	5	5	2	4	2	5	3	2	3	5	2	5	5	5	5	1	4	4	1	4	4	5	2	3	3	1	3	5	2	2	3	3	1	4	1	2	1	2	4	4	5	5	3	4	3	4
AT5G08050	1	3	3	2	5	2	5	3	4	2	2	1	3	4	5	1	5	1	4	2	2	1	1	4	5	5	1	5	3	1	4	1	3	5	4	5	3	3	2	1	1	3	1	4	4	5	4	2	4	3	3	1	1	4	2	5	2	5	2	2	3	2	5	5	5	5	2	4	1	1	1	1	1	3	4	5	1	1	3	5	3	4	5	3	1	3	4	5	5	4	1	2	1	4	3	1	3	1	3	1
AT1G22020	1	3	5	2	5	4	3	5	1	1	2	1	3	4	4	1	2	3	2	4	4	2	1	3	3	1	5	4	3	5	3	2	3	1	5	4	5	3	4	4	1	4	1	1	3	5	2	3	4	3	3	2	4	1	3	3	2	1	2	5	3	2	3	5	2	3	5	2	3	1	5	4	1	4	1	1	5	3	3	1	1	3	3	1	3	3	3	4	2	2	1	2	3	4	5	5	3	4	5	4
AT5G16150	1	3	5	2	5	4	3	5	1	1	2	1	3	4	4	1	2	3	2	4	4	2	1	3	3	1	5	4	3	5	3	2	3	1	5	4	5	3	4	4	1	4	1	1	3	5	2	3	4	4	3	2	4	1	3	3	2	1	2	5	3	2	3	5	2	3	5	2	3	1	5	4	1	4	1	1	5	3	3	1	1	3	3	1	3	3	3	4	2	2	1	2	3	4	5	5	3	4	5	4
AT4G24750	2	3	5	2	5	4	3	5	1	1	1	1	3	4	4	1	2	3	2	4	4	2	1	3	3	1	5	4	3	5	3	2	3	1	5	4	5	5	4	4	1	4	1	1	3	1	2	3	4	4	3	2	4	1	3	3	2	1	5	5	3	2	3	5	2	2	5	2	3	3	5	4	1	4	1	1	5	3	3	1	1	3	3	1	3	3	3	4	2	5	1	2	3	4	5	5	3	4	5	4
AT4G01050	2	3	5	2	5	4	3	5	1	1	1	1	4	4	4	1	2	3	2	4	4	2	1	3	3	1	5	4	3	5	3	2	3	1	5	4	5	5	4	4	1	4	1	1	3	1	2	3	4	4	3	2	4	4	3	3	2	1	5	5	3	2	3	5	2	2	5	2	3	3	5	4	1	4	1	5	5	3	3	1	1	3	3	1	3	3	3	4	1	5	1	2	3	4	5	5	3	4	5	4
AT1G02560	2	3	5	2	4	4	3	5	2	1	1	1	5	4	4	1	2	3	2	4	3	2	1	3	3	1	5	4	3	5	5	2	3	1	5	4	5	5	4	4	5	4	1	5	3	1	3	3	4	4	3	2	4	1	3	3	2	1	5	4	3	3	2	3	2	2	5	2	3	3	5	4	4	4	1	1	5	3	4	1	1	3	3	1	3	3	3	4	2	5	3	2	3	4	5	5	3	4	5	4
AT1G18730	2	3	5	2	4	4	3	5	2	1	1	1	5	4	4	1	2	3	2	4	3	4	1	3	3	1	5	4	3	5	5	2	3	1	5	4	5	5	4	4	5	4	1	5	3	1	3	3	4	4	1	2	3	1	3	3	3	1	5	4	3	3	2	3	2	2	5	2	3	3	5	4	4	4	1	1	5	3	4	1	1	3	3	1	3	3	3	4	2	5	3	3	5	4	5	5	3	4	5	4
AT3G46780	1	3	5	2	5	4	3	5	1	1	2	1	3	4	4	1	2	3	2	4	4	2	1	4	3	1	5	5	3	5	3	2	3	1	5	4	5	3	4	4	1	4	1	4	3	5	2	3	4	3	3	2	4	4	3	5	2	1	2	5	3	2	3	5	2	3	5	2	1	1	5	4	1	4	1	1	5	3	3	1	1	3	3	1	3	3	3	4	1	2	1	2	3	4	5	5	3	4	3	4
AT1G79450	4	3	4	2	1	4	5	5	1	1	2	1	4	4	4	1	1	3	3	1	4	5	1	1	1	1	5	2	3	5	3	4	3	1	3	2	5	5	4	4	1	4	1	1	3	1	2	3	4	3	3	2	4	4	5	5	2	4	5	5	3	2	3	5	2	5	5	5	5	3	5	4	1	4	1	5	2	3	3	1	3	5	3	1	3	3	3	4	1	3	1	2	4	4	5	5	3	4	5	4
AT1G06690	1	3	5	2	5	4	3	5	1	1	1	1	3	4	4	1	2	3	2	4	4	2	1	3	3	1	5	4	3	5	3	2	3	1	5	4	5	5	4	4	1	4	1	1	3	1	2	3	4	4	3	2	4	4	3	3	2	1	5	5	3	2	3	5	2	2	5	2	3	3	5	4	1	4	1	5	5	3	3	1	1	3	3	1	3	3	3	4	1	2	1	2	3	4	5	5	3	4	5	4
AT1G23740	1	3	5	2	5	4	3	5	1	1	2	1	3	4	4	1	2	3	2	4	4	2	1	3	3	1	5	4	3	5	3	2	3	1	5	4	5	3	4	4	1	4	1	1	3	5	2	3	4	3	3	2	4	4	3	5	2	1	2	5	3	2	3	5	2	3	5	2	3	1	5	4	1	4	1	5	2	3	3	1	3	3	3	1	3	3	3	4	1	2	1	2	3	4	5	5	3	4	5	4
AT3G46610	5	2	3	3	3	5	1	1	5	2	5	5	1	3	1	4	4	5	5	2	2	3	5	2	5	5	1	3	1	1	4	1	5	5	4	1	1	1	2	1	3	3	3	2	1	2	4	4	1	5	2	5	1	3	2	4	1	5	4	2	1	5	5	2	3	1	3	4	2	5	1	2	2	1	5	3	1	1	1	5	2	4	1	3	1	2	4	5	5	4	4	1	2	5	4	1	5	1	2	1
AT1G29920	1	3	5	2	5	4	3	5	1	1	1	1	3	4	4	1	2	3	2	4	4	2	1	3	3	1	5	4	3	5	3	2	3	1	5	4	5	5	4	4	1	4	1	1	3	1	2	3	4	4	3	2	4	1	3	3	2	1	5	5	3	2	3	5	2	2	5	2	3	3	5	4	1	4	1	1	5	3	3	1	1	3	3	1	3	3	3	4	2	2	1	2	3	4	5	5	3	4	5	4
AT1G50450	4	5	4	5	1	3	5	4	3	5	4	2	1	2	3	2	1	2	3	3	5	5	2	1	1	4	4	2	3	2	2	4	4	2	3	2	2	4	5	2	4	1	5	3	2	3	1	5	3	1	4	4	5	5	4	2	5	2	3	1	5	4	4	1	4	5	4	5	5	4	4	5	5	5	5	2	4	5	2	3	4	5	2	2	5	5	1	1	3	3	5	4	4	2	2	3	4	3	4	2
AT2G17630	2	3	5	2	4	4	3	5	2	1	1	1	3	4	4	1	2	3	2	4	3	2	1	3	3	1	5	4	3	5	3	2	3	1	5	4	5	5	4	4	1	4	1	5	3	1	3	3	4	4	3	2	4	1	3	3	2	1	5	4	3	2	3	5	2	2	5	2	3	3	5	4	4	4	1	1	5	3	4	1	1	3	3	1	3	3	3	4	2	5	3	2	3	4	5	5	3	4	5	4
AT1G14590	1	3	4	2	1	4	5	5	1	1	2	1	4	4	4	1	2	3	3	1	4	5	1	1	1	1	5	2	3	5	3	4	3	1	3	2	5	5	4	4	1	4	1	1	3	1	2	3	4	3	3	2	4	4	5	5	2	4	2	5	3	2	3	5	2	5	5	2	5	3	5	4	1	4	1	5	2	3	3	1	3	5	3	1	3	3	3	4	1	3	1	2	4	4	5	5	3	4	5	4
AT1G54790	4	3	4	5	1	3	5	4	3	5	4	2	4	2	3	2	1	2	3	1	5	5	1	1	1	4	4	2	3	2	2	4	4	2	3	2	2	4	5	4	4	1	5	1	2	1	1	5	3	1	3	4	5	5	5	2	5	4	3	1	5	4	4	1	4	5	4	5	5	4	4	5	5	5	5	5	2	5	2	3	3	5	2	2	5	5	1	1	1	3	5	4	4	2	2	3	1	3	4	2
AT2G22360	1	3	5	2	5	4	3	5	2	1	1	1	3	4	4	1	2	3	2	4	4	2	1	3	3	1	5	4	3	5	3	2	3	1	5	4	5	5	4	4	1	4	1	5	3	5	2	3	4	4	3	2	4	1	3	3	2	1	5	5	3	2	3	5	2	3	5	2	3	3	5	4	1	4	1	1	5	3	3	1	1	3	3	1	3	3	3	4	2	2	3	2	3	4	5	5	3	4	5	4
AT4G39960	2	3	5	2	5	4	3	5	2	1	1	1	3	4	4	1	2	3	2	4	3	2	1	3	3	1	5	4	3	5	3	2	3	1	5	4	5	5	4	4	1	4	1	5	3	1	3	3	4	4	3	2	4	1	3	3	2	1	5	5	3	2	3	5	2	2	5	2	3	3	5	4	1	4	1	1	5	3	3	1	1	3	3	1	3	3	3	4	2	5	3	2	3	4	5	5	3	4	5	4
AT1G15820	1	3	5	2	5	4	3	5	1	1	1	1	3	4	4	1	2	3	2	4	4	2	1	3	3	1	5	4	3	5	3	2	3	1	5	4	5	5	4	4	1	4	1	5	3	5	2	3	4	4	3	2	4	1	3	3	2	1	5	5	3	2	3	5	2	2	5	2	3	3	5	4	1	4	1	1	5	3	3	1	1	3	3	1	3	3	3	4	2	2	1	2	3	4	5	5	3	4	5	4
AT5G52440	1	3	5	2	5	4	3	5	2	1	1	1	3	4	4	1	2	3	2	4	3	2	1	3	3	1	5	4	3	5	3	2	3	1	5	4	5	5	4	4	1	4	1	5	3	5	3	3	4	4	1	2	4	1	3	3	2	1	5	5	3	2	3	5	2	3	5	2	3	3	5	4	1	4	1	1	5	3	3	1	1	3	3	1	3	3	3	4	2	2	3	2	3	4	5	5	3	4	5	4
AT1G74880	4	5	4	5	1	3	5	4	3	5	4	2	1	2	3	2	1	2	3	3	5	5	2	1	1	4	4	2	3	2	2	4	1	2	3	2	2	4	5	2	4	1	5	3	2	3	1	5	3	1	4	4	5	5	4	2	5	2	3	1	5	4	4	1	4	5	4	5	5	4	4	5	2	1	5	2	4	5	2	3	4	5	2	2	5	5	1	1	3	3	5	4	4	2	2	3	4	3	4	2
AT3G28850	1	3	5	2	5	4	3	5	1	1	1	1	3	4	4	1	2	3	2	4	4	2	1	3	3	1	5	4	3	5	3	2	3	1	5	4	5	5	4	4	1	4	1	5	3	5	2	3	4	4	3	2	4	1	3	3	2	1	2	5	3	2	3	5	2	3	5	2	3	3	5	4	1	4	1	1	5	3	3	1	1	3	3	1	3	3	3	4	2	2	1	2	3	4	5	5	3	4	5	4
AT5G02160	2	3	5	2	4	4	3	5	2	1	1	1	4	4	4	1	2	3	2	4	3	2	1	3	3	1	5	4	3	5	3	2	3	1	5	4	5	5	4	4	1	4	1	1	3	1	3	3	4	4	3	2	4	1	3	3	2	1	5	4	3	2	2	3	2	2	5	2	3	3	5	4	4	4	1	1	5	3	3	1	1	3	3	1	3	3	3	4	1	5	3	2	3	4	5	5	3	4	5	4
AT4G33520	5	1	3	4	3	5	1	2	5	2	5	3	5	5	5	2	4	1	1	2	1	3	2	2	2	5	3	3	5	3	1	5	5	3	1	3	3	2	3	2	3	2	2	3	5	2	5	4	5	5	4	5	1	3	4	1	1	3	4	2	1	5	5	1	1	1	3	3	2	2	2	3	3	3	5	3	3	4	1	5	2	2	1	4	2	1	4	2	5	1	2	5	2	1	5	4	4	2	2	5
AT1G80380	2	3	5	2	4	4	3	5	2	4	1	3	5	4	4	3	2	4	2	4	3	4	1	3	4	1	5	4	3	5	5	2	3	1	2	4	5	5	1	4	5	5	1	5	3	1	3	3	4	4	1	2	3	1	3	3	3	1	5	4	2	3	2	3	2	4	5	2	3	3	5	4	4	4	2	1	5	3	4	1	1	3	3	1	3	3	3	3	2	5	3	3	5	4	5	5	2	4	1	4
AT5G01220	1	3	5	2	5	4	3	5	1	1	2	1	3	4	4	1	2	3	2	4	4	2	1	4	3	1	5	5	3	5	3	2	3	1	5	4	5	3	4	4	1	4	1	4	3	5	2	2	4	3	3	2	4	1	3	5	2	1	2	5	3	2	3	5	2	3	5	2	1	1	5	4	1	4	1	1	5	3	3	1	1	3	3	1	3	3	3	4	2	2	1	2	3	4	5	5	3	4	3	4
AT2G27290	2	3	5	2	4	4	3	5	2	1	1	1	3	4	4	1	2	3	2	4	3	2	1	3	3	1	5	4	3	5	3	2	3	1	5	4	5	5	4	4	1	4	1	5	3	1	3	3	4	4	3	2	4	1	3	3	2	1	5	4	3	2	3	5	2	2	5	2	3	3	5	4	1	4	1	1	5	3	3	1	1	3	3	1	3	3	3	4	2	5	3	2	3	4	5	5	3	4	5	4
AT2G37400	4	5	4	5	1	3	5	4	3	5	4	2	4	2	3	2	1	2	3	3	5	5	2	1	1	4	4	2	3	2	2	4	4	2	3	2	2	4	5	2	4	1	5	3	2	3	1	5	3	1	4	4	5	5	5	2	5	4	3	1	5	4	4	1	4	5	4	5	5	4	4	5	5	5	5	2	4	5	2	3	4	5	2	2	5	5	1	1	3	3	5	4	4	2	2	3	1	3	4	2
AT4G28025	1	3	5	2	5	4	5	5	1	1	2	1	4	4	4	1	2	3	3	1	4	2	1	3	3	1	5	5	3	5	3	2	3	1	5	2	5	3	4	4	1	4	1	1	3	5	2	3	4	3	3	2	4	4	5	5	2	4	2	5	3	2	3	5	2	3	5	2	5	1	5	4	1	4	1	5	2	3	3	1	3	3	3	1	3	3	3	4	1	2	1	2	3	4	5	5	3	4	5	4
AT3G15840	1	3	5	2	5	4	3	5	1	1	2	1	3	4	4	1	2	3	2	4	4	2	1	3	3	1	5	5	3	5	3	2	3	1	5	4	5	3	4	4	1	4	1	1	3	5	2	3	4	3	3	2	4	4	3	5	2	1	2	5	3	2	3	5	2	3	5	2	3	1	5	4	1	4	1	5	2	3	3	1	3	3	3	1	3	3	3	4	1	2	1	2	3	4	5	5	3	4	5	4
AT4G37925	2	3	5	2	4	4	3	5	2	1	1	1	5	4	4	1	2	4	2	4	3	4	1	3	4	1	5	4	3	5	5	2	3	1	2	4	5	5	4	4	5	4	1	5	3	1	3	3	4	4	1	2	3	1	3	3	3	1	5	4	2	3	2	3	2	2	5	2	3	3	5	4	4	4	2	1	5	3	4	1	1	3	3	1	3	3	3	4	2	5	3	3	5	4	5	5	2	4	5	4
AT4G27700	2	3	5	2	4	4	3	5	2	4	1	3	5	4	4	3	2	4	2	4	3	4	1	3	4	2	5	4	3	5	5	2	3	1	2	4	5	5	1	4	5	5	1	5	3	1	3	3	4	4	1	2	3	2	3	3	3	1	5	4	2	3	2	3	2	4	5	2	2	3	5	4	4	4	2	1	5	3	4	1	1	3	3	1	3	3	3	3	2	5	3	3	5	4	5	5	2	4	1	4
AT5G23890	2	3	5	2	4	4	3	5	2	1	1	1	3	4	4	1	2	3	2	4	3	2	1	3	3	1	5	4	3	5	3	2	3	1	5	4	5	5	4	4	1	4	1	5	3	1	3	3	4	4	3	2	4	1	3	3	2	1	5	4	3	2	2	3	2	2	5	2	3	3	5	4	1	4	1	1	5	3	3	1	1	3	3	1	3	3	3	4	2	5	3	2	3	4	5	5	3	4	5	4
AT2G30950	2	3	5	2	5	4	3	5	2	1	1	1	3	4	4	1	2	3	2	4	3	2	1	3	3	1	5	4	3	5	3	2	3	1	5	4	5	5	4	4	1	4	1	5	3	1	3	3	4	4	3	2	4	1	3	3	2	1	5	5	3	2	3	5	2	2	5	2	3	3	5	4	1	4	1	1	5	3	3	1	1	3	3	1	3	3	3	4	2	5	3	2	3	4	5	5	3	4	5	4
AT5G19500	1	3	5	2	5	4	3	5	1	1	2	1	3	4	4	1	2	3	2	4	4	2	1	3	3	1	5	4	3	5	3	2	3	1	5	4	5	3	4	4	1	4	1	1	3	5	2	3	4	4	3	2	4	1	3	3	2	1	2	5	3	2	3	5	2	3	5	2	3	1	5	4	1	4	1	1	5	3	3	1	1	3	3	1	3	3	3	4	2	2	1	2	3	4	5	5	3	4	5	4
AT1G44575	5	2	3	4	5	2	1	3	4	2	5	5	1	3	5	4	5	1	4	2	2	1	5	4	5	5	1	3	2	1	4	1	5	5	4	5	1	1	2	1	3	3	3	4	4	2	4	2	1	5	2	1	1	3	2	4	4	5	4	2	4	1	5	2	5	5	2	4	1	5	1	1	2	3	4	3	1	1	1	5	2	4	5	3	1	2	4	5	5	4	4	1	1	3	3	1	5	1	3	1
AT4G13010	1	3	5	2	5	4	3	5	1	1	1	1	3	4	4	1	2	3	2	4	4	2	1	3	3	1	5	4	3	5	3	2	3	1	5	4	5	5	4	4	1	4	1	5	3	5	2	3	4	4	3	2	4	1	3	3	2	1	2	5	3	2	3	5	2	3	5	2	3	3	5	4	1	4	1	1	5	3	3	1	1	3	3	1	3	3	3	4	2	2	1	2	3	4	5	5	3	4	5	4
AT2G40100	2	3	5	2	4	4	3	5	2	1	1	1	5	4	4	1	2	3	2	4	3	2	1	3	3	1	5	4	3	5	3	2	3	1	5	4	5	5	4	4	5	4	1	5	3	1	3	3	4	4	3	2	4	1	3	3	2	1	5	4	3	2	2	3	2	2	5	2	3	3	5	4	4	4	1	1	5	3	4	1	1	3	3	1	3	3	3	4	2	5	3	2	3	4	5	5	3	4	5	4
AT1G71500	5	3	3	4	5	2	1	3	4	2	5	5	1	3	5	4	5	1	4	2	2	1	5	4	5	5	1	5	2	1	4	1	5	5	4	5	3	1	2	1	3	3	3	4	4	2	4	2	1	5	2	1	1	3	2	4	4	5	2	2	4	1	5	2	5	5	2	4	1	5	1	1	2	3	4	3	1	1	1	5	2	4	5	3	1	2	4	5	5	4	4	1	1	3	3	1	5	1	3	1
AT1G42960	1	3	5	2	5	4	3	5	1	1	2	1	3	4	4	1	2	3	2	4	4	2	1	3	3	1	5	4	3	5	3	2	3	1	5	4	5	5	4	4	1	4	1	1	3	5	2	3	4	4	3	2	4	4	3	3	2	1	5	5	3	2	3	5	2	2	5	2	3	3	5	4	1	4	1	1	5	3	3	1	1	3	3	1	3	3	3	4	1	2	1	2	3	4	5	5	3	4	5	4
AT3G26080	4	3	4	5	1	3	5	4	1	1	2	2	4	4	3	1	1	3	3	1	5	5	1	1	1	4	5	2	3	5	2	4	3	2	3	2	2	5	5	4	1	4	5	1	2	1	2	5	4	1	3	4	5	4	5	5	5	4	3	1	5	2	4	1	4	5	5	5	5	4	4	4	5	5	1	5	2	5	3	3	3	5	2	2	5	5	1	1	1	3	1	2	4	4	2	3	1	4	4	2
AT2G21530	4	5	4	5	1	3	5	4	3	5	4	2	1	2	3	2	1	2	3	3	5	5	2	1	1	4	4	2	3	2	2	4	4	2	3	2	2	4	5	2	4	1	5	3	2	3	1	5	3	1	4	4	5	5	4	2	5	2	3	1	5	4	4	1	4	5	4	5	5	4	4	5	5	5	5	2	4	5	2	3	4	5	2	2	5	5	1	1	3	3	5	4	4	2	2	3	4	3	4	2
AT4G19830	2	3	5	2	4	4	3	5	2	1	1	1	3	4	4	1	2	3	2	4	3	2	1	3	3	1	5	4	3	5	3	2	3	1	5	4	5	5	4	4	1	4	1	5	3	1	3	3	4	4	3	2	4	1	3	3	2	1	5	4	3	2	3	5	2	2	5	2	3	3	5	4	4	4	1	1	5	3	3	1	1	3	3	1	3	3	3	4	2	5	3	2	3	4	5	5	3	4	5	4
AT2G37660	2	3	5	2	4	4	3	5	2	1	1	1	5	4	4	1	2	3	2	4	3	2	1	3	3	1	5	4	3	5	5	2	3	1	5	4	5	5	4	4	5	4	1	5	3	1	3	3	4	4	1	2	4	1	3	3	2	1	5	4	3	3	2	3	2	2	5	2	3	3	5	4	4	4	1	1	5	3	4	1	1	3	3	1	3	3	3	4	2	5	3	3	3	4	5	5	3	4	5	4
AT3G10470	2	3	5	2	5	4	3	5	2	1	1	1	3	4	4	1	2	3	2	4	3	2	1	3	3	1	5	4	3	5	3	2	3	1	5	4	5	5	4	4	1	4	1	5	3	1	3	3	4	4	3	2	4	1	3	3	2	1	5	5	3	2	3	5	2	2	5	2	3	3	5	4	1	4	1	1	5	3	3	1	1	3	3	1	3	3	3	4	2	5	3	2	3	4	5	5	3	4	5	4
AT2G37230	1	3	5	2	5	4	3	5	1	1	1	1	3	4	4	1	2	3	2	4	4	2	1	3	3	1	5	4	3	5	3	2	3	1	5	4	5	5	4	4	1	4	1	1	3	1	2	3	4	4	3	2	4	1	3	3	2	1	5	5	3	2	3	5	2	2	5	2	3	3	5	4	1	4	1	1	5	3	3	1	1	3	3	1	3	3	3	4	2	2	1	2	3	4	5	5	3	4	5	4
AT1G54780	1	3	5	2	5	4	3	5	4	1	2	1	3	4	4	1	5	3	4	4	4	1	1	4	5	1	5	5	3	1	3	2	3	5	5	5	5	3	2	4	1	4	1	4	3	5	2	2	4	3	3	2	4	4	2	5	2	1	2	5	3	2	3	5	5	3	5	4	1	1	5	4	1	3	4	5	5	3	3	1	3	4	3	1	3	3	3	4	1	2	1	2	1	4	3	5	3	4	3	4
AT4G33010	2	3	1	2	2	4	4	3	2	4	1	3	5	4	4	3	3	4	2	4	3	4	3	5	4	2	5	1	3	5	5	2	3	4	2	4	5	5	1	5	5	5	4	5	3	1	3	3	4	2	1	2	3	2	3	3	3	5	5	4	2	3	2	3	2	4	5	2	2	3	5	4	4	2	2	1	5	4	4	1	1	3	3	1	4	3	3	3	2	5	3	3	5	4	5	2	2	4	1	4
AT5G19370	2	3	5	2	4	4	3	5	2	1	1	1	3	4	4	1	2	3	2	4	3	2	1	3	3	1	5	4	3	5	3	2	3	1	5	4	5	5	4	4	1	4	1	5	3	1	3	3	4	4	3	2	4	1	3	3	2	1	5	4	3	2	3	5	2	2	5	2	3	3	5	4	1	4	1	1	5	3	3	1	1	3	3	1	3	3	3	4	2	5	3	2	3	4	5	5	3	4	5	4
AT2G30695	2	3	5	2	4	4	3	5	2	1	1	1	5	4	4	1	2	3	2	4	3	2	1	3	3	1	5	4	3	5	5	2	3	1	5	4	5	5	4	4	5	4	1	5	3	1	3	3	4	4	3	2	4	1	3	3	2	1	5	4	3	3	2	3	2	2	5	2	3	3	5	4	4	4	1	1	5	3	4	1	1	3	3	1	3	3	3	4	2	5	3	3	3	4	5	5	3	4	5	4
AT5G42070	2	3	5	2	5	4	3	5	2	1	1	1	3	4	4	1	2	3	2	4	4	2	1	3	3	1	5	4	3	5	3	2	3	1	5	4	5	5	4	4	1	4	1	5	3	1	2	3	4	4	3	2	4	1	3	3	2	1	5	5	3	2	3	5	2	2	5	2	3	3	5	4	1	4	1	1	5	3	3	1	1	3	3	1	3	3	3	4	2	5	3	2	3	4	5	5	3	4	5	4
AT4G39730	1	3	5	2	5	4	3	5	1	1	2	1	3	4	4	1	2	3	2	4	4	2	1	3	3	1	5	4	3	5	3	2	3	1	5	4	5	5	4	4	1	4	1	1	3	5	2	3	4	3	3	2	4	4	3	5	2	1	2	5	3	2	3	5	2	3	5	2	3	3	5	4	1	4	1	5	2	3	3	1	3	3	3	1	3	3	3	4	1	2	1	2	3	4	5	5	3	4	5	4
AT1G07510	2	3	5	2	5	4	3	5	1	1	1	1	3	4	4	1	2	3	2	4	4	2	1	3	3	1	5	4	3	5	3	2	3	1	5	4	5	5	4	4	1	4	1	5	3	1	2	3	4	4	3	2	4	1	3	3	2	1	5	5	3	2	3	5	2	2	5	2	3	3	5	4	1	4	1	1	5	3	3	1	1	3	3	1	3	3	3	4	2	5	1	2	3	4	5	5	3	4	5	4
AT1G79040	5	2	3	4	3	2	1	3	4	2	5	5	1	3	5	4	5	1	4	2	2	1	5	4	5	5	1	3	2	1	4	1	5	5	4	5	1	1	2	1	3	3	3	4	1	2	4	2	1	5	2	1	1	3	2	4	4	5	4	2	4	1	5	2	5	5	2	4	1	5	1	1	2	3	4	3	1	1	1	5	2	4	5	3	1	2	4	5	5	4	4	1	1	3	3	1	5	1	2	1
AT2G21160	4	5	4	5	1	3	5	4	3	5	4	2	4	2	3	2	1	2	3	3	5	5	2	1	1	4	4	2	3	2	2	4	4	2	3	2	2	4	5	2	4	1	5	3	2	3	1	5	3	1	4	4	5	5	5	2	5	4	3	1	5	4	4	1	4	5	4	5	5	4	4	5	5	5	5	2	4	5	2	3	4	5	2	2	5	5	1	1	3	3	5	4	4	2	2	3	1	3	4	2
AT4G39460	1	3	5	2	5	4	3	5	1	1	1	1	3	4	4	1	2	3	2	4	4	2	1	3	3	1	5	4	3	5	3	2	3	1	5	4	5	5	4	4	1	4	1	5	3	5	2	3	4	4	3	2	4	1	3	3	2	1	5	5	3	2	3	5	2	3	5	2	3	3	5	4	1	4	1	1	5	3	3	1	1	3	3	1	3	3	3	4	2	2	1	2	3	4	5	5	3	4	5	4
AT3G26580	2	3	5	2	5	4	3	5	2	1	1	1	3	4	4	1	2	3	2	4	3	2	1	3	3	1	5	4	3	5	3	2	3	1	5	4	5	5	4	4	1	4	1	5	3	1	3	3	4	4	3	2	4	1	3	3	2	1	5	5	3	2	3	5	2	2	5	2	3	3	5	4	1	4	1	1	5	3	3	1	1	3	3	1	3	3	3	4	2	5	3	2	3	4	5	5	3	4	5	4
AT1G03160	2	3	5	2	4	4	3	5	2	1	1	1	5	4	4	1	2	3	2	4	3	4	1	3	4	1	5	4	3	5	5	2	3	1	5	4	5	5	4	4	5	4	1	5	3	1	3	3	4	4	1	2	3	1	3	3	3	1	5	4	3	3	2	3	2	2	5	2	3	3	5	4	4	4	1	1	5	3	4	1	1	3	3	1	3	3	3	4	2	5	3	3	5	4	5	5	2	4	5	4
AT2G24020	1	3	5	2	5	4	3	5	1	1	2	1	4	4	4	1	2	3	2	1	4	2	1	3	3	1	5	4	3	5	3	2	3	1	5	4	5	5	4	4	1	4	1	1	3	5	2	3	4	3	3	2	4	4	3	5	2	1	5	5	3	2	3	5	2	2	5	2	3	3	5	4	1	4	1	5	2	3	3	1	3	3	3	1	3	3	3	4	1	2	1	2	3	4	5	5	3	4	5	4
AT1G05385	4	3	4	5	1	3	5	5	1	1	1	2	4	4	4	1	1	3	3	1	5	5	1	1	1	4	5	2	3	5	2	4	3	2	3	2	2	5	5	4	1	4	5	1	2	1	2	5	4	1	3	2	5	4	5	5	2	4	3	5	5	2	4	5	4	5	5	5	5	4	4	4	5	5	1	5	2	5	3	3	3	5	2	2	5	5	1	1	1	3	1	2	4	4	5	3	1	4	4	4
AT5G52970	1	3	5	2	5	4	3	5	1	1	1	1	3	4	4	1	2	3	2	4	4	2	1	3	3	1	5	4	3	5	3	2	3	1	5	4	5	5	4	4	1	4	1	5	3	5	2	3	4	4	3	2	4	1	3	3	2	1	5	5	3	2	3	5	2	3	5	2	3	3	5	4	1	4	1	1	5	3	3	1	1	3	3	1	3	3	3	4	2	2	1	2	3	4	5	5	3	4	5	4
AT3G08920	2	3	5	2	4	4	3	5	2	4	1	3	5	4	4	3	2	4	2	4	3	4	1	3	4	2	5	4	3	5	5	2	3	1	2	4	5	5	1	4	5	5	1	5	3	1	3	3	4	4	1	2	3	2	3	3	3	1	5	4	2	3	2	3	2	4	5	2	3	3	5	4	4	4	2	1	5	3	4	1	1	3	3	1	3	3	3	3	2	5	3	3	5	4	5	5	2	4	1	4
AT1G72640	2	3	5	2	4	4	3	5	2	1	1	1	5	4	4	1	2	3	2	4	3	2	1	3	3	1	5	4	3	5	3	2	3	1	5	4	5	5	4	4	5	4	1	5	3	1	3	3	4	4	3	2	4	1	3	3	3	1	5	4	3	3	2	3	2	2	5	2	3	3	5	4	1	4	1	1	5	3	4	1	1	3	3	1	3	3	3	4	2	5	3	2	3	4	5	5	3	4	5	4
AT1G67840	4	5	4	5	1	3	5	4	3	5	4	2	1	2	3	2	1	2	3	3	5	5	2	1	1	4	4	2	3	2	2	4	1	2	3	2	2	4	5	2	4	1	5	3	2	3	1	5	3	1	4	4	5	5	4	2	5	2	3	1	5	4	4	1	4	5	4	5	5	4	4	5	2	1	5	2	4	5	2	3	4	5	2	2	5	5	1	1	3	3	5	4	4	2	2	3	4	3	4	2
AT5G13120	2	3	5	2	4	4	3	5	2	1	1	1	3	4	4	1	2	3	2	4	3	2	1	3	3	1	5	4	3	5	3	2	3	1	5	4	5	5	4	4	5	4	1	5	3	1	3	3	4	4	3	2	4	1	3	3	2	1	5	4	3	2	2	3	2	2	5	2	3	3	5	4	4	4	1	1	5	3	4	1	1	3	3	1	3	3	3	4	2	5	3	2	3	4	5	5	3	4	5	4
AT4G31390	5	2	3	3	3	5	1	1	5	2	5	5	1	3	1	4	4	5	5	2	1	3	2	2	2	5	2	3	1	4	1	1	5	3	4	1	4	1	3	3	3	2	3	2	1	4	5	4	1	5	2	5	1	3	1	4	1	5	4	3	1	5	5	2	3	1	3	3	2	5	1	2	2	1	5	3	3	2	1	5	2	2	1	3	1	2	4	2	5	4	4	1	2	5	4	1	5	2	2	5
AT4G24930	1	3	5	2	5	4	5	5	1	1	2	1	4	4	4	1	2	3	3	1	4	5	1	1	3	1	5	2	3	5	3	4	3	1	3	2	5	5	4	4	1	4	1	1	3	5	2	3	4	3	3	2	4	4	5	5	2	4	2	5	3	2	3	5	2	5	5	2	5	3	5	4	1	4	1	5	2	3	3	1	3	5	3	1	3	3	3	4	1	2	1	2	4	4	5	5	3	4	5	4
AT1G74710	2	3	5	2	4	4	3	5	2	1	1	1	5	4	4	1	2	3	2	4	3	2	1	3	3	1	5	4	3	5	3	2	3	1	5	4	5	5	4	4	5	4	1	5	3	1	3	3	4	4	3	2	4	1	3	3	2	1	5	4	3	3	2	3	2	2	5	2	3	3	5	4	4	4	1	1	5	3	4	1	1	3	3	1	3	3	3	4	2	5	3	2	3	4	5	5	3	4	5	4
AT4G18370	2	3	5	2	5	4	3	5	1	1	1	1	3	4	4	1	2	3	2	4	4	2	1	3	3	1	5	4	3	5	3	2	3	1	5	4	5	5	4	4	1	4	1	1	3	1	2	3	4	4	3	2	4	1	3	3	2	1	5	5	3	2	3	5	2	2	5	2	3	3	5	4	1	4	1	1	5	3	3	1	1	3	3	1	3	3	3	4	1	5	1	2	3	4	5	5	3	4	5	4
AT1G03090	4	5	4	5	1	3	5	4	3	5	4	2	1	2	3	2	1	2	3	3	5	5	2	1	1	4	4	2	3	2	2	4	4	2	3	2	2	4	5	2	4	1	5	3	2	3	1	5	3	1	4	4	5	5	4	2	5	2	3	1	5	4	4	1	4	5	4	5	5	4	4	5	5	5	5	2	4	5	2	3	4	5	2	2	5	5	1	1	3	3	5	4	4	2	2	3	4	3	4	2
AT3G55330	1	3	5	2	5	4	3	5	2	1	1	1	3	4	4	1	2	3	2	4	4	2	1	3	3	1	5	4	3	5	3	2	3	1	5	4	5	5	4	4	1	4	1	5	3	5	2	3	4	4	3	2	4	1	3	3	2	1	5	5	3	2	3	5	2	2	5	2	3	3	5	4	1	4	1	1	5	3	3	1	1	3	3	1	3	3	3	4	2	2	1	2	3	4	5	5	3	4	5	4
AT4G36810	3	4	2	4	2	1	2	2	5	5	3	4	2	1	2	5	3	2	1	5	1	3	4	5	2	3	4	1	4	2	1	3	2	3	1	3	4	2	3	3	2	2	4	2	5	3	1	1	2	2	5	3	2	3	1	4	4	2	1	3	4	1	1	4	1	4	1	1	4	2	3	2	3	2	3	4	3	2	5	2	5	1	4	5	2	4	5	3	4	1	5	5	2	3	1	2	5	5	4	3
AT1G16790	1	3	4	2	5	4	5	5	1	1	2	1	4	4	4	1	1	3	3	1	4	5	1	4	1	4	5	5	3	5	3	4	3	2	3	2	5	3	4	4	1	4	1	1	3	5	2	5	4	3	3	2	4	4	5	5	2	1	2	5	3	2	3	5	2	5	5	5	5	1	5	4	1	5	4	5	2	3	3	3	3	5	2	2	3	3	3	4	1	2	1	2	4	4	5	5	3	4	3	4
AT1G15140	1	3	5	2	5	4	3	5	1	1	2	1	4	4	4	1	2	3	3	1	4	2	1	3	3	1	5	2	3	5	3	2	3	1	5	4	5	5	4	4	1	4	1	1	3	5	2	3	4	3	3	2	4	4	5	5	2	4	2	5	3	2	3	5	2	2	5	2	5	3	5	4	1	4	1	5	2	3	3	1	3	3	3	1	3	3	3	4	1	2	1	2	3	4	5	5	3	4	5	4
AT1G31180	4	3	4	5	1	3	5	4	3	5	2	2	4	4	3	1	1	3	3	1	5	5	1	1	1	4	5	2	3	5	2	4	3	2	3	2	2	5	5	4	1	4	5	1	2	1	2	5	4	1	3	2	5	4	5	5	5	4	3	1	5	2	4	5	4	5	5	5	5	4	4	4	5	5	1	5	2	5	3	3	3	5	2	2	5	5	1	1	1	3	1	2	4	4	2	3	1	4	4	2
AT5G03455	2	3	5	2	5	4	3	5	2	1	1	1	3	4	4	1	2	3	2	4	4	2	1	3	3	1	5	4	3	5	3	2	3	1	5	4	5	5	4	4	1	4	1	5	3	1	2	3	4	4	3	2	4	1	3	3	2	1	5	5	3	2	3	5	2	2	5	2	3	3	5	4	1	4	1	1	5	3	3	1	1	3	3	1	3	3	3	4	2	5	3	2	3	4	5	5	3	4	5	4
AT5G52780	2	3	5	2	4	4	3	5	2	1	1	1	5	4	4	1	2	3	2	4	3	2	1	3	3	1	5	4	3	5	3	2	3	1	5	4	5	5	4	4	5	4	1	5	3	1	3	3	4	4	3	2	4	1	3	3	2	1	5	4	3	3	2	3	2	2	5	2	3	3	5	4	4	4	1	1	5	3	4	1	1	3	3	1	3	3	3	4	2	5	3	2	3	4	5	5	3	4	5	4
AT1G51110	1	3	5	2	5	4	3	5	1	1	2	1	3	4	4	1	2	3	2	4	4	2	1	3	3	1	5	4	3	5	3	2	3	1	5	4	5	3	4	4	1	4	1	1	3	5	2	3	4	3	3	2	4	1	3	3	2	1	2	5	3	2	3	5	2	3	5	2	3	1	5	4	1	4	1	1	5	3	3	1	1	3	3	1	3	3	3	4	2	2	1	2	3	4	5	5	3	4	5	4
AT3G25480	1	3	5	2	5	4	3	5	1	1	2	1	3	4	4	1	2	3	2	4	4	2	1	4	3	1	5	5	3	5	3	2	3	1	5	4	5	3	4	4	1	4	1	4	3	5	2	3	4	3	3	2	4	4	3	5	2	1	2	5	3	2	3	5	2	3	5	2	1	1	5	4	1	4	1	1	5	3	3	1	1	3	3	1	3	3	3	4	2	2	1	2	3	4	5	5	3	4	3	4
AT5G42765	2	3	5	2	5	4	3	5	2	1	1	1	3	4	4	1	2	3	2	4	3	2	1	3	3	1	5	4	3	5	3	2	3	1	5	4	5	5	4	4	1	4	1	5	3	1	3	3	4	4	3	2	4	1	3	3	2	1	5	5	3	2	3	5	2	2	5	2	3	3	5	4	1	4	1	1	5	3	3	1	1	3	3	1	3	3	3	4	2	5	3	2	3	4	5	5	3	4	5	4
AT1G16880	5	2	3	3	3	5	1	1	5	3	5	5	2	3	1	4	4	5	1	2	1	3	5	2	2	3	2	3	1	4	1	1	5	4	4	1	1	1	3	3	3	2	3	2	1	4	5	4	1	5	2	5	2	3	1	4	1	5	4	3	1	5	5	2	3	1	3	3	2	5	1	2	2	1	5	3	3	2	1	5	2	2	5	3	1	2	2	2	5	4	4	1	2	5	4	1	5	2	2	5
AT1G14345	2	3	5	2	4	4	3	5	2	1	1	1	5	4	4	1	2	3	2	4	3	4	1	3	4	1	5	4	3	5	5	2	3	1	5	4	5	5	4	4	5	4	1	5	3	1	3	3	4	4	1	2	3	1	3	3	3	1	5	4	3	3	2	3	2	2	5	2	3	3	5	4	4	4	2	1	5	3	4	1	1	3	3	1	3	3	3	4	2	5	3	3	5	4	5	5	2	4	5	4
AT1G66670	2	3	5	2	5	4	3	5	2	1	1	1	3	4	4	1	2	3	2	4	3	2	1	3	3	1	5	4	3	5	3	2	3	1	5	4	5	5	4	4	1	4	1	5	3	1	3	3	4	4	3	2	4	1	3	3	2	1	5	4	3	2	3	5	2	2	5	2	3	3	5	4	1	4	1	1	5	3	3	1	1	3	3	1	3	3	3	4	2	5	3	2	3	4	5	5	3	4	5	4
