AT2G04030	3	3	3	2	3	4	1	2	3	3	3	1	5	5	2	3	3	3	3	5	4	1	3	1	3	2	2	5	3	2	1	3	4	4	5	2	4	5	1	5	1	3	3	2	1	4	4	2	5	5	1	1	3	1	4	1	3	4	4	3	5	2	3	5	3	4	3	2	1	2	2	3	3	3	4	4	1	5	1	1	2	1	1	1	4	1	5	5	2	2	1	1	3	4	1	4	2	5	5	3
AT5G20140	1	5	5	3	5	2	3	3	2	1	5	5	3	3	3	1	1	5	5	3	2	4	4	4	5	1	3	4	1	4	5	5	2	5	4	4	5	4	4	3	5	5	5	4	5	3	5	5	2	4	2	2	2	3	1	2	1	3	1	5	3	1	2	2	5	1	5	3	2	3	5	4	5	4	1	2	3	2	2	5	5	5	4	3	2	5	4	4	5	3	2	4	2	5	5	5	1	2	1	4
AT5G62720	5	2	1	1	1	3	5	1	4	5	2	3	1	2	1	5	2	1	1	4	5	2	5	5	1	5	4	2	5	5	1	4	5	2	1	3	3	1	3	2	3	3	1	5	3	5	2	4	3	1	5	3	5	2	5	4	2	1	3	4	4	4	1	3	1	2	4	1	3	4	1	2	4	5	5	3	5	1	4	2	4	4	5	5	1	3	1	1	1	5	3	2	4	3	4	1	4	1	2	2
AT4G38100	2	2	1	1	1	3	5	4	4	5	2	3	1	2	1	5	2	1	1	4	5	2	5	5	1	5	4	2	5	5	1	4	5	2	1	3	3	1	3	2	3	4	1	5	3	5	1	4	3	1	5	3	5	2	5	4	2	1	3	4	4	4	1	3	1	2	1	1	3	4	1	2	4	5	5	3	5	1	4	2	4	4	5	5	1	3	1	1	1	5	3	5	4	3	4	1	5	1	2	2
AT5G21430	1	5	5	4	5	2	3	3	2	1	4	5	2	3	3	1	1	2	5	3	2	4	4	4	5	4	5	4	1	4	5	5	2	5	4	4	5	4	4	3	2	5	5	4	5	3	5	3	2	4	2	2	2	3	1	2	1	3	1	5	2	1	2	4	5	1	5	3	2	3	5	4	5	4	1	2	3	4	3	3	5	5	4	3	3	5	4	4	5	1	2	4	2	5	5	5	1	2	1	1
AT3G21055	1	5	4	4	5	5	3	3	2	1	4	5	2	1	4	4	1	2	2	1	2	4	4	4	5	4	5	4	1	4	5	5	2	5	4	4	2	4	4	3	2	1	5	4	4	1	3	3	1	4	2	5	2	3	3	2	1	3	1	5	2	1	2	4	5	1	5	3	2	3	3	4	5	4	1	2	3	4	3	3	5	5	4	3	3	5	2	4	5	1	4	3	2	5	5	2	1	2	1	1
AT4G23890	1	5	2	4	5	2	3	3	2	1	4	5	2	3	3	4	1	2	5	3	2	4	4	4	5	4	5	4	1	4	5	1	2	5	4	4	5	4	4	3	2	5	5	4	4	3	3	3	1	4	2	2	2	3	1	2	1	3	1	5	2	1	2	4	5	1	5	3	2	3	5	4	5	4	1	2	3	4	3	3	5	5	4	3	3	5	4	4	5	1	2	4	2	1	5	5	1	2	1	1
AT4G38380	1	5	2	4	5	2	3	3	2	1	4	5	2	3	3	1	1	5	5	3	2	4	4	4	5	1	3	4	1	4	5	5	2	5	4	4	5	4	4	3	2	5	5	4	5	3	5	3	2	4	2	2	2	3	1	2	1	3	1	5	2	1	2	4	5	1	5	3	2	3	5	4	5	4	1	2	3	4	2	3	5	5	4	3	3	5	4	4	5	1	2	4	2	1	5	5	1	2	1	1
AT4G25910	3	3	3	5	3	1	1	2	3	3	1	2	4	5	2	2	5	3	4	5	4	1	3	1	3	3	1	3	2	2	3	3	4	3	5	1	4	2	2	1	1	2	3	2	2	2	4	1	4	5	4	1	3	1	2	1	3	4	5	3	5	2	5	5	3	4	3	2	3	5	2	3	3	3	4	4	4	5	1	1	2	1	1	1	4	2	5	5	3	2	1	3	5	4	1	4	2	5	3	5
AT2G43010	1	5	2	4	5	2	3	3	2	1	4	5	3	3	3	1	1	5	5	3	2	4	4	4	5	1	3	4	1	4	5	5	2	5	4	4	5	4	4	3	5	5	5	4	5	3	5	3	2	4	2	2	2	3	1	2	1	3	1	5	2	1	2	2	5	1	5	3	2	3	5	4	5	4	1	2	3	2	2	3	5	5	4	3	3	5	4	4	5	3	2	4	2	1	5	5	1	2	1	4
AT4G25050	4	3	3	2	3	1	4	2	3	3	3	2	5	5	2	3	3	4	3	5	1	5	1	2	3	3	1	5	4	3	2	3	1	4	3	2	1	5	5	5	4	2	2	1	1	4	4	2	4	5	1	1	4	4	4	5	4	2	4	1	5	2	5	5	3	3	2	5	1	2	4	1	3	1	2	1	4	5	1	1	3	1	3	4	5	4	1	3	2	4	4	1	1	4	3	4	3	5	4	3
AT1G51350	1	5	2	4	5	2	3	3	2	1	4	5	2	3	3	1	1	2	5	3	2	4	4	4	5	4	5	4	1	4	5	5	2	5	4	4	5	4	4	3	2	5	5	4	5	3	5	3	2	4	2	2	2	3	1	2	1	3	1	5	2	1	2	4	5	1	5	3	2	3	5	4	5	4	1	2	3	4	3	3	5	5	4	3	3	5	4	4	5	1	2	4	2	5	5	5	1	2	1	1
AT1G12250	1	4	5	3	5	2	3	3	2	1	5	5	3	3	3	1	4	5	5	3	2	4	4	4	5	4	3	4	1	4	5	5	2	5	4	4	5	4	4	4	5	5	5	4	5	3	5	5	2	4	2	2	2	3	1	2	1	3	1	5	3	1	2	2	5	1	5	3	2	1	5	4	5	4	3	2	3	2	2	5	1	5	4	3	2	5	4	4	5	3	2	4	2	5	5	5	1	2	1	4
AT2G41680	3	3	3	2	3	4	1	2	3	3	3	2	4	5	2	3	5	3	4	5	4	1	3	1	3	3	1	3	3	2	3	3	4	3	5	1	4	5	1	5	1	2	3	2	1	2	4	2	5	5	1	1	3	1	4	1	3	4	4	3	5	2	5	5	3	4	3	2	1	5	2	3	3	3	4	4	4	5	1	1	2	1	1	1	4	2	5	5	3	2	1	1	5	4	1	4	2	5	5	3
AT3G15110	1	5	5	4	5	2	3	3	2	1	4	5	3	3	3	1	1	5	5	3	2	4	4	4	5	4	3	4	1	4	5	5	2	5	4	4	5	4	4	3	5	5	5	4	5	3	5	3	2	4	2	2	2	3	1	2	1	3	1	5	2	1	2	2	5	1	5	3	2	3	5	4	5	4	1	2	3	4	2	3	5	5	4	3	3	5	4	4	5	1	2	4	2	5	5	5	1	2	1	4
AT2G40400	5	2	1	1	1	3	5	1	4	5	2	3	1	2	1	5	2	1	1	4	5	2	5	5	1	5	4	2	5	5	1	4	5	2	1	3	3	1	3	2	3	3	1	5	3	5	2	4	3	1	5	3	5	2	5	4	2	1	3	4	4	4	1	3	1	2	4	1	2	4	1	2	4	4	5	3	5	1	4	2	4	4	5	5	1	3	1	1	1	5	3	2	4	3	4	1	4	1	2	2
AT5G07020	1	5	4	4	5	5	3	3	2	1	4	5	2	1	4	4	1	2	2	1	1	3	4	4	5	4	5	4	1	4	4	1	2	1	4	4	2	4	4	3	2	1	5	4	4	1	3	3	1	3	2	5	2	3	3	2	1	5	2	2	1	5	2	1	5	1	2	3	4	3	3	5	5	4	1	1	1	4	3	4	5	5	4	3	3	5	2	4	4	1	4	3	2	2	2	2	1	3	4	1
AT5G16660	1	5	2	4	5	2	3	3	2	1	4	5	2	3	3	1	1	5	5	3	2	4	4	4	5	1	3	4	1	4	5	5	2	5	4	4	5	4	4	3	2	5	5	4	5	3	5	3	2	4	2	2	2	3	1	2	1	3	1	5	2	1	2	4	5	1	5	3	2	3	5	4	5	4	1	2	3	4	2	3	5	5	4	3	3	5	4	4	5	1	2	4	2	1	5	5	1	2	1	1
AT3G14420	3	3	3	2	4	4	2	5	3	3	1	1	5	5	2	2	5	3	3	5	4	1	3	1	3	2	2	5	3	3	5	2	2	4	5	2	4	5	1	5	1	3	3	2	1	2	4	2	5	5	4	1	3	1	4	1	3	4	4	3	5	2	3	2	3	4	3	2	1	2	2	3	3	4	4	4	1	5	1	1	2	1	1	1	4	1	5	5	2	2	1	1	3	4	1	3	2	4	5	3
AT1G79230	5	5	2	4	5	2	3	1	2	5	4	5	3	3	1	5	1	5	5	4	2	4	4	4	5	1	3	2	1	5	5	4	2	5	4	4	3	1	4	3	2	3	5	4	5	3	2	4	2	4	2	2	2	3	1	2	1	3	1	5	2	1	2	4	5	1	4	3	2	3	5	4	4	4	1	3	5	2	2	3	5	5	4	3	3	5	4	4	5	1	3	2	2	1	5	1	4	2	2	1
AT2G42220	1	5	2	4	5	2	3	3	2	1	4	5	2	3	3	1	1	2	5	3	2	4	4	4	5	4	5	4	1	4	5	5	2	5	4	4	5	4	4	3	2	5	5	4	5	3	5	3	1	4	2	2	2	3	1	2	1	3	1	5	2	1	2	4	5	1	5	3	2	3	5	4	5	4	1	2	3	4	3	3	5	5	4	3	3	5	4	4	5	1	2	4	2	1	5	5	1	2	1	1
AT1G67280	1	5	2	3	5	2	3	3	2	1	5	5	3	3	3	1	1	5	5	3	2	4	4	4	5	1	3	4	1	4	5	5	2	5	4	4	5	4	4	3	5	5	5	4	5	3	5	3	2	4	2	2	2	3	1	2	1	3	1	5	2	1	2	2	5	1	5	3	2	3	5	4	5	4	1	2	3	2	2	5	5	5	4	3	2	5	4	4	5	3	2	4	2	5	5	5	1	2	1	4
AT3G47450	3	3	3	5	3	1	4	5	3	3	2	2	4	5	2	2	5	3	4	5	3	5	3	1	3	3	2	3	3	2	3	2	4	3	2	2	4	2	3	1	1	2	3	2	2	2	4	1	4	2	4	1	4	1	2	5	3	4	5	1	5	2	4	5	3	4	3	4	3	5	2	3	3	2	4	4	1	5	5	3	2	1	2	1	4	2	5	5	3	2	1	3	5	2	1	4	2	4	3	5
AT5G08540	1	4	5	4	5	5	3	3	2	1	5	5	3	3	3	4	1	2	5	3	2	4	4	4	5	4	5	4	1	4	5	1	2	1	4	4	5	4	4	4	5	5	5	4	4	3	3	5	1	4	2	2	2	3	1	2	1	3	1	5	3	1	2	2	5	1	5	3	2	1	5	4	5	4	3	2	3	2	3	4	1	5	4	3	2	5	4	4	5	3	1	4	2	5	5	5	1	2	4	4
AT3G01480	4	1	3	2	3	1	4	5	5	3	3	1	5	5	2	3	3	4	4	5	4	1	1	2	4	3	1	3	4	2	3	3	1	3	2	1	4	2	2	5	1	2	2	1	2	4	4	1	4	5	4	1	1	2	2	3	5	2	2	2	5	3	5	5	4	3	3	3	5	2	4	5	3	3	2	4	4	3	1	1	2	3	3	2	5	2	1	3	2	2	2	1	1	4	3	4	2	5	3	5
AT4G31560	1	5	5	3	5	2	3	3	2	1	5	5	3	3	3	1	1	5	5	3	2	4	4	4	5	1	3	4	1	4	5	5	2	5	4	4	5	4	4	3	5	5	5	4	5	3	5	5	2	4	2	2	2	3	1	2	1	3	1	5	3	1	2	2	5	1	5	3	2	1	5	4	5	4	1	2	3	2	2	5	5	5	4	3	2	5	4	4	5	3	2	4	2	5	5	5	1	2	1	4
AT1G54580	1	5	2	3	5	2	3	3	2	1	5	5	3	3	3	1	1	5	5	3	2	4	4	4	5	1	3	4	1	4	5	5	2	5	4	4	5	4	4	3	5	5	5	4	5	3	5	5	2	4	2	2	2	3	1	2	1	3	1	5	3	1	2	2	5	1	5	3	2	1	5	4	5	4	1	2	3	2	2	5	5	5	4	3	2	5	4	4	5	3	2	4	2	1	5	5	1	2	1	4
AT1G73530	4	1	3	2	3	1	4	2	3	3	3	2	5	5	2	3	3	4	3	5	4	5	1	2	3	3	1	5	4	3	2	3	1	4	2	1	1	5	5	5	4	2	2	1	1	4	4	2	4	5	1	1	4	4	4	3	4	2	4	1	5	2	5	5	3	3	2	5	1	2	4	1	3	1	2	1	4	5	1	1	2	1	3	4	5	4	1	3	2	4	4	1	1	4	3	4	3	5	4	3
AT5G42270	1	4	5	3	2	4	3	3	2	1	5	5	3	4	3	1	4	5	5	3	2	4	4	4	5	2	3	4	1	4	5	5	2	5	4	4	5	4	4	4	5	5	5	4	5	3	5	5	2	4	3	2	2	3	1	2	1	3	1	5	3	1	3	2	2	1	5	3	2	1	5	4	2	4	3	2	3	2	2	5	1	2	4	3	2	1	3	2	5	3	5	4	2	5	5	3	1	2	5	4
AT1G54500	2	2	1	1	1	3	5	4	4	4	2	3	1	2	5	5	2	1	1	2	5	2	5	5	1	5	4	1	5	1	1	4	5	2	1	3	3	1	3	2	3	4	1	5	3	5	1	4	3	1	5	3	5	2	5	4	2	1	3	4	4	4	1	3	1	2	1	1	3	4	1	2	1	5	5	5	2	1	4	2	4	4	5	5	1	3	2	1	1	5	3	5	4	3	4	1	5	1	2	2
AT5G35170	5	2	1	1	1	3	5	1	4	5	2	3	1	2	1	5	2	1	1	4	5	2	5	4	1	5	4	2	5	5	1	4	5	2	1	3	3	1	3	2	3	3	1	5	3	5	2	4	3	1	5	3	5	2	5	4	2	1	3	4	4	4	1	3	1	2	1	1	2	4	1	2	4	4	5	3	5	1	4	2	4	4	5	5	1	3	1	1	1	5	3	2	4	3	4	1	4	1	2	2
AT1G80030	1	4	5	3	5	2	3	3	2	1	5	5	3	3	3	1	4	5	5	3	2	4	4	4	5	4	3	4	1	4	5	5	2	5	4	4	5	4	4	4	5	5	5	4	5	3	5	5	2	4	3	2	2	3	1	2	1	3	1	5	3	1	2	2	5	1	5	3	2	1	5	4	5	4	3	2	3	2	2	5	1	2	4	3	2	5	4	4	5	3	2	4	2	5	5	5	1	2	1	4
AT1G10170	1	5	5	4	5	2	3	3	2	1	5	5	3	3	3	1	1	5	5	3	2	4	4	4	5	1	3	4	1	4	5	5	2	5	4	4	5	4	4	3	5	5	5	4	5	3	5	3	2	4	2	2	2	3	1	2	1	3	1	5	2	1	2	2	5	1	5	3	2	3	5	4	5	4	1	2	3	2	2	3	5	5	4	3	3	5	4	4	5	3	2	4	2	5	5	5	1	2	1	4
AT5G12470	1	5	2	3	5	2	3	3	2	1	4	5	3	3	3	1	1	5	5	3	2	4	4	4	5	1	3	4	1	4	5	5	2	5	4	4	5	4	4	3	5	5	5	4	5	3	5	3	2	4	2	2	2	3	1	2	1	3	1	5	2	1	2	2	5	1	5	3	2	3	5	4	5	4	1	2	3	2	2	3	5	5	4	3	3	5	4	4	5	3	2	4	2	5	5	5	1	2	1	4
AT2G20260	1	4	5	3	5	2	3	3	2	1	5	5	3	4	3	1	4	5	5	3	2	4	4	4	5	2	3	4	1	4	5	5	2	5	4	4	5	4	4	4	5	5	5	4	5	3	5	5	2	4	3	2	2	3	1	2	1	3	1	5	3	1	2	2	2	1	5	3	2	1	5	4	2	4	3	2	3	2	2	5	1	2	4	3	2	5	3	4	5	3	5	4	2	5	5	3	1	2	1	4
AT1G03600	4	1	3	2	3	1	4	2	3	3	3	2	5	5	2	3	3	4	3	5	4	5	1	2	3	3	1	5	4	3	2	3	1	4	2	1	1	5	5	5	4	2	2	1	1	4	4	2	4	5	1	1	4	4	4	3	4	2	4	1	5	2	5	5	3	3	2	5	1	2	4	1	3	1	2	1	4	5	1	1	2	1	3	4	5	4	1	3	2	4	4	1	1	4	3	4	3	5	4	3
AT5G39830	1	5	5	3	5	2	3	3	2	1	5	5	3	3	3	1	1	5	5	3	2	4	4	4	5	1	3	4	1	4	5	5	2	5	4	4	5	4	4	3	5	5	5	4	5	3	5	5	2	4	2	2	2	3	1	2	1	3	1	5	3	1	2	2	5	1	5	3	2	1	5	4	5	4	1	2	3	2	2	5	5	5	4	3	2	5	4	4	5	3	2	4	2	5	5	5	1	2	1	4
AT1G20810	2	2	1	1	1	3	5	4	4	4	2	3	1	2	5	5	2	1	1	2	5	2	5	5	1	5	4	1	5	1	1	4	5	2	1	3	3	1	3	2	3	4	1	5	3	5	1	4	3	1	5	3	5	2	5	4	2	1	3	4	4	4	1	3	1	2	1	1	3	4	1	2	1	5	5	5	2	1	4	2	4	4	5	5	1	3	1	1	1	5	3	5	4	3	4	1	5	1	2	2
AT1G14150	1	5	5	3	5	2	3	3	2	1	5	5	3	3	3	1	1	5	5	3	2	4	4	4	5	1	3	4	1	4	5	5	2	5	4	4	5	4	4	4	5	5	5	4	5	3	5	5	2	4	2	2	2	3	1	2	1	3	1	5	3	1	2	2	5	1	5	3	2	1	5	4	5	4	1	2	3	2	2	5	5	5	4	3	2	5	4	4	5	3	2	4	2	5	5	5	1	2	1	4
AT2G41330	5	2	1	1	5	3	5	4	4	4	2	3	1	2	5	5	2	1	1	2	5	2	5	4	1	5	4	1	5	1	1	4	5	2	1	4	3	1	3	2	3	4	1	4	3	5	1	4	3	1	5	3	2	2	5	4	2	1	3	4	4	4	1	3	1	2	1	1	3	4	1	2	1	4	5	5	2	1	4	2	4	4	5	5	1	3	1	2	1	5	3	5	4	3	4	1	5	1	2	2
AT3G19490	1	3	3	2	2	4	2	2	2	1	5	1	5	4	3	3	4	5	3	5	2	4	4	4	5	2	3	5	3	3	5	2	2	4	3	2	5	4	5	5	5	5	5	4	1	4	4	2	5	4	3	1	2	3	4	2	1	3	4	5	5	1	3	2	2	1	3	5	1	1	5	4	2	4	3	4	3	2	1	1	1	2	4	3	2	1	3	2	5	4	5	1	3	5	5	3	3	4	5	4
AT3G17830	3	3	3	5	3	1	1	2	3	3	1	2	4	5	2	2	5	3	4	5	4	1	3	1	3	3	2	3	2	2	3	2	4	3	5	1	4	2	3	1	1	2	3	2	2	2	4	1	4	2	4	1	4	1	2	1	3	4	5	1	5	2	5	5	3	4	3	2	3	5	2	3	3	2	4	4	1	5	5	1	2	1	2	1	4	2	5	5	3	2	1	3	5	4	1	4	2	4	3	5
AT1G17850	1	5	2	3	5	2	3	3	2	1	5	5	3	3	3	1	1	5	5	3	2	4	4	4	5	1	3	4	1	4	5	5	2	5	4	4	5	4	4	3	5	5	5	4	5	3	5	3	2	4	2	2	2	3	1	2	1	3	1	5	2	1	2	2	5	1	5	3	2	3	5	4	5	4	1	2	3	2	2	3	5	5	4	3	2	5	4	4	5	3	2	4	2	5	5	5	1	2	1	4
AT2G01140	5	2	1	1	1	3	5	1	4	5	2	3	1	2	1	5	2	1	1	4	5	2	5	5	1	5	4	2	5	5	1	4	5	2	1	3	3	1	3	2	3	4	1	5	3	5	2	4	3	1	5	3	5	2	5	4	2	1	3	4	4	4	1	3	1	2	4	1	3	4	1	2	4	5	5	3	5	1	4	2	4	4	5	5	1	3	1	1	1	5	3	2	4	3	4	1	4	1	2	2
AT1G67700	1	4	5	3	5	2	3	3	2	1	5	5	3	3	3	1	4	5	5	3	2	4	4	4	5	1	3	4	1	4	5	5	2	5	4	4	5	4	4	4	5	5	5	4	5	3	5	5	2	4	3	2	2	3	1	2	1	3	1	5	3	1	2	2	2	1	5	3	2	1	5	4	2	4	3	2	3	2	2	5	1	2	4	3	2	5	4	4	5	3	2	4	2	5	5	5	1	2	1	4
AT5G01500	1	4	5	3	5	2	3	3	2	1	5	5	3	3	3	1	4	5	5	3	2	4	4	4	5	4	3	4	1	4	5	5	2	5	4	4	5	4	4	4	5	5	5	4	5	3	5	5	2	4	3	2	2	3	1	2	1	3	1	5	3	1	2	2	5	1	5	3	2	1	5	4	2	4	3	2	3	2	2	5	1	5	4	3	2	5	4	4	5	3	2	4	2	5	5	5	1	2	1	4
AT3G57680	1	5	2	4	5	2	3	3	2	1	4	5	3	3	3	1	1	5	5	3	2	4	4	4	5	1	3	4	1	4	5	5	2	5	4	4	5	4	4	3	5	5	5	4	5	3	5	3	2	4	2	2	2	3	1	2	1	3	1	5	2	1	2	2	5	1	5	3	2	3	5	4	5	4	1	2	3	2	2	3	5	5	4	3	3	5	4	4	5	3	2	4	2	5	5	5	1	2	1	4
AT4G16155	1	5	5	4	5	2	3	3	2	1	4	5	2	3	3	1	1	2	5	3	2	4	4	4	5	4	5	4	1	4	5	5	2	5	4	4	5	4	4	3	2	5	5	4	4	3	5	3	1	4	2	2	2	3	1	2	1	3	1	5	2	1	2	4	5	1	5	3	2	3	5	4	5	4	1	2	3	4	3	3	5	5	4	3	3	5	4	4	5	1	2	4	2	5	5	5	1	2	1	1
AT1G56500	1	4	5	3	2	5	3	5	2	1	5	5	3	3	3	4	4	2	5	3	2	4	4	4	5	4	3	4	1	4	5	1	2	1	4	4	5	4	4	4	5	5	5	4	4	3	3	5	1	4	2	2	2	3	1	2	1	3	1	5	3	1	2	2	5	1	5	3	2	1	5	4	2	4	3	2	3	2	2	4	1	5	4	3	2	5	3	2	5	3	1	1	2	5	5	3	1	2	4	4
AT1G22450	1	5	5	4	5	2	3	3	2	1	4	5	2	3	3	1	1	2	2	3	2	4	4	4	5	4	5	4	1	4	5	5	2	5	4	4	5	4	4	3	2	5	5	4	4	3	5	3	1	4	2	5	2	3	3	2	1	3	1	5	2	1	2	4	5	1	5	3	2	3	5	4	5	4	1	2	3	4	3	3	5	5	4	3	3	5	4	4	5	1	2	4	2	5	5	5	1	2	1	1
AT5G53170	1	4	5	3	5	2	3	3	2	1	5	5	3	3	3	1	4	5	5	3	2	4	4	4	5	4	3	4	1	4	5	5	2	5	4	4	5	4	4	3	5	5	5	4	5	3	5	3	2	4	2	2	2	3	1	2	1	3	1	5	3	1	2	2	2	1	5	3	2	1	5	4	5	4	1	2	3	2	2	5	5	2	4	3	2	5	4	4	5	3	2	4	2	5	5	5	1	2	1	4
AT5G15250	1	5	2	3	5	2	3	3	2	1	5	5	3	3	3	1	1	5	5	3	2	4	4	4	5	1	3	4	1	4	5	5	2	5	4	4	5	4	4	3	5	5	5	4	5	3	5	5	2	4	2	2	2	3	1	2	1	3	1	5	2	1	2	2	5	1	5	3	2	3	5	4	5	4	1	2	3	2	2	5	5	5	4	3	2	5	4	4	5	3	2	4	2	5	5	5	1	2	1	4
AT3G58010	1	5	2	4	5	2	3	3	2	1	4	5	2	3	3	1	1	5	5	3	2	4	4	4	5	4	3	4	1	4	5	5	2	5	4	4	5	4	4	3	5	5	5	4	5	3	5	3	2	4	2	2	2	3	1	2	1	3	1	5	2	1	2	2	5	1	5	3	2	3	5	4	5	4	1	2	3	4	2	3	5	5	4	3	3	5	4	4	5	1	2	4	2	5	5	5	1	2	1	1
AT2G29500	1	4	5	3	5	2	3	3	2	1	5	5	3	4	3	1	4	5	5	3	2	4	4	4	5	1	3	4	1	4	5	5	2	5	4	4	5	4	4	4	5	5	5	4	5	3	5	5	2	4	3	2	2	3	1	2	1	3	1	5	3	1	2	2	2	1	5	3	2	1	5	4	2	4	3	2	3	2	2	5	1	2	4	3	2	5	4	4	5	3	5	4	2	5	5	3	1	2	1	4
AT3G60370	1	5	5	4	5	2	3	3	2	1	4	5	2	3	3	1	1	2	5	3	2	4	4	4	5	4	3	4	1	4	5	5	2	5	4	4	5	4	4	3	5	5	5	4	5	3	5	3	2	4	2	2	2	3	1	2	1	3	1	5	2	1	2	2	5	1	5	3	2	3	5	4	5	4	1	2	3	4	2	3	5	5	4	3	3	5	4	4	5	1	2	4	2	5	5	5	1	2	1	4
AT1G50460	5	5	2	4	5	2	3	3	2	1	4	5	2	3	3	1	1	2	5	3	2	4	4	4	5	1	5	4	1	4	5	5	2	5	4	4	5	4	4	3	2	5	5	4	5	3	5	3	2	4	2	2	2	3	1	2	1	3	1	5	2	1	2	4	5	1	5	3	2	3	5	4	5	4	1	2	3	4	3	3	5	5	4	3	3	5	4	4	5	1	2	4	2	1	5	5	1	2	1	1
AT2G26800	1	5	5	3	5	2	3	3	2	1	5	5	3	3	3	1	1	5	5	3	2	4	4	4	5	1	3	4	1	4	5	5	2	5	4	4	5	4	4	4	5	5	5	4	5	3	5	5	2	4	2	2	2	3	1	2	1	3	1	5	3	1	2	2	5	1	5	3	2	1	5	4	5	4	1	2	3	2	2	5	5	5	4	3	2	5	4	4	5	3	2	4	2	5	5	5	1	2	1	4
AT1G21750	2	2	1	1	1	3	5	4	4	4	2	3	1	2	5	5	2	1	1	2	5	2	5	5	1	5	4	1	5	1	1	4	5	2	1	3	3	3	3	2	3	4	1	5	3	5	1	4	3	1	5	3	5	2	5	4	2	1	3	4	4	4	1	3	1	2	1	1	3	4	1	2	1	5	5	5	2	1	4	2	4	4	5	5	1	3	1	1	1	5	3	5	4	3	4	1	5	1	2	2
AT2G44990	1	4	5	3	5	2	3	3	2	1	5	5	3	3	3	1	4	5	5	3	2	4	4	4	5	1	3	4	1	4	5	5	2	5	4	4	5	4	4	4	5	5	5	4	5	3	5	5	2	4	3	2	2	3	1	2	1	3	1	5	3	1	2	2	5	1	5	3	2	1	5	4	2	4	3	2	3	2	2	5	1	2	4	3	2	5	4	4	5	3	2	4	2	5	5	5	1	2	1	4
AT1G30510	5	2	1	1	1	3	5	1	4	5	2	3	1	2	1	5	2	1	1	4	5	2	5	5	1	5	4	2	5	5	1	4	5	2	1	3	3	1	3	2	3	3	1	5	3	5	2	4	3	1	5	3	5	2	5	4	2	1	3	4	4	4	1	3	1	2	4	1	3	4	1	2	4	5	5	3	5	1	4	2	4	4	5	5	1	3	1	1	1	5	3	2	4	3	4	1	4	1	2	2
AT3G10130	5	5	2	3	5	2	3	3	2	1	5	5	3	3	3	1	1	5	5	3	2	4	4	4	5	1	3	4	1	4	5	5	2	5	4	4	5	4	4	3	5	5	5	4	5	3	5	3	2	4	2	2	2	3	1	2	1	3	1	5	2	1	2	2	5	1	5	3	2	3	5	4	5	4	1	2	3	2	2	3	5	5	4	3	3	5	4	4	5	3	2	4	2	1	5	5	1	2	1	4
AT3G22690	1	5	2	3	5	2	3	3	2	1	4	5	3	3	3	1	1	5	5	3	2	4	4	4	5	1	3	4	1	4	5	5	2	5	4	4	5	4	4	3	5	5	5	4	5	3	5	3	2	4	2	2	2	3	1	2	1	3	1	5	2	1	2	2	5	1	5	3	2	3	5	4	5	4	1	2	3	2	2	3	5	5	4	3	3	5	4	4	5	3	2	4	2	1	5	5	1	2	1	4
AT1G54050	1	5	5	3	5	2	3	3	2	1	5	5	3	3	3	1	1	5	5	3	2	4	4	4	5	1	3	4	1	4	5	5	2	5	4	4	5	4	4	3	5	5	5	4	5	3	5	5	2	4	2	2	2	3	1	2	1	3	1	5	3	1	2	2	5	1	5	3	2	1	5	4	5	4	1	2	3	2	2	5	5	5	4	3	2	5	4	4	5	3	2	4	2	5	5	5	1	2	1	4
AT1G55370	1	5	5	4	5	2	3	3	2	1	4	5	2	3	3	1	1	2	5	3	2	4	4	4	5	4	3	4	1	4	5	5	2	5	4	4	5	4	4	3	5	5	5	4	5	3	5	3	2	4	2	2	2	3	1	2	1	3	1	5	2	1	2	2	5	1	5	3	2	3	5	4	5	4	1	2	3	4	2	3	5	5	4	3	3	5	4	4	5	1	2	4	2	5	5	5	1	2	1	4
AT4G35770	1	5	2	3	5	2	3	3	2	1	5	5	3	3	3	1	1	5	5	3	2	4	4	4	5	1	3	4	1	4	5	5	2	5	4	4	5	4	4	3	5	5	5	4	5	3	5	3	2	4	2	2	2	3	1	2	1	3	1	5	2	1	2	2	5	1	5	3	2	3	5	4	5	4	1	2	3	2	2	3	5	5	4	3	2	5	4	4	5	3	2	4	2	5	5	5	1	2	1	4
AT3G56040	1	1	4	2	3	1	2	2	1	2	3	2	5	1	4	4	3	4	3	1	1	3	2	3	2	3	2	5	2	3	4	3	3	1	3	5	2	5	1	1	3	1	4	3	1	1	3	2	5	3	4	4	1	4	4	5	4	5	2	2	1	5	4	1	4	5	2	5	4	2	3	5	3	1	5	1	1	3	1	4	3	1	3	4	5	4	1	5	4	4	4	3	4	2	2	2	3	3	4	3
AT1G27510	5	2	2	1	5	2	5	1	2	5	4	5	3	3	1	5	1	5	5	4	2	4	4	4	5	1	3	2	1	5	5	4	2	2	1	4	3	1	4	3	5	3	5	4	5	3	2	4	2	4	2	2	2	3	1	2	1	3	1	5	2	1	2	2	5	1	4	3	2	3	5	4	4	4	1	3	5	2	2	2	5	5	4	3	3	5	1	1	5	3	3	2	2	1	5	1	4	2	2	4
AT5G59250	1	5	5	4	5	2	3	3	2	1	4	5	2	3	3	1	1	2	5	3	2	4	4	4	5	4	5	4	1	4	5	5	2	5	4	4	5	4	4	3	2	5	5	4	4	3	5	3	1	4	2	2	2	3	1	2	1	3	1	5	2	1	2	4	5	1	5	3	2	3	5	4	5	4	1	2	3	4	3	3	5	5	4	3	3	5	4	4	5	1	2	4	2	5	5	5	1	2	1	1
AT1G75690	1	5	2	4	5	2	3	3	2	1	4	5	2	3	3	1	1	2	5	3	2	4	4	4	5	4	5	4	1	4	5	5	2	5	4	4	5	4	4	3	2	5	5	4	5	3	5	3	1	4	2	2	2	3	1	2	1	3	1	5	2	1	2	4	5	1	5	3	2	3	5	4	5	4	1	2	3	4	3	3	5	5	4	3	3	5	4	4	5	1	2	4	2	1	5	5	1	2	1	1
AT4G01900	5	5	2	4	5	2	3	1	2	5	5	5	3	3	1	5	1	5	5	4	2	4	4	4	5	1	3	2	1	5	5	4	2	5	4	4	3	4	4	3	5	3	5	4	5	3	2	4	2	4	2	2	2	3	1	2	1	3	1	5	2	1	2	2	5	1	4	3	2	3	5	4	4	4	1	3	5	2	2	2	5	5	4	3	3	5	4	4	5	3	3	2	2	1	5	1	4	2	2	4
AT2G18790	1	4	5	3	2	4	3	3	2	1	5	5	3	4	3	1	4	5	5	3	2	4	4	4	5	2	3	5	1	4	5	5	2	5	4	4	5	4	4	4	5	5	5	4	5	3	5	5	5	4	3	2	2	3	1	2	1	3	1	5	3	1	3	2	2	1	5	3	2	1	5	4	2	4	3	2	3	2	2	5	1	2	4	3	2	1	3	2	5	3	5	4	3	5	5	3	1	2	5	4
AT1G78915	2	2	1	1	1	3	5	4	4	4	2	3	1	2	5	5	2	1	1	2	5	2	5	5	1	5	4	1	5	1	1	4	5	2	1	3	3	1	3	2	3	4	1	5	3	5	1	4	3	1	5	3	5	2	5	4	2	1	3	4	4	4	1	3	1	2	1	1	3	4	1	2	1	5	5	5	2	1	4	2	4	4	5	5	1	3	3	1	1	5	1	5	4	3	4	1	5	1	2	2
AT3G24590	1	5	2	4	5	2	3	3	2	1	4	5	2	3	3	1	1	5	5	3	2	4	4	4	5	1	3	4	1	4	5	5	2	5	4	4	5	4	4	3	2	5	5	4	5	3	5	3	2	4	2	2	2	3	1	2	1	3	1	5	2	1	2	4	5	1	5	3	2	3	5	4	5	4	1	2	3	4	2	3	5	5	4	3	3	5	4	4	5	1	2	4	2	1	5	5	1	2	1	1
AT2G01918	5	5	2	4	5	2	3	1	2	1	4	5	3	3	1	5	1	5	5	3	2	4	4	4	5	1	3	4	1	4	5	5	2	5	4	4	5	4	4	3	5	5	5	4	5	3	2	3	2	4	2	2	2	3	1	2	1	3	1	5	2	1	2	2	5	1	4	3	2	3	5	4	4	4	1	3	3	2	2	3	5	5	4	3	3	5	4	4	5	1	3	2	2	1	5	5	4	2	1	1
AT1G52220	1	5	5	4	5	2	3	3	2	1	4	5	2	3	3	1	1	2	5	3	2	4	4	4	5	4	3	4	1	4	5	5	2	5	4	4	5	4	4	3	2	5	5	4	5	3	5	3	2	4	2	2	2	3	1	2	1	3	1	5	2	1	2	4	5	1	5	3	2	3	5	4	5	4	1	2	3	4	3	3	5	5	4	3	3	5	4	4	5	1	2	4	2	5	5	5	1	2	1	1
AT3G15360	5	2	1	1	1	3	5	4	4	4	2	3	1	2	5	5	2	1	1	2	5	2	5	5	1	5	4	1	5	1	1	4	5	2	1	3	3	1	3	2	3	4	1	5	3	5	1	4	3	1	5	3	5	2	5	4	2	1	3	4	4	4	1	3	1	2	1	1	3	4	1	2	1	4	5	5	5	1	4	2	4	4	5	5	1	3	1	1	1	5	3	5	4	3	4	1	5	1	2	2
AT1G65260	2	2	1	1	1	3	5	4	4	4	2	3	1	2	5	5	2	1	1	2	5	2	5	5	1	5	4	1	5	1	1	4	5	2	1	3	3	3	3	2	3	4	1	5	3	5	1	4	3	1	5	3	5	2	5	4	2	1	3	4	4	4	1	3	1	2	1	1	3	4	1	2	1	5	5	5	2	1	4	2	4	4	5	5	1	3	1	1	1	5	3	5	4	3	4	1	5	1	2	2
AT4G04020	1	5	5	3	5	2	3	3	2	1	5	5	3	3	3	1	1	5	5	3	2	4	4	4	5	1	3	4	1	4	5	5	2	5	4	4	5	4	4	4	5	5	5	4	5	3	5	5	2	4	2	2	2	3	1	2	1	3	1	5	3	1	2	2	5	1	5	3	2	1	5	4	5	4	1	2	3	2	2	5	5	5	4	3	2	5	4	4	5	3	2	4	2	5	5	5	1	2	1	4
AT1G32500	1	3	5	2	5	2	2	2	2	2	5	5	5	4	3	4	4	5	2	1	2	4	4	4	2	2	3	5	1	3	5	2	2	4	3	4	5	4	5	4	5	1	5	4	5	3	4	2	5	4	3	2	2	3	4	2	1	3	4	5	3	1	3	2	2	1	2	5	2	1	5	4	2	4	3	1	3	4	1	5	1	2	4	3	2	5	3	4	5	4	4	1	2	5	5	2	3	2	4	4
AT3G47060	1	5	5	3	5	2	3	3	2	1	5	5	3	3	3	1	1	5	5	3	2	4	4	4	5	1	3	4	1	4	5	5	2	5	4	4	5	4	4	3	5	5	5	4	5	3	5	5	2	4	2	2	2	3	1	2	1	3	1	5	3	1	2	2	5	1	5	3	2	1	5	4	5	4	1	2	3	2	2	5	5	5	4	3	2	5	4	4	5	3	2	4	2	5	5	5	1	2	1	4
AT2G26550	1	3	4	2	5	5	2	2	1	2	4	5	5	1	4	4	3	4	2	1	1	3	2	3	2	3	5	5	1	3	2	2	3	4	3	4	2	5	1	1	4	1	4	4	4	1	4	2	5	3	4	5	2	4	4	5	4	5	4	2	1	5	4	1	4	5	2	5	4	3	3	5	5	4	1	1	1	4	3	4	3	5	3	3	5	4	2	5	4	4	4	3	2	2	2	2	3	3	4	1
AT4G20820	1	5	2	4	5	2	3	3	2	1	4	5	3	3	3	1	1	5	5	3	2	4	4	4	5	1	3	4	1	4	5	5	2	5	4	4	5	4	4	3	5	5	5	4	5	3	5	3	2	4	2	2	2	3	1	2	1	3	1	5	2	1	2	2	5	1	5	3	2	3	5	4	5	4	1	2	3	2	2	3	5	5	4	3	3	5	4	4	5	3	2	4	2	1	5	5	1	2	1	4
AT1G74070	2	2	1	1	1	3	5	4	4	5	2	3	1	2	1	5	2	1	1	4	5	2	5	5	1	5	4	1	5	5	1	4	5	2	1	3	3	1	3	2	3	4	1	5	3	5	1	4	3	1	5	3	5	2	5	4	2	1	3	4	4	4	1	3	1	2	1	1	3	4	1	2	1	5	5	3	5	1	4	2	4	4	5	5	1	3	1	1	1	5	3	5	4	3	4	1	5	1	2	2
AT3G53560	5	2	1	1	1	3	5	1	4	5	2	3	1	2	1	5	2	1	1	4	5	2	5	5	1	5	4	2	5	5	1	4	5	2	1	3	3	1	3	2	3	3	1	5	3	5	2	4	3	1	5	3	5	2	5	4	2	1	3	4	4	4	1	3	1	2	4	1	3	4	1	2	4	5	5	3	5	1	4	2	4	4	5	5	1	3	1	1	1	5	3	2	4	3	4	1	4	1	2	2
AT5G53490	5	5	2	4	5	2	3	1	2	5	4	5	2	3	1	5	1	5	5	4	2	4	4	4	5	1	3	2	1	5	5	4	2	5	4	4	3	1	4	3	2	3	5	4	5	3	2	3	2	4	2	2	2	3	1	2	1	3	1	5	2	1	2	4	5	1	4	3	2	3	5	4	4	4	1	3	5	4	2	3	5	5	4	3	3	5	4	4	5	1	3	2	2	1	5	5	4	2	2	1
AT2G42975	1	5	2	4	5	2	3	3	2	1	4	5	2	3	3	1	1	5	5	3	2	4	4	4	5	1	3	4	1	4	5	5	2	5	4	4	5	4	4	3	2	5	5	4	5	3	5	3	2	4	2	2	2	3	1	2	1	3	1	5	2	1	2	4	5	1	5	3	2	3	5	4	5	4	1	2	3	4	2	3	5	5	4	3	3	5	4	4	5	1	2	4	2	1	5	5	1	2	1	1
AT2G20270	1	5	2	4	5	2	3	3	2	1	4	5	2	3	3	1	1	5	5	3	2	4	4	4	5	1	3	4	1	4	5	5	2	5	4	4	5	4	4	3	5	5	5	4	5	3	5	3	2	4	2	2	2	3	1	2	1	3	1	5	2	1	2	2	5	1	5	3	2	3	5	4	5	4	1	2	3	4	2	3	5	5	4	3	3	5	4	4	5	1	2	4	2	5	5	5	1	2	1	4
AT2G29180	1	4	5	3	2	4	3	3	2	1	5	5	3	4	3	1	4	5	5	3	2	4	4	4	5	2	3	4	1	4	5	5	2	5	4	4	5	4	4	4	5	5	5	4	5	3	5	5	5	4	3	2	2	3	1	2	1	3	1	5	3	1	3	2	2	1	5	3	2	1	5	4	2	4	3	2	3	2	2	5	1	2	4	3	2	1	3	2	5	3	5	4	2	5	5	3	1	2	5	4
AT3G01440	1	5	5	3	5	2	3	3	2	1	5	5	3	3	3	1	1	5	5	3	2	4	4	4	5	4	3	4	1	4	5	5	2	5	4	4	5	4	4	4	5	5	5	4	5	3	5	5	2	4	2	2	2	3	1	2	1	3	1	5	3	1	2	2	5	1	5	3	2	1	5	4	5	4	1	2	3	2	2	5	5	5	4	3	2	5	4	4	5	3	2	4	2	5	5	5	1	2	1	4
AT1G76760	1	5	5	3	5	2	3	3	2	1	5	5	3	3	3	1	1	5	5	3	2	4	4	4	5	1	3	4	1	4	5	5	2	5	4	4	5	4	4	4	5	5	5	4	5	3	5	5	2	4	2	2	2	3	1	2	1	3	1	5	3	1	2	2	5	1	5	3	2	1	5	4	5	4	1	2	3	2	2	5	5	5	4	3	2	5	4	4	5	3	2	4	2	5	5	5	1	2	1	4
AT2G26360	3	3	3	5	4	1	4	5	3	3	1	2	4	5	2	2	5	3	4	5	4	1	3	1	3	3	1	3	3	2	3	2	4	3	5	2	4	2	1	1	1	2	3	2	2	2	4	1	4	2	4	1	3	1	2	1	3	4	5	3	5	2	5	5	3	4	3	2	3	5	2	3	3	3	4	4	4	5	5	1	2	1	2	1	4	2	5	5	3	2	1	3	5	4	1	4	2	4	3	5
AT4G13670	1	5	5	3	5	2	3	3	2	1	4	5	3	3	3	1	1	5	5	3	2	4	4	4	5	4	3	4	1	4	5	5	2	5	4	4	5	4	4	3	5	5	5	4	5	3	5	3	2	4	2	2	2	3	1	2	1	3	1	5	2	1	2	2	5	1	5	3	2	3	5	4	5	4	1	2	3	2	2	3	5	5	4	3	3	5	4	4	5	3	2	4	2	5	5	5	1	2	1	4
AT2G35040	1	5	5	4	5	2	3	3	2	1	4	5	2	3	3	1	1	5	5	3	2	4	4	4	5	4	3	4	1	4	5	5	2	5	4	4	5	4	4	3	2	5	5	4	5	3	5	3	2	4	2	2	2	3	1	2	1	3	1	5	2	1	2	4	5	1	5	3	2	3	5	4	5	4	1	2	3	4	2	3	5	5	4	3	3	5	4	4	5	1	2	4	2	5	5	5	1	2	1	1
AT1G65230	1	1	4	4	5	5	2	3	1	2	4	5	2	1	4	4	1	2	2	1	1	3	2	3	2	4	5	4	1	4	4	1	3	1	3	4	2	4	1	1	2	1	4	4	4	1	3	2	1	3	2	5	2	4	3	5	4	5	2	2	1	5	4	1	4	1	2	3	4	3	3	5	5	4	1	1	1	4	3	4	3	5	4	3	5	4	2	5	4	1	4	3	2	2	2	2	3	3	4	1
AT1G03850	5	2	1	1	1	3	5	1	4	5	2	3	1	2	1	5	2	1	1	4	5	2	5	5	1	5	4	2	5	5	1	4	5	2	1	3	3	1	3	2	3	3	1	5	3	5	2	4	3	1	5	3	5	2	5	4	2	1	3	4	4	4	1	3	1	2	4	1	3	4	1	2	4	5	5	3	5	1	4	2	4	4	5	5	1	3	2	1	1	5	3	2	4	3	4	1	4	1	2	2
AT1G50250	1	5	2	4	5	2	3	3	2	1	4	5	2	3	3	1	1	5	5	3	2	4	4	4	5	1	3	4	1	4	5	5	2	5	4	4	5	4	4	3	2	5	5	4	5	3	5	3	2	4	2	2	2	3	1	2	1	3	1	5	2	1	2	4	5	1	5	3	2	3	5	4	5	4	1	2	3	4	2	3	5	5	4	3	3	5	4	4	5	1	2	4	2	1	5	5	1	2	1	1
AT2G40760	1	5	2	4	5	2	3	3	2	1	4	5	3	3	3	1	1	5	5	3	2	4	4	4	5	1	3	4	1	4	5	5	2	5	4	4	5	4	4	3	5	5	5	4	5	3	5	3	2	4	2	2	2	3	1	2	1	3	1	5	2	1	2	2	5	1	5	3	2	3	5	4	5	4	1	2	3	2	2	3	5	5	4	3	3	5	4	4	5	3	2	4	2	5	5	5	1	2	1	4
AT2G26340	1	5	4	4	5	5	3	3	2	1	4	5	2	1	4	4	1	2	2	1	2	3	4	4	5	4	5	4	1	4	4	1	2	1	4	4	2	4	4	3	2	1	5	4	4	1	3	3	1	4	2	5	2	3	3	2	1	5	2	2	2	5	2	1	5	1	2	3	4	3	3	5	5	4	1	1	3	4	3	4	5	5	4	3	3	5	2	4	5	1	4	3	2	2	2	2	1	3	4	1
AT5G08050	5	2	1	1	1	3	5	1	4	5	2	3	1	2	1	5	2	1	1	4	5	2	5	5	1	5	4	2	5	5	1	4	5	2	1	3	3	1	3	2	3	3	1	5	4	1	2	4	3	1	5	3	5	2	3	4	2	1	3	4	4	4	1	3	1	2	4	1	4	4	1	2	4	5	5	3	5	1	4	2	4	4	5	5	1	3	2	1	1	5	3	2	4	3	4	1	4	1	2	2
AT1G22020	1	5	2	4	5	2	3	3	2	1	4	5	2	3	3	1	1	2	5	3	2	4	4	4	5	4	5	4	1	4	5	5	2	5	4	4	5	4	4	3	2	5	5	4	4	3	5	3	1	4	2	2	2	3	3	2	1	3	1	5	2	1	2	4	5	1	5	3	2	3	5	4	5	4	1	2	3	4	3	3	5	5	4	3	3	5	4	4	5	1	2	4	2	1	5	5	1	2	1	1
AT5G16150	1	5	2	4	5	2	3	3	2	1	4	5	2	3	3	1	1	5	5	3	2	4	4	4	5	1	3	4	1	4	5	5	2	5	4	4	5	4	4	3	2	5	5	4	5	3	5	3	2	4	2	2	2	3	1	2	1	3	1	5	2	1	2	4	5	1	5	3	2	3	5	4	5	4	1	2	3	4	2	3	5	5	4	3	3	5	4	4	5	1	2	4	2	1	5	5	1	2	1	1
AT4G24750	1	5	2	4	5	2	3	3	2	1	5	5	3	3	3	1	1	5	5	3	2	4	4	4	5	1	3	4	1	4	5	5	2	5	4	4	5	4	4	3	5	5	5	4	5	3	5	3	2	4	2	2	2	3	1	2	1	3	1	5	2	1	2	2	5	1	5	3	2	3	5	4	5	4	1	2	3	2	2	3	5	5	4	3	3	5	4	4	5	3	2	4	2	1	5	5	1	2	1	4
AT4G01050	5	5	2	3	5	2	3	3	2	1	5	5	3	3	3	1	1	5	5	3	2	4	4	4	5	1	3	4	1	4	5	5	2	5	4	4	5	4	4	3	5	5	5	4	5	3	5	5	2	4	2	2	2	3	1	2	1	3	1	5	2	1	2	2	5	1	5	3	2	3	5	4	5	4	1	2	3	2	2	3	5	5	4	3	3	5	4	4	5	3	2	4	2	1	5	5	1	2	1	4
AT1G02560	1	4	5	3	5	2	3	3	2	1	5	5	3	3	3	1	4	5	5	3	2	4	4	4	5	4	3	4	1	4	5	5	2	5	4	4	5	4	4	4	5	5	5	4	5	3	5	5	2	4	3	2	2	3	1	2	1	3	1	5	3	1	2	2	2	1	5	3	2	1	5	4	2	4	3	2	3	2	2	5	1	5	4	3	2	5	4	2	5	3	2	4	2	5	5	3	1	2	1	4
AT1G18730	1	5	5	3	5	2	3	3	2	1	5	5	3	3	3	1	1	5	5	3	2	4	4	4	5	4	3	4	1	4	5	5	2	5	4	4	5	4	4	3	5	5	5	4	5	3	5	3	2	4	2	2	2	3	1	2	1	3	1	5	3	1	2	2	5	1	5	3	2	3	5	4	5	4	1	2	3	2	2	5	5	5	4	3	2	5	4	4	5	3	2	4	2	5	5	5	1	2	1	4
AT3G46780	1	5	2	4	5	2	3	3	2	1	4	5	2	3	3	1	1	2	5	3	2	4	4	4	5	1	5	4	1	4	5	5	2	5	4	4	5	4	4	3	2	5	5	4	5	3	5	3	2	4	2	2	2	3	1	2	1	3	1	5	2	1	2	4	5	1	5	3	2	3	5	4	5	4	1	2	3	4	3	3	5	5	4	3	3	5	4	4	5	1	2	4	2	1	5	5	1	2	1	1
AT1G79450	5	2	1	1	1	3	5	1	4	5	2	5	1	2	1	5	2	1	1	4	2	2	5	4	5	1	4	2	1	5	1	4	5	2	1	3	3	1	3	2	3	3	1	4	5	5	2	4	3	1	5	3	2	3	5	4	2	1	3	4	4	4	2	3	1	2	4	1	2	4	1	2	4	4	5	3	5	1	4	2	4	4	5	5	1	3	4	1	1	5	3	2	2	3	4	1	4	1	2	2
AT1G06690	1	5	2	3	5	2	3	3	2	1	4	5	3	3	3	1	1	5	5	3	2	4	4	4	5	1	3	4	1	4	5	5	2	5	4	4	5	4	4	3	5	5	5	4	5	3	5	3	2	4	2	2	2	3	1	2	1	3	1	5	2	1	2	2	5	1	5	3	2	3	5	4	5	4	1	2	3	2	2	3	5	5	4	3	3	5	4	4	5	3	2	4	2	5	5	5	1	2	1	4
AT1G23740	5	5	2	4	5	2	3	1	2	5	4	5	2	3	1	5	1	5	5	4	2	4	4	4	5	1	3	2	1	4	5	5	2	5	4	4	3	4	4	3	2	3	5	4	5	3	2	3	2	4	2	2	2	3	1	2	1	3	1	5	2	1	2	4	5	1	4	3	2	3	5	4	4	4	1	3	5	2	2	3	5	5	4	3	3	5	4	4	5	1	3	2	2	1	5	5	4	2	2	1
AT3G46610	1	3	4	2	3	1	2	2	1	2	3	2	5	1	2	4	3	4	3	1	1	5	2	3	2	3	2	5	2	3	2	3	3	4	3	2	2	5	1	1	4	1	4	3	1	1	3	2	5	3	4	4	1	4	4	5	4	5	4	2	1	5	4	1	4	5	2	5	4	2	3	5	3	1	2	1	1	3	1	4	3	1	3	4	5	4	1	5	4	4	4	3	1	2	2	2	3	3	4	3
AT1G29920	1	5	2	3	5	2	3	3	2	1	5	5	3	3	3	1	1	5	5	3	2	4	4	4	5	1	3	4	1	4	5	5	2	5	4	4	5	4	4	3	5	5	5	4	5	3	5	3	2	4	2	2	2	3	1	2	1	3	1	5	2	1	2	2	5	1	5	3	2	3	5	4	5	4	1	2	3	2	2	3	5	5	4	3	3	5	4	4	5	3	2	4	2	1	5	5	1	2	1	4
AT1G50450	2	2	1	1	1	3	5	4	5	4	2	3	1	2	5	5	2	1	1	2	5	2	5	5	1	5	4	1	5	1	1	4	5	2	1	5	1	3	3	2	3	4	1	5	3	5	1	4	3	1	5	3	5	2	5	4	2	1	3	4	1	4	1	3	1	2	1	1	3	4	1	2	1	5	5	5	2	3	4	2	4	3	5	2	1	3	1	2	1	5	3	5	4	3	4	1	5	1	3	2
AT2G17630	1	4	5	3	5	2	3	3	2	1	5	5	3	3	3	1	4	5	5	3	2	4	4	4	5	1	3	4	1	4	5	5	2	5	4	4	5	4	4	4	5	5	5	4	5	3	5	5	2	4	3	2	2	3	1	2	1	3	1	5	3	1	2	2	5	1	5	3	2	1	5	4	5	4	1	2	3	2	2	5	5	2	4	3	2	5	4	4	5	3	2	4	2	5	5	5	1	2	1	4
AT1G14590	1	5	2	4	5	2	3	3	2	1	5	5	3	3	3	1	1	5	5	3	2	4	4	4	5	1	3	4	1	4	5	5	2	5	4	4	5	4	4	3	5	5	5	4	5	3	5	5	2	4	2	2	2	3	1	2	1	3	1	5	2	1	2	2	5	1	5	3	2	3	5	4	5	4	1	2	3	2	2	3	5	5	4	3	3	5	4	4	5	3	2	4	2	1	5	5	1	2	1	4
AT1G54790	5	2	1	1	1	3	5	1	4	5	2	3	1	2	1	5	2	1	1	4	5	2	5	5	1	5	4	2	5	5	1	4	5	2	1	3	3	1	3	2	3	3	1	5	3	5	2	4	3	1	5	3	5	2	5	4	2	1	3	4	4	4	1	3	1	2	4	1	3	4	1	2	4	5	5	3	5	1	4	2	4	4	5	5	1	3	1	1	1	5	3	2	4	3	4	1	4	1	2	2
AT2G22360	1	5	2	4	5	2	3	3	2	1	4	5	2	3	3	1	1	2	5	3	2	4	4	4	5	4	5	4	1	4	5	5	2	5	4	4	5	4	4	3	2	5	5	4	4	3	5	3	1	4	2	2	2	3	1	2	1	3	1	5	2	1	2	4	5	1	5	3	2	3	5	4	5	4	1	2	3	4	3	3	5	5	4	3	3	5	4	4	5	1	2	4	2	1	5	5	1	2	1	1
AT4G39960	1	5	2	4	5	2	3	3	2	1	4	5	3	3	3	1	1	5	5	3	2	4	4	4	5	1	3	4	1	4	5	5	2	5	4	4	5	4	4	3	5	5	5	4	5	3	5	3	2	4	2	2	2	3	1	2	1	3	1	5	2	1	2	2	5	1	5	3	2	3	5	4	5	4	1	2	3	2	2	3	5	5	4	3	3	5	4	4	5	3	2	4	2	1	5	5	1	2	1	4
AT1G15820	1	5	2	4	5	2	3	3	2	1	4	5	2	3	3	1	1	5	5	3	2	4	4	4	5	1	3	4	1	4	5	5	2	5	4	4	5	4	4	3	5	5	5	4	5	3	5	3	2	4	2	2	2	3	1	2	1	3	1	5	2	1	2	2	5	1	5	3	2	3	5	4	5	4	1	2	3	4	2	3	5	5	4	3	3	5	4	4	5	1	2	4	2	1	5	5	1	2	1	4
AT5G52440	1	5	5	4	5	2	2	3	2	2	4	5	2	1	3	4	1	2	2	1	2	4	4	4	5	4	5	4	1	4	5	5	2	5	4	4	5	4	4	3	2	1	5	4	4	3	5	3	1	4	2	5	2	3	3	2	1	3	1	5	2	1	2	4	5	1	2	3	2	3	3	4	5	4	1	1	3	4	3	3	5	5	4	3	3	5	2	4	4	1	4	4	2	5	5	2	1	3	4	1
AT1G74880	2	2	1	1	1	3	5	4	5	4	2	3	1	2	5	5	2	1	1	2	5	2	5	5	1	5	4	1	5	1	1	4	5	2	1	5	1	3	3	2	3	4	1	5	3	5	1	4	3	1	5	3	5	2	5	4	2	1	3	4	1	4	1	3	1	2	1	1	3	4	1	2	1	5	5	5	2	3	4	2	4	3	5	2	1	3	1	2	1	5	3	5	4	3	4	1	5	1	3	2
AT3G28850	1	5	5	4	5	2	3	3	2	1	4	5	2	3	3	1	1	2	5	3	2	4	4	4	5	4	5	4	1	4	5	5	2	5	4	4	5	4	4	3	2	5	5	4	5	3	5	3	2	4	2	2	2	3	1	2	1	3	1	5	2	1	2	4	5	1	5	3	2	3	5	4	5	4	1	2	3	4	3	3	5	5	4	3	3	5	4	4	5	1	2	4	2	5	5	5	1	2	1	1
AT5G02160	5	2	1	1	5	3	5	1	4	5	2	5	1	2	1	5	1	1	1	4	2	2	4	4	5	1	4	2	1	5	5	4	5	2	1	3	3	1	4	2	3	3	1	4	5	5	2	4	3	4	5	3	2	3	5	4	2	1	3	4	4	4	2	3	5	1	4	1	2	4	1	2	4	4	1	3	5	1	2	2	4	4	5	5	1	3	1	1	5	5	3	2	2	1	4	1	4	1	2	2
AT4G33520	2	3	3	5	3	1	4	5	5	3	3	4	5	5	2	2	5	3	4	5	4	1	1	2	3	3	1	3	2	2	3	3	4	3	2	1	4	2	2	1	1	2	4	3	2	2	4	1	4	2	4	1	3	5	2	3	5	2	2	1	5	3	5	5	4	3	3	3	5	5	4	1	3	3	4	4	4	5	1	1	2	1	3	2	4	2	1	5	1	2	1	3	1	4	1	4	2	5	3	5
AT1G80380	1	4	5	3	2	4	3	3	2	1	5	5	3	4	3	1	4	5	5	3	2	4	4	4	5	2	3	5	1	4	5	5	2	5	4	4	5	4	4	4	5	5	5	4	5	3	5	5	2	4	3	2	2	3	1	2	1	3	1	5	3	1	3	2	2	1	3	3	2	1	5	4	2	4	3	2	3	2	2	5	1	2	4	3	2	1	3	2	5	3	5	4	3	5	5	3	1	2	5	4
AT5G01220	1	5	2	4	5	5	3	3	2	1	4	5	2	3	4	4	1	2	2	1	2	4	4	4	5	4	5	4	1	4	4	1	2	1	4	4	2	4	4	3	2	5	5	4	4	1	3	3	1	4	2	5	2	3	3	2	1	3	1	5	2	1	2	4	5	1	5	3	2	3	3	4	5	4	1	1	3	4	3	3	5	5	4	3	3	5	2	4	5	1	4	3	2	1	5	5	1	2	1	1
AT2G27290	1	5	5	3	5	2	3	3	2	1	5	5	3	3	3	1	1	5	5	3	2	4	4	4	5	1	3	4	1	4	5	5	2	5	4	4	5	4	4	3	5	5	5	4	5	3	5	3	2	4	2	2	2	3	1	2	1	3	1	5	2	1	2	2	5	1	5	3	2	3	5	4	5	4	1	2	3	2	2	5	5	5	4	3	2	5	4	4	5	3	2	4	2	5	5	5	1	2	1	4
AT2G37400	2	2	1	1	1	3	5	4	4	4	2	3	1	2	5	5	2	1	1	2	5	2	5	5	1	5	4	1	5	1	1	4	5	2	1	3	3	1	3	2	3	4	1	5	3	5	1	4	3	1	5	3	5	2	5	4	2	1	3	4	4	4	1	3	1	2	1	1	3	4	1	2	1	5	5	5	2	1	4	2	4	4	5	5	1	3	1	1	1	5	3	5	4	3	4	1	5	1	2	2
AT4G28025	5	5	2	4	5	2	3	1	2	5	4	5	2	3	1	5	1	2	5	4	2	4	4	4	5	1	5	2	1	4	5	4	2	5	4	4	3	4	4	3	2	3	5	4	5	3	2	3	2	4	2	2	2	3	1	2	1	3	1	5	2	1	2	4	5	1	4	3	2	3	5	4	4	4	1	3	5	4	3	3	5	5	4	3	3	5	4	4	5	1	3	2	2	1	5	5	4	2	2	1
AT3G15840	2	2	1	1	1	3	5	4	4	4	2	3	1	2	5	5	2	1	1	2	5	2	5	5	1	5	4	1	5	1	1	4	5	2	1	3	3	1	3	2	3	4	1	5	3	5	1	4	3	1	5	3	5	2	5	4	2	1	3	4	4	4	1	3	1	2	1	1	3	4	1	2	1	5	5	5	2	1	4	2	4	4	5	5	1	3	1	1	1	5	3	5	4	3	4	1	5	1	2	2
AT4G37925	1	4	5	3	5	2	3	3	2	1	5	5	3	3	3	1	4	5	5	3	2	4	4	4	5	1	3	4	1	4	5	5	2	5	4	4	5	4	4	4	5	5	5	4	5	3	5	5	2	4	3	2	2	3	1	2	1	3	1	5	3	1	2	2	5	1	5	3	2	1	5	4	5	4	3	2	3	2	2	5	1	2	4	3	2	5	4	4	5	3	2	4	2	5	5	5	1	2	1	4
AT4G27700	5	5	2	4	5	2	3	1	2	5	4	5	2	3	1	5	1	5	5	4	2	4	4	4	5	1	3	2	1	4	5	4	2	5	4	4	3	4	4	3	2	3	5	4	5	3	2	3	2	4	2	2	2	3	1	2	1	3	1	5	2	1	2	4	5	1	4	3	2	3	5	4	4	4	1	3	5	4	3	3	5	5	4	3	3	5	4	4	5	1	3	2	2	1	5	5	4	2	2	1
AT5G23890	1	5	2	4	5	2	3	3	2	1	4	5	3	3	3	1	1	5	5	3	2	4	4	4	5	1	3	4	1	4	5	5	2	5	4	4	5	4	4	3	5	5	5	4	5	3	5	3	2	4	2	2	2	3	1	2	1	3	1	5	2	1	2	2	5	1	5	3	2	3	5	4	5	4	1	2	3	2	2	3	5	5	4	3	3	5	4	4	5	1	2	4	2	1	5	5	1	2	1	4
AT2G30950	1	5	2	3	5	2	3	3	2	1	5	5	3	3	3	1	1	5	5	3	2	4	4	4	5	1	3	4	1	4	5	5	2	5	4	4	5	4	4	3	5	5	5	4	5	3	5	3	2	4	2	2	2	3	1	2	1	3	1	5	2	1	2	2	5	1	5	3	2	3	5	4	5	4	1	2	3	2	2	5	5	5	4	3	2	5	4	4	5	3	2	4	2	5	5	5	1	2	1	4
AT5G19500	1	5	2	4	5	2	3	3	2	1	4	5	2	3	3	1	1	5	5	3	2	4	4	4	5	1	3	4	1	4	5	5	2	5	4	4	5	4	4	3	2	5	5	4	5	3	5	3	2	4	2	2	2	3	1	2	1	3	1	5	2	1	2	4	5	1	5	3	2	3	5	4	5	4	1	2	3	4	2	3	5	5	4	3	3	5	4	4	5	1	2	4	2	1	5	5	1	2	1	1
AT1G44575	1	1	4	5	3	1	2	5	1	2	3	2	5	1	4	4	3	4	3	1	1	3	2	3	2	3	2	5	2	3	4	3	3	1	3	5	2	5	1	1	3	1	4	3	1	1	3	2	5	3	4	4	1	4	4	5	4	5	2	2	1	5	4	1	4	5	2	4	4	2	3	5	3	1	5	1	1	3	1	4	3	1	3	4	5	4	1	5	4	4	4	3	4	2	2	2	3	3	4	3
AT4G13010	1	5	2	4	5	2	3	3	2	1	4	5	2	3	3	1	1	5	5	3	2	4	4	4	5	1	3	4	1	4	5	5	2	5	4	4	5	4	4	3	2	5	5	4	5	3	5	3	2	4	2	2	2	3	1	2	1	3	1	5	2	1	2	4	5	1	5	3	2	3	5	4	5	4	1	2	3	4	3	3	5	5	4	3	3	5	4	4	5	1	2	4	2	1	5	5	1	2	1	1
AT2G40100	1	4	5	3	5	2	3	3	2	1	5	5	3	3	3	1	4	5	5	3	2	4	4	4	5	1	3	4	1	4	5	5	2	5	4	4	5	4	4	4	5	5	5	4	5	3	5	5	2	4	3	2	2	3	1	2	1	3	1	5	3	1	2	2	5	1	5	3	2	1	5	4	5	4	1	2	3	2	2	5	5	2	4	3	2	5	4	4	5	3	2	4	2	5	5	5	1	2	1	4
AT1G71500	1	1	4	2	3	1	2	2	1	2	3	2	5	1	4	4	3	4	3	1	1	3	2	3	2	3	2	5	2	3	4	3	3	1	3	5	2	5	1	1	3	1	4	3	1	1	3	2	5	3	4	4	1	4	4	5	4	5	2	2	1	5	4	1	4	5	2	5	4	2	3	5	3	1	5	1	1	3	1	4	3	1	3	4	5	4	1	5	4	4	4	3	4	2	2	2	3	3	4	3
AT1G42960	1	5	5	3	5	2	3	3	2	1	5	5	3	3	3	1	1	5	5	3	2	4	4	4	5	1	3	4	1	4	5	5	2	5	4	4	5	4	4	3	5	5	5	4	5	3	5	5	2	4	2	2	2	3	1	2	1	3	1	5	2	1	2	2	5	1	5	3	2	3	5	4	5	4	1	2	3	2	2	5	5	2	4	3	2	5	4	4	5	3	2	4	2	5	5	5	1	2	1	4
AT3G26080	5	2	2	1	5	2	5	1	2	5	4	5	3	3	1	5	1	5	1	4	2	4	4	4	5	1	3	2	1	5	5	4	2	2	1	4	3	1	4	3	5	3	5	4	5	3	2	4	2	4	2	2	2	3	1	2	1	3	1	5	2	1	2	2	5	1	4	3	2	3	5	4	4	4	1	3	5	1	2	2	5	4	4	3	3	5	4	1	5	3	3	2	2	1	5	1	4	2	2	4
AT2G21530	2	2	1	1	1	3	5	4	5	4	2	3	1	2	5	5	2	1	1	2	5	2	5	5	1	5	4	1	5	1	1	4	5	2	1	5	1	3	3	2	3	4	1	5	3	5	1	4	3	1	5	3	5	2	5	4	2	1	3	4	1	4	1	3	1	2	1	1	3	4	1	2	1	5	5	5	2	3	4	2	4	3	5	2	1	3	1	2	1	5	3	5	4	3	4	1	5	1	3	2
AT4G19830	2	2	1	1	1	3	5	4	4	4	2	3	1	2	5	5	2	1	1	2	5	2	5	5	1	5	4	1	5	1	1	4	5	2	1	3	3	1	3	2	3	4	1	5	3	5	1	4	3	1	5	3	5	2	5	4	2	1	3	4	4	4	1	3	1	2	1	1	3	4	1	2	1	5	5	5	2	1	4	2	4	4	5	5	1	3	1	1	1	5	3	5	4	3	4	1	5	1	2	2
AT2G37660	1	4	5	3	5	2	3	3	2	1	5	5	3	3	3	1	4	5	5	3	2	4	4	4	5	4	3	4	1	4	5	5	2	5	4	4	5	4	4	4	5	5	5	4	5	3	5	5	2	4	3	2	2	3	1	2	1	3	1	5	3	1	2	2	2	1	5	3	2	1	5	4	2	4	3	2	3	2	2	5	1	2	4	3	2	5	4	4	5	3	2	4	2	5	5	5	1	2	1	4
AT3G10470	1	5	5	3	5	2	3	3	2	1	5	5	3	3	3	1	1	5	5	3	2	4	4	4	5	1	3	4	1	4	5	5	2	5	4	4	5	4	4	3	5	5	5	4	5	3	5	5	2	4	2	2	2	3	1	2	1	3	1	5	3	1	2	2	5	1	5	3	2	1	5	4	5	4	1	2	3	2	2	5	5	5	4	3	2	5	4	4	5	3	2	4	2	5	5	5	1	2	1	4
AT2G37230	5	2	1	1	1	3	5	1	4	5	2	3	1	2	1	5	2	1	1	4	5	2	5	5	1	5	4	2	5	5	1	4	5	2	1	3	3	1	3	2	3	3	1	5	3	5	2	4	3	1	5	3	5	2	5	4	2	1	3	4	4	4	1	3	1	2	4	1	2	4	1	2	4	4	5	3	5	1	4	2	4	4	5	5	1	3	1	1	1	5	3	2	4	3	4	1	4	1	2	2
AT1G54780	1	5	4	4	5	5	3	3	2	1	4	5	2	1	4	4	1	2	2	1	2	3	4	4	5	4	5	4	1	4	4	1	2	1	4	4	2	4	4	1	2	1	5	4	4	1	3	3	1	4	2	5	2	3	3	2	1	5	2	2	2	1	2	1	5	1	2	3	4	3	3	5	5	4	1	1	3	4	3	4	5	5	4	3	3	5	2	4	4	1	4	3	2	2	2	2	1	3	4	1
AT4G33010	1	4	5	3	2	4	3	3	2	1	5	5	3	4	3	1	4	5	5	3	2	4	4	4	5	2	3	5	1	4	5	2	2	5	4	4	5	4	4	4	5	5	5	4	5	3	5	5	5	4	3	2	2	3	1	2	1	3	1	5	3	1	3	2	2	1	3	3	2	1	5	4	2	4	3	2	3	2	2	5	1	2	4	3	2	1	3	2	5	3	5	1	3	5	5	3	1	2	5	4
AT5G19370	1	4	5	3	5	2	3	3	2	1	5	5	3	3	3	1	4	5	5	3	2	4	4	4	5	4	3	4	1	4	5	5	2	5	4	4	5	4	4	4	5	5	5	4	5	3	5	5	2	4	2	2	2	3	1	2	1	3	1	5	3	1	2	2	5	1	5	3	2	1	5	4	5	4	3	2	3	2	2	5	5	5	4	3	2	5	4	4	5	3	2	4	2	5	5	5	1	2	1	4
AT2G30695	1	2	2	3	5	2	3	3	2	1	5	5	3	3	3	1	1	5	5	3	2	4	4	4	5	1	3	4	1	4	5	5	2	5	4	4	5	4	4	4	5	5	5	4	5	3	5	5	2	4	2	2	2	3	1	2	1	3	1	5	3	1	2	2	5	1	5	3	2	1	5	4	5	4	1	2	3	2	2	5	5	5	4	3	2	5	3	4	5	3	3	4	2	1	5	1	1	2	1	4
AT5G42070	1	5	5	3	5	2	3	3	2	1	5	5	3	3	3	1	1	5	5	3	2	4	4	4	5	4	3	4	1	4	5	5	2	5	4	4	5	4	4	4	5	5	5	4	5	3	5	5	2	4	2	2	2	3	1	2	1	3	1	5	3	1	2	2	5	1	5	3	2	1	5	4	5	4	1	2	3	2	2	5	5	5	4	3	2	5	4	4	5	3	2	4	2	5	5	5	1	2	1	4
AT4G39730	5	2	1	1	1	3	5	4	4	5	2	3	1	2	1	5	2	1	1	2	5	2	5	5	1	5	4	2	5	5	1	4	5	2	1	3	3	1	3	2	3	4	1	5	3	5	1	4	3	1	5	3	5	2	5	4	2	1	3	4	4	4	1	3	1	2	1	1	3	4	1	2	4	5	5	5	5	1	4	2	4	4	5	5	1	3	3	1	1	5	1	5	4	3	4	1	5	1	2	2
AT1G07510	1	5	2	4	5	2	3	3	2	1	4	5	2	3	3	1	1	5	5	3	2	4	4	4	5	1	3	4	1	4	5	5	2	5	4	4	5	4	4	3	5	5	5	4	5	3	5	3	2	4	2	2	2	3	1	2	1	3	1	5	2	1	2	2	5	1	5	3	2	3	5	4	5	4	1	2	3	4	2	3	5	5	4	3	3	5	4	4	5	1	2	4	2	5	5	5	1	2	1	4
AT1G79040	1	1	4	5	3	1	2	2	1	2	3	2	5	1	4	4	3	4	3	1	1	3	2	3	2	3	2	5	2	3	4	3	3	1	3	5	2	5	1	1	3	1	4	3	1	1	3	2	5	3	4	4	1	4	4	5	4	5	2	2	1	5	4	1	4	5	2	5	4	2	3	5	3	1	5	1	1	3	1	4	3	1	3	4	5	4	1	5	4	4	4	3	4	2	2	2	3	3	4	3
AT2G21160	5	2	1	1	1	3	5	1	4	5	2	3	1	2	1	5	2	1	1	4	5	2	5	5	1	5	4	2	5	5	1	4	5	2	1	3	3	1	3	2	3	3	1	5	3	5	2	4	3	1	5	3	5	2	5	4	2	1	3	4	4	4	1	3	1	2	4	1	2	4	1	2	4	5	5	3	5	1	4	2	4	4	5	5	1	3	1	1	1	5	3	2	4	3	4	1	4	1	2	2
AT4G39460	1	5	5	3	5	2	3	3	2	1	5	5	3	3	3	1	1	5	5	3	2	4	4	4	5	4	3	4	1	4	5	5	2	5	4	4	5	4	4	3	5	5	5	4	5	3	5	3	2	4	2	2	2	3	1	2	1	3	1	5	3	1	2	2	5	1	5	3	2	3	5	4	5	4	1	2	3	2	2	5	5	5	4	3	2	5	4	4	5	3	2	4	2	5	5	5	1	2	1	4
AT3G26580	1	5	2	3	5	2	3	3	2	1	5	5	3	3	3	1	1	5	5	3	2	4	4	4	5	1	3	4	1	4	5	5	2	5	4	4	5	4	4	3	5	5	5	4	5	3	5	5	2	4	2	2	2	3	1	2	1	3	1	5	3	1	2	2	5	1	5	3	2	1	5	4	5	4	1	2	3	2	2	5	5	5	4	3	2	5	4	4	5	3	2	4	2	5	5	5	1	2	1	4
AT1G03160	1	4	5	3	5	2	3	3	2	1	5	5	3	4	3	1	4	5	5	3	2	4	4	4	5	2	3	4	1	4	5	5	2	5	4	4	5	4	4	4	5	5	5	4	5	3	5	5	2	4	3	2	2	3	1	2	1	3	1	5	3	1	3	2	2	1	5	3	2	1	5	4	2	4	3	2	3	2	2	5	1	2	4	3	2	5	3	4	5	3	5	4	2	5	5	3	1	2	1	4
AT2G24020	1	5	2	4	5	2	3	3	2	1	4	5	2	3	3	1	1	5	5	3	2	4	4	4	5	1	3	4	1	4	5	5	2	5	4	4	5	4	4	3	2	5	5	4	5	3	5	3	2	4	2	2	2	3	1	2	1	3	1	5	2	1	2	4	5	1	5	3	2	3	5	4	5	4	1	2	3	4	2	3	5	5	4	3	3	5	4	4	5	1	2	4	2	1	5	5	1	2	1	1
AT1G05385	5	2	1	1	1	3	5	1	4	5	2	3	1	2	1	5	2	1	1	4	5	2	5	5	1	5	4	2	5	5	1	4	5	2	1	3	3	1	3	2	3	3	1	5	3	5	2	4	3	1	5	3	5	2	5	4	2	1	3	4	4	4	1	3	1	2	4	1	2	4	1	2	4	5	5	3	5	1	4	2	4	4	5	5	1	3	1	1	1	5	3	2	4	3	4	1	4	1	2	2
AT5G52970	1	5	2	4	5	2	3	3	2	1	4	5	2	3	3	1	1	5	5	3	2	4	4	4	5	1	3	4	1	4	5	5	2	5	4	4	5	4	4	3	5	5	5	4	5	3	5	3	2	4	2	2	2	3	1	2	1	3	1	5	2	1	2	4	5	1	5	3	2	3	5	4	5	4	1	2	3	4	2	3	5	5	4	3	3	5	4	4	5	1	2	4	2	5	5	5	1	2	1	4
AT3G08920	1	4	5	3	5	2	3	3	2	1	5	5	3	4	3	1	4	5	5	3	2	4	4	4	5	2	3	4	1	4	5	5	2	5	4	4	5	4	4	4	5	5	5	4	5	3	5	5	2	4	3	2	2	3	1	2	1	3	1	5	3	1	3	2	2	1	5	3	2	1	5	4	2	4	3	2	3	2	2	5	1	2	4	3	2	1	3	2	5	3	5	4	2	5	5	3	1	2	5	4
AT1G72640	1	5	5	3	5	2	3	3	2	1	5	5	3	3	3	1	1	5	5	3	2	4	4	4	5	4	3	4	1	4	5	5	2	5	4	4	5	4	4	3	5	5	5	4	5	3	5	5	2	4	2	2	2	3	1	2	1	3	1	5	3	1	2	2	5	1	5	3	2	3	5	4	5	4	1	2	3	2	2	5	5	5	4	3	2	5	4	4	5	3	2	4	2	5	5	5	1	2	1	4
AT1G67840	2	2	1	1	1	3	5	4	5	4	2	3	1	2	5	5	2	1	1	2	5	2	5	5	1	5	4	1	5	1	1	4	5	2	1	5	1	3	3	2	3	4	1	5	3	5	1	4	3	1	5	3	5	2	5	4	2	1	3	4	1	4	1	3	1	2	1	1	3	4	1	2	1	5	5	5	2	3	4	2	4	3	5	2	1	3	1	2	1	5	3	5	4	3	4	1	5	1	3	2
AT5G13120	1	5	2	3	5	2	3	3	2	1	5	5	3	3	3	1	1	5	5	3	2	4	4	4	5	1	3	4	1	4	5	5	2	5	4	4	5	4	4	3	5	5	5	4	5	3	5	3	2	4	2	2	2	3	1	2	1	3	1	5	2	1	2	2	5	1	5	3	2	3	5	4	5	4	1	2	3	2	2	3	5	5	4	3	2	5	4	4	5	3	2	4	2	5	5	5	1	2	1	4
AT4G31390	4	3	3	2	3	1	4	2	3	3	3	2	5	5	2	3	3	4	3	5	4	5	1	2	3	3	1	5	4	3	2	3	1	4	2	1	1	5	5	5	4	2	2	1	1	4	4	2	4	5	1	1	4	4	4	5	4	2	4	1	5	2	5	5	3	3	2	5	1	2	4	1	3	1	2	1	4	5	1	1	2	1	3	4	5	4	1	3	2	4	4	1	1	4	3	4	3	5	4	3
AT4G24930	5	5	2	4	5	2	3	1	2	1	4	5	3	3	1	1	1	5	5	4	2	4	4	4	5	1	3	2	1	4	5	5	2	5	4	4	5	4	4	3	2	5	5	4	5	3	2	3	2	4	2	2	2	3	1	2	1	3	1	5	2	1	2	4	5	1	4	3	2	3	5	4	4	4	1	3	5	2	2	3	5	5	4	3	3	5	4	4	5	1	2	2	2	1	5	5	4	2	1	1
AT1G74710	1	5	2	4	5	2	3	3	2	1	4	5	2	3	3	1	1	5	5	3	2	4	4	4	5	1	3	4	1	4	5	5	2	5	4	4	5	4	4	3	5	5	5	4	5	3	5	3	2	4	2	2	2	3	1	2	1	3	1	5	2	1	2	2	5	1	5	3	2	3	5	4	5	4	1	2	3	4	2	3	5	5	4	3	3	5	4	4	5	1	2	4	2	5	5	5	1	2	1	4
AT4G18370	1	5	5	3	5	2	3	3	2	1	5	5	3	3	3	1	1	5	5	3	2	4	4	4	5	1	3	4	1	4	5	5	2	5	4	4	5	4	4	4	5	5	5	4	5	3	5	5	2	4	2	2	2	3	1	2	1	3	1	5	3	1	2	2	5	1	5	3	2	1	5	4	5	4	1	2	3	2	2	5	5	2	4	3	2	5	4	4	5	3	2	4	2	5	5	5	1	2	1	4
AT1G03090	2	2	1	1	1	3	5	4	4	4	2	3	1	2	5	5	2	1	1	2	5	2	5	5	1	5	4	1	5	1	1	4	5	2	1	5	3	3	3	2	3	4	1	5	3	5	1	4	3	1	5	3	5	2	5	4	2	1	3	4	4	4	1	3	1	2	1	1	3	4	1	2	1	5	5	5	2	1	4	2	4	3	5	2	1	3	3	2	1	5	1	5	4	3	4	1	5	1	3	2
AT3G55330	1	5	5	3	5	2	3	3	2	1	5	5	3	3	3	1	1	5	5	3	2	4	4	4	5	1	3	4	1	4	5	5	2	5	4	4	5	4	4	3	5	5	5	4	5	3	5	3	2	4	2	2	2	3	1	2	1	3	1	5	2	1	2	2	5	1	5	3	2	3	5	4	5	4	1	2	3	2	2	5	5	5	4	3	2	5	4	4	5	3	2	4	2	5	5	5	1	2	1	4
AT4G36810	3	3	3	5	3	1	4	5	3	3	1	2	4	5	2	2	5	3	4	5	4	5	3	1	3	3	2	3	3	2	3	2	4	3	5	1	4	2	3	1	1	2	3	2	2	2	4	1	4	2	4	1	3	1	2	1	3	4	5	1	5	2	5	5	3	4	3	2	3	5	2	3	3	2	4	4	1	5	5	1	2	1	2	1	4	2	5	5	3	2	1	3	5	4	1	4	2	4	3	5
AT1G16790	2	2	1	1	1	3	5	4	4	4	2	3	1	2	5	5	2	1	1	2	5	2	5	5	1	5	4	1	5	1	1	4	5	2	1	3	3	1	3	2	3	4	1	5	3	5	1	4	3	1	5	3	5	2	5	4	2	1	3	4	4	4	1	3	1	2	1	1	3	4	1	2	1	5	5	5	2	1	4	2	4	4	5	5	1	3	3	1	1	5	1	5	4	3	4	1	5	1	2	2
AT1G15140	1	5	2	4	5	2	3	3	2	1	4	5	2	3	3	1	1	5	5	3	2	4	4	4	5	1	3	4	1	4	5	5	2	5	4	4	5	4	4	3	2	5	5	4	5	3	5	3	2	4	2	2	2	3	1	2	1	3	1	5	2	1	2	4	5	1	5	3	2	3	5	4	5	4	1	2	3	4	2	3	5	5	4	3	3	5	4	4	5	1	2	4	2	1	5	5	1	2	1	1
AT1G31180	5	2	2	1	5	3	5	1	4	5	2	5	1	3	1	5	1	1	1	4	2	2	4	4	5	1	4	2	1	5	5	4	2	2	1	4	3	1	4	2	3	3	1	4	5	5	2	4	2	4	5	3	2	3	1	2	2	1	1	4	4	4	2	3	5	1	4	1	2	3	1	2	4	4	1	3	5	1	2	2	4	4	4	3	1	3	1	1	5	3	3	2	2	1	5	1	4	2	2	4
AT5G03455	1	5	5	3	5	2	3	3	2	1	5	5	3	3	3	1	1	5	5	3	2	4	4	4	5	4	3	4	1	4	5	5	2	5	4	4	5	4	4	3	5	5	5	4	5	3	5	5	2	4	2	2	2	3	1	2	1	3	1	5	3	1	2	2	5	1	5	3	2	3	5	4	5	4	1	2	3	2	2	5	5	5	4	3	2	5	4	4	5	3	2	4	2	5	5	5	1	2	1	4
AT5G52780	1	5	2	4	5	2	3	3	2	1	5	5	3	3	3	1	1	5	5	3	2	4	4	4	5	1	3	4	1	4	5	5	2	5	4	4	5	4	4	3	5	5	5	4	5	3	5	3	2	4	2	2	2	3	1	2	1	3	1	5	2	1	2	2	5	1	5	3	2	3	5	4	5	4	1	2	3	2	2	3	5	5	4	3	3	5	4	4	5	3	2	4	2	1	5	5	1	2	1	4
AT1G51110	5	5	2	4	5	2	3	3	2	1	4	5	2	3	3	1	1	2	5	3	2	4	4	4	5	1	3	4	1	4	5	5	2	5	4	4	5	4	4	3	2	5	5	4	5	3	5	3	2	4	2	2	2	3	1	2	1	3	1	5	2	1	2	4	5	1	5	3	2	3	5	4	5	4	1	2	3	4	3	3	5	5	4	3	3	5	4	4	5	1	2	4	2	1	5	5	1	2	1	1
AT3G25480	5	2	1	1	1	3	5	1	4	5	2	3	1	2	1	5	2	1	1	4	5	2	5	5	1	5	4	1	5	5	1	4	5	2	1	3	3	1	3	2	3	3	1	5	3	5	2	4	3	1	5	3	5	2	5	4	2	1	3	4	4	4	1	3	1	2	1	1	3	4	1	2	4	5	5	3	5	1	4	2	4	4	5	5	1	3	2	1	1	5	3	5	4	3	4	1	4	1	2	2
AT5G42765	5	5	2	3	5	2	3	3	2	1	5	5	3	3	3	1	1	5	5	3	2	4	4	4	5	1	3	4	1	4	5	5	2	5	4	4	5	4	4	3	5	5	5	4	5	3	5	5	2	4	2	2	2	3	1	2	1	3	1	5	2	1	2	2	5	1	5	3	2	3	5	4	5	4	1	2	3	2	2	5	5	5	4	3	3	5	4	4	5	3	2	4	2	1	5	5	1	2	1	4
AT1G16880	1	4	5	3	5	2	3	3	2	1	5	5	3	4	3	1	4	5	5	3	2	4	4	4	5	2	3	4	1	4	5	5	2	5	4	4	5	4	4	4	5	5	5	4	5	3	5	5	2	4	3	2	2	3	1	2	1	3	1	5	3	1	3	2	2	1	5	3	2	1	5	4	2	4	3	2	3	2	2	5	1	2	4	3	2	5	3	4	5	3	5	4	2	5	5	3	1	2	1	4
AT1G14345	1	4	5	3	5	2	3	3	2	1	5	5	3	4	3	1	4	5	5	3	2	4	4	4	5	2	3	4	1	4	5	5	2	5	4	4	5	4	4	4	5	5	5	4	5	3	5	5	2	4	3	2	2	3	1	2	1	3	1	5	3	1	3	2	2	1	5	3	2	1	5	4	2	4	3	2	3	2	2	5	1	2	4	3	2	5	3	2	5	3	5	4	2	5	5	3	1	2	1	4
AT1G66670	1	5	5	3	5	2	3	3	2	1	5	5	3	3	3	1	1	5	5	3	2	4	4	4	5	4	3	4	1	4	5	5	2	5	4	4	5	4	4	4	5	5	5	4	5	3	5	5	2	4	2	2	2	3	1	2	1	3	1	5	3	1	2	2	5	1	5	3	2	1	5	4	5	4	1	2	3	2	2	5	5	5	4	3	2	5	4	4	5	3	2	4	2	5	5	5	1	2	1	4
