AT2G04030	5	5	4	1	4	5	5	5	1	4	3	1	2	5	4	5	4	3	2	5	5	5	1	5	4	4	2	3	2	5	2	5	4	2	3	5	3	2	1	4	5	3	2	3	3	3	5	4	1	1	2	3	4	5	5	4	1	3	1	5	4	1	3	5	2	4	2	5	4	1	4	3	1	2	1	2	1	2	5	4	2	3	1	5	5	2	2	3	1	3	5	1	4	4	2	2	5	3	2	5
AT5G20140	4	1	5	2	1	1	1	1	3	4	4	5	2	3	4	5	3	3	4	2	1	2	5	1	4	3	5	2	5	4	2	2	5	3	2	5	4	1	2	5	4	2	5	5	4	2	4	4	2	2	2	3	1	1	3	4	1	2	3	2	4	5	4	4	1	2	5	2	5	1	1	1	4	3	1	1	2	1	4	3	1	2	4	2	5	4	1	5	5	1	1	2	1	4	3	4	2	3	4	4
AT5G62720	4	1	5	2	1	1	1	1	3	1	4	5	2	3	2	5	2	3	4	1	1	2	5	1	4	3	5	2	5	4	2	2	5	3	2	5	4	1	2	5	4	4	5	5	4	2	4	4	5	2	2	3	1	1	3	4	1	2	3	2	4	5	1	4	1	2	1	2	5	1	1	1	4	3	1	1	2	1	4	3	1	2	2	2	5	3	1	5	5	2	1	2	2	4	3	4	2	1	4	4
AT4G38100	2	2	2	1	3	4	3	4	4	2	2	2	4	1	5	1	1	5	3	3	3	3	3	4	1	5	4	1	2	4	5	4	2	1	5	2	1	3	3	3	3	3	1	4	1	3	2	1	3	5	3	1	2	3	2	2	4	1	1	3	5	3	5	2	3	5	3	4	1	4	3	2	2	5	2	5	5	5	1	2	4	1	5	1	2	5	3	2	4	4	2	3	3	5	5	1	1	2	3	3
AT5G21430	1	1	5	2	2	1	1	1	3	4	4	5	2	3	4	5	2	1	4	1	2	2	5	1	4	3	5	2	5	4	2	2	5	3	2	5	4	1	2	5	4	2	5	5	4	2	4	4	2	2	2	3	1	1	3	4	1	2	3	2	4	2	4	4	1	2	5	2	5	1	1	1	4	3	4	1	2	1	4	3	1	2	2	2	5	4	1	5	5	1	1	2	2	4	3	4	2	3	4	4
AT3G21055	3	3	4	4	5	2	4	2	2	2	5	3	3	2	4	4	2	1	5	4	4	1	4	3	5	2	1	4	1	2	2	1	3	4	3	3	4	4	2	5	4	5	4	1	2	2	3	4	3	3	2	2	5	2	1	5	1	4	4	3	2	4	1	1	5	3	1	1	2	3	2	1	5	4	4	1	2	4	2	1	3	4	3	4	5	2	5	5	3	5	3	2	5	2	1	3	4	1	1	2
AT4G23890	4	1	5	2	1	1	1	1	3	4	4	5	2	3	4	5	3	3	4	2	1	2	5	1	4	3	5	2	5	4	2	2	5	3	1	5	4	1	2	5	4	2	5	5	4	2	4	4	2	2	2	3	1	1	3	4	1	2	3	4	4	5	4	4	1	2	5	2	5	1	1	1	4	3	1	1	2	1	4	3	1	2	4	2	5	4	1	5	5	1	1	2	1	4	3	4	2	3	4	4
AT4G38380	1	1	5	2	2	1	1	1	3	4	4	5	3	3	4	5	2	1	4	1	2	2	5	1	4	3	5	2	4	4	2	2	3	3	2	5	4	1	2	5	4	2	5	1	4	2	4	4	5	3	2	3	5	1	3	4	1	2	3	2	2	2	1	4	1	2	1	2	5	1	1	1	5	3	4	1	2	4	4	3	1	2	2	2	5	4	1	5	5	2	1	2	2	2	3	4	4	1	4	4
AT4G25910	3	4	1	3	3	5	3	5	5	3	3	1	5	5	5	3	5	4	1	3	3	5	1	5	3	1	3	3	1	1	1	5	1	4	4	4	3	2	1	2	5	1	2	3	3	3	5	2	4	1	4	5	2	5	4	3	3	1	1	5	3	1	3	5	2	4	3	4	4	5	5	5	1	2	5	4	3	2	3	4	5	3	1	3	3	1	2	3	1	3	5	1	3	3	2	2	5	4	5	5
AT2G43010	1	1	5	2	2	1	1	1	3	1	4	5	2	3	2	5	2	1	4	1	2	2	5	1	4	3	5	2	4	4	2	2	3	3	2	5	4	1	2	5	4	2	5	1	4	2	4	4	5	2	2	3	5	1	3	4	1	2	3	2	2	2	1	4	1	2	1	2	5	1	1	1	4	3	4	1	2	1	4	3	1	2	2	2	5	4	1	5	5	2	1	2	2	4	3	4	2	1	4	4
AT4G25050	5	5	4	1	4	3	5	5	2	5	3	4	1	2	3	3	4	2	5	5	5	1	2	2	2	4	1	4	3	5	1	3	4	2	3	1	5	4	5	2	1	5	2	2	5	5	3	3	4	4	1	4	4	3	2	1	2	3	1	3	1	1	2	3	2	1	4	5	3	5	2	3	2	2	3	3	4	2	3	5	5	5	1	5	1	2	2	4	2	5	4	5	4	1	4	5	3	5	1	2
AT1G51350	1	3	5	2	2	1	1	1	3	4	4	5	3	3	4	5	2	1	4	4	2	2	4	3	4	3	5	2	4	4	2	2	3	3	2	5	4	1	2	5	4	2	5	1	4	2	4	4	5	3	2	3	5	1	3	5	1	2	3	2	2	2	1	4	5	3	1	2	5	3	1	1	5	4	4	1	2	4	4	3	1	4	2	2	5	4	1	5	5	2	3	2	2	2	3	4	4	1	4	4
AT1G12250	4	1	5	2	1	1	1	1	3	4	4	5	2	3	4	5	3	3	4	2	1	2	5	1	4	3	5	2	5	4	2	2	5	3	2	5	4	1	2	5	4	2	5	5	4	2	4	4	2	2	2	3	1	1	3	4	1	2	3	4	4	5	4	4	1	2	5	2	5	1	1	1	4	3	1	1	2	1	4	3	1	2	4	2	5	4	1	5	5	1	1	2	1	4	3	4	2	3	4	4
AT2G41680	3	4	1	3	3	5	3	5	1	3	3	1	5	5	5	3	5	4	2	3	5	5	1	5	3	1	3	3	1	1	1	5	1	4	4	4	3	2	1	2	5	1	2	3	3	3	5	2	4	1	4	5	3	5	4	3	3	1	1	5	3	1	3	5	2	4	3	4	4	5	5	5	1	2	5	4	3	2	5	4	2	3	1	3	3	1	2	3	1	3	5	1	4	3	2	2	5	4	5	5
AT3G15110	4	1	5	2	1	1	1	1	3	4	4	5	2	3	4	5	3	3	4	2	1	2	5	1	4	3	5	2	5	4	2	2	5	3	1	5	4	1	2	5	4	2	5	5	4	2	4	4	2	2	2	3	1	1	3	4	1	2	3	4	4	5	4	4	1	2	5	2	5	1	1	1	4	3	1	1	2	1	4	3	1	2	4	2	5	4	1	5	5	1	1	2	1	4	3	4	2	3	4	4
AT2G40400	4	1	5	2	1	1	1	1	3	4	4	5	2	3	4	5	2	3	4	2	1	2	5	1	4	3	5	2	5	4	2	2	5	3	2	5	4	1	2	5	4	2	5	5	4	2	4	4	2	2	2	3	1	1	3	4	1	2	3	2	4	5	1	4	1	2	5	2	5	1	1	1	4	3	1	1	2	1	4	3	1	2	2	2	5	4	1	5	5	1	1	2	1	4	3	4	2	3	4	4
AT5G07020	3	3	4	4	5	2	4	2	2	2	5	3	3	2	2	4	2	1	5	4	4	1	4	3	5	2	1	4	1	2	2	1	3	4	3	3	4	4	2	1	4	5	4	1	2	5	3	1	3	3	3	2	5	2	1	5	2	4	4	3	2	4	3	1	5	3	1	1	2	3	2	3	5	4	4	1	4	4	2	1	3	1	3	4	5	2	5	4	3	5	3	2	5	1	1	3	4	1	1	2
AT5G16660	1	1	5	2	2	1	1	1	3	4	4	5	3	3	4	5	2	1	4	1	2	2	5	1	4	3	5	2	4	4	2	2	3	3	2	5	4	1	2	5	4	2	5	5	4	2	4	4	5	2	2	3	1	1	3	4	1	2	3	2	2	2	1	4	1	2	1	2	5	1	1	1	4	3	4	1	2	1	4	3	1	2	2	2	5	4	1	5	5	2	1	2	2	2	3	4	2	1	4	4
AT3G14420	3	4	1	5	3	5	3	5	5	3	1	1	5	5	4	3	5	5	1	3	5	5	1	5	3	1	2	3	2	1	3	3	1	1	4	4	3	2	1	2	5	1	3	3	4	3	5	2	4	1	4	5	4	5	4	3	3	4	5	5	3	1	2	5	2	4	3	4	4	5	5	5	1	2	5	4	3	2	3	4	2	3	1	5	3	1	2	3	1	5	5	1	3	3	2	2	5	4	5	5
AT1G79230	1	1	5	2	2	1	1	1	3	1	4	5	2	3	2	5	2	1	4	1	1	2	5	1	4	3	5	2	4	4	2	2	3	3	2	5	4	1	2	5	4	2	5	1	4	2	4	4	5	2	2	3	1	1	3	4	1	2	3	2	4	2	1	4	1	2	1	2	5	1	1	1	4	3	4	1	2	1	4	3	1	2	2	2	5	3	1	5	5	2	1	2	2	4	3	4	2	1	4	4
AT2G42220	1	1	5	2	2	1	1	1	3	4	4	5	3	3	4	5	2	1	4	1	2	2	5	1	4	3	5	2	4	4	2	2	3	3	2	5	4	1	2	5	4	2	5	1	4	2	4	4	5	3	2	3	5	1	3	4	1	2	3	2	2	2	1	4	1	2	1	2	5	3	1	1	5	3	4	1	2	4	4	3	1	2	2	2	5	4	1	5	5	2	1	2	2	2	3	4	4	1	4	4
AT1G67280	1	1	5	2	1	1	1	1	3	4	4	5	2	3	4	5	3	3	4	1	1	2	5	1	4	3	5	2	5	4	2	2	5	3	2	5	4	1	2	5	4	2	5	5	4	2	4	4	2	2	2	3	1	1	3	4	1	2	3	2	4	5	4	4	1	2	5	2	5	1	1	1	4	3	1	1	2	1	4	3	1	2	2	2	5	4	1	5	5	1	1	2	2	4	3	4	2	3	4	4
AT3G47450	3	4	1	5	3	5	3	2	5	4	1	3	5	4	5	2	5	5	1	3	3	5	1	2	3	1	4	5	1	3	3	5	4	1	4	1	5	4	3	5	5	5	2	3	3	5	5	2	4	5	5	5	3	5	4	2	5	1	5	5	5	1	3	1	4	4	3	4	4	5	5	1	1	2	5	3	3	5	5	4	4	3	3	5	4	1	3	1	1	3	1	1	3	3	5	3	5	4	5	4
AT5G08540	4	1	5	2	1	1	1	1	3	4	4	5	2	3	4	5	3	3	4	2	1	2	5	1	4	3	5	2	5	4	2	2	5	3	2	5	4	1	2	5	4	2	5	5	4	2	4	4	2	2	2	3	1	1	3	4	1	2	3	4	4	5	4	4	1	2	5	2	5	1	1	1	4	3	1	1	2	1	4	3	1	2	4	2	5	4	1	5	5	1	1	2	1	4	3	4	2	3	4	4
AT3G01480	5	5	3	1	4	2	5	5	1	5	2	4	5	3	1	2	4	2	4	5	5	5	2	2	2	1	3	4	3	3	4	3	2	5	3	1	2	4	3	2	2	3	3	3	5	1	5	3	2	4	3	4	4	3	2	2	3	1	1	1	3	1	2	3	2	4	2	5	3	2	5	3	3	2	3	2	4	2	3	4	2	5	1	3	2	2	4	4	2	5	4	4	4	1	4	5	3	5	5	1
AT4G31560	1	1	5	2	2	1	1	1	3	1	4	5	2	3	2	5	2	1	4	1	1	2	5	1	4	3	5	2	5	4	2	2	3	3	2	5	4	1	2	5	4	2	5	5	4	2	4	4	5	2	2	3	1	1	3	4	1	2	3	2	4	5	1	4	1	2	1	2	5	1	1	1	4	3	1	1	2	1	4	3	1	2	2	2	5	4	1	5	5	2	1	2	2	4	3	4	2	1	4	4
AT1G54580	2	1	2	4	2	1	2	1	3	1	4	5	2	1	2	5	2	1	3	1	1	2	5	1	4	3	5	2	4	4	2	2	3	3	5	5	4	3	2	5	4	4	1	1	1	2	4	4	5	2	2	3	1	4	1	4	1	5	3	2	4	3	1	2	1	3	1	3	5	1	1	1	4	5	4	1	2	3	1	2	4	2	2	1	5	3	1	5	4	2	2	2	2	5	3	1	1	1	4	4
AT1G73530	5	5	3	1	4	3	5	5	1	5	3	4	1	5	3	2	4	2	5	5	5	5	2	2	2	2	1	4	3	5	1	3	1	5	3	1	2	4	3	2	2	3	3	2	5	4	5	3	4	4	1	4	4	3	2	1	2	3	3	1	1	1	2	3	2	4	4	5	3	5	4	3	2	1	3	2	4	2	3	5	2	5	1	5	4	2	5	4	2	5	4	4	4	1	4	5	3	5	2	1
AT5G42270	4	1	5	2	1	1	1	1	3	4	4	5	2	3	4	5	3	3	4	2	1	4	5	1	4	3	5	2	5	4	2	2	5	3	1	5	4	5	2	4	4	2	5	5	4	2	4	4	2	2	2	3	1	1	5	4	1	2	2	4	4	5	4	4	1	2	5	2	5	1	1	1	4	3	1	1	2	1	4	3	1	4	4	2	5	4	1	5	5	1	1	2	1	4	3	4	2	3	4	4
AT1G54500	2	3	2	4	2	4	2	1	3	1	4	2	3	1	2	5	2	1	3	1	2	2	4	1	4	3	5	1	5	4	2	4	3	3	5	5	4	3	2	5	4	4	1	1	1	2	2	1	2	3	2	3	1	4	1	5	1	5	3	2	2	3	1	2	5	3	1	3	5	4	1	2	5	5	4	1	2	3	1	2	4	2	2	1	5	3	1	2	4	2	3	2	1	2	3	1	1	1	3	4
AT5G35170	4	1	5	2	1	1	1	1	3	4	4	5	2	3	4	5	3	3	4	2	1	2	5	1	4	3	5	2	5	4	2	2	5	3	1	5	4	1	2	5	4	2	5	5	4	2	4	4	2	2	2	3	1	1	3	4	1	2	3	4	4	5	4	4	1	2	5	2	5	1	1	1	4	3	1	1	2	1	4	3	1	2	4	2	5	4	1	5	5	1	1	2	1	4	3	4	2	3	4	4
AT1G80030	4	1	5	2	1	1	1	1	3	4	4	5	2	3	4	5	3	3	4	2	1	2	5	1	4	3	5	2	5	4	2	2	5	3	2	5	4	1	2	5	4	2	5	5	4	2	4	4	2	2	2	3	1	1	3	4	1	2	3	4	4	5	4	4	1	2	5	2	5	1	1	1	4	3	1	1	2	1	4	3	1	4	4	2	5	4	1	5	5	1	1	2	1	4	3	4	2	3	4	4
AT1G10170	1	1	5	2	2	1	1	1	3	1	4	5	2	3	2	5	2	1	4	1	2	2	5	1	4	3	5	2	4	4	2	2	3	3	2	5	4	1	2	5	4	2	5	1	4	2	4	4	5	2	2	3	1	1	3	4	1	2	3	2	4	2	1	4	1	2	1	2	5	1	1	1	4	3	4	1	2	1	4	3	1	2	2	2	5	4	1	5	5	2	1	2	2	4	3	4	2	1	4	4
AT5G12470	1	1	5	2	2	1	1	1	3	4	4	5	3	3	4	5	2	1	4	1	2	2	5	1	4	3	5	2	5	4	2	2	3	3	2	5	4	1	2	5	4	2	5	5	4	2	4	4	5	2	2	3	1	1	3	4	1	2	3	2	2	2	1	4	1	2	5	2	5	1	1	1	4	3	4	1	2	1	4	3	1	2	2	2	5	4	1	5	5	2	1	2	2	2	3	4	2	1	4	4
AT2G20260	4	1	5	2	1	1	1	1	3	4	4	5	2	3	4	5	3	3	4	2	1	2	5	1	4	3	5	2	5	4	2	2	5	3	1	5	4	1	2	5	4	2	5	5	4	2	4	4	2	2	2	3	1	1	3	4	1	2	3	4	4	5	4	4	1	2	5	2	5	1	1	1	4	3	1	1	2	1	4	3	1	2	4	2	5	4	1	5	5	1	1	2	1	4	3	4	2	3	4	4
AT1G03600	5	2	1	1	4	3	5	5	2	5	3	4	1	2	3	3	4	4	5	5	4	1	2	2	2	2	1	4	3	2	5	3	1	4	3	1	5	4	5	2	1	5	4	2	5	5	3	5	4	4	5	4	4	3	2	1	2	3	5	1	1	1	3	3	2	1	4	5	3	2	2	3	2	1	2	4	4	2	3	5	3	5	1	5	4	2	5	4	2	5	4	5	4	1	4	5	3	5	1	2
AT5G39830	4	1	5	2	1	1	1	1	3	4	4	5	2	3	4	5	3	3	4	2	1	2	5	1	4	3	5	2	5	4	2	2	5	3	2	5	4	1	2	5	4	2	5	5	4	2	4	4	2	2	2	3	1	1	3	4	1	2	3	4	4	5	4	4	1	2	5	2	5	1	1	1	4	3	1	1	2	1	4	3	1	2	4	2	5	4	1	5	5	1	1	2	1	4	3	4	2	3	4	4
AT1G20810	2	3	2	4	2	4	2	1	3	1	4	2	3	1	2	5	2	1	3	1	2	2	4	1	4	3	5	1	4	4	2	4	3	3	5	5	4	3	2	5	4	4	1	1	1	2	4	1	5	3	2	3	5	4	1	4	1	5	3	2	2	3	1	2	5	3	1	3	5	4	1	1	5	5	4	1	2	3	1	2	4	2	2	1	5	3	1	5	4	2	2	2	2	5	3	1	1	1	3	4
AT1G14150	4	1	5	2	1	1	1	1	3	4	4	5	2	3	4	5	3	3	4	2	1	2	5	1	4	3	5	2	5	4	2	2	5	3	1	5	4	1	2	5	4	2	5	5	4	2	4	4	2	2	2	3	1	1	3	4	1	2	3	4	4	5	4	4	1	2	5	2	5	1	1	1	4	3	1	1	2	1	4	3	1	2	4	2	5	4	1	5	5	1	1	2	1	4	3	4	2	3	4	4
AT2G41330	4	1	5	2	1	1	1	1	3	4	4	5	2	3	4	5	3	3	4	2	1	2	5	1	4	3	5	2	5	4	2	2	5	3	1	5	4	1	2	5	4	2	5	5	4	2	4	4	2	2	2	3	1	1	3	4	1	2	3	2	4	5	4	4	1	2	5	2	5	1	1	1	4	3	1	1	2	1	4	3	1	2	4	2	5	4	1	5	5	1	1	2	1	4	3	4	2	3	4	4
AT3G19490	5	5	4	1	4	5	5	1	1	4	4	1	2	3	4	5	3	3	2	5	5	4	5	1	4	4	2	3	2	5	2	2	4	2	1	5	4	5	2	4	4	3	2	5	3	3	1	4	1	2	2	3	4	1	5	4	1	2	4	4	4	1	4	3	1	2	2	5	5	1	4	3	4	3	1	1	1	1	5	3	1	4	1	5	5	2	1	5	1	1	5	2	4	4	3	2	2	3	4	4
AT3G17830	3	4	1	5	3	5	3	4	5	3	1	1	5	4	5	3	5	4	1	3	3	5	1	5	3	1	3	3	1	3	1	5	1	1	4	4	3	2	1	2	5	1	2	3	3	5	5	2	4	1	4	5	3	5	4	3	3	1	5	5	3	1	3	5	3	4	3	4	4	5	5	5	1	2	5	4	3	2	3	4	5	3	3	3	3	1	2	3	1	3	5	1	3	3	2	3	5	4	5	5
AT1G17850	1	1	5	2	1	1	1	1	3	4	4	5	2	3	4	5	3	3	4	2	1	2	5	1	4	3	5	2	5	4	2	2	5	3	2	5	4	1	2	5	4	2	5	5	4	2	4	4	2	2	2	3	1	1	3	4	1	2	3	4	4	5	4	4	1	2	5	2	5	1	1	1	4	3	1	1	2	1	4	3	1	2	4	2	5	4	1	5	5	1	1	2	2	4	3	4	2	3	4	4
AT2G01140	2	2	2	4	3	4	2	4	4	1	2	2	4	1	2	1	1	5	3	3	3	3	3	4	1	5	4	1	2	4	2	4	3	1	5	2	1	3	2	3	3	4	1	4	1	2	2	1	3	5	2	1	2	4	1	4	4	5	1	2	5	3	5	2	3	5	1	3	1	4	3	2	4	5	4	5	5	3	1	2	4	2	5	1	2	5	3	2	4	4	2	3	3	5	5	1	1	2	3	3
AT1G67700	4	1	5	2	1	1	1	1	3	4	4	5	2	3	4	5	3	3	4	2	1	4	5	1	4	3	5	2	5	4	2	2	5	3	1	5	4	5	2	4	4	2	5	5	4	2	4	4	2	2	2	3	1	1	3	4	1	2	2	4	4	5	4	4	1	2	5	2	5	1	1	1	4	3	1	1	2	1	4	3	1	4	4	2	5	4	1	5	5	1	1	2	1	4	3	4	2	3	4	4
AT5G01500	4	1	5	2	1	1	1	1	3	4	4	5	2	3	4	5	3	3	4	2	1	2	5	1	4	3	5	2	5	4	2	2	5	3	1	5	4	1	2	5	4	2	5	5	4	2	4	4	2	2	2	3	1	1	3	4	1	2	3	4	4	5	4	4	1	2	5	2	5	1	1	1	4	3	1	1	2	1	4	3	1	2	4	2	5	4	1	5	5	1	1	2	1	4	3	4	2	3	4	4
AT3G57680	1	1	5	2	2	1	1	1	3	4	4	5	2	3	4	5	2	1	4	1	1	2	5	1	4	3	5	2	5	4	2	2	5	3	2	5	4	1	2	5	4	2	5	5	4	2	4	4	2	2	2	3	1	1	3	4	1	2	3	2	4	2	1	4	1	2	5	2	5	1	1	1	4	3	1	1	2	1	4	3	1	2	2	2	5	4	1	5	5	1	1	2	2	4	3	4	2	3	4	4
AT4G16155	1	1	5	2	2	1	1	1	3	4	4	5	3	3	4	5	2	1	4	4	2	2	5	3	4	3	5	2	4	4	2	2	3	3	2	5	4	1	2	5	4	2	5	5	4	2	4	4	5	3	2	3	5	1	3	5	1	2	3	4	2	2	4	4	1	2	1	2	5	3	1	1	5	4	4	1	2	4	4	3	1	4	2	2	5	4	1	5	5	2	3	2	2	2	3	4	4	1	4	4
AT1G56500	1	1	5	2	2	1	1	1	3	4	4	5	3	3	4	5	2	1	4	4	2	2	5	3	4	3	5	2	4	4	2	2	3	3	2	5	4	1	2	5	4	2	5	5	4	2	4	4	5	3	2	3	5	1	3	4	1	2	3	4	2	2	1	4	1	2	5	2	5	3	1	1	5	4	4	1	2	4	4	3	1	4	2	2	5	4	1	5	5	2	3	2	2	2	3	4	4	1	4	4
AT1G22450	1	1	5	2	2	1	1	1	3	4	4	5	3	3	4	5	2	1	4	4	2	2	5	3	4	3	5	2	4	4	2	2	3	3	2	5	4	1	2	5	4	2	5	5	4	2	4	4	5	3	2	3	5	1	3	5	1	2	3	4	2	2	4	4	1	2	5	2	5	3	1	1	5	4	4	1	2	4	4	3	1	4	2	2	5	4	1	5	5	2	3	2	2	2	3	4	4	1	4	4
AT5G53170	1	1	5	2	2	1	1	1	3	4	4	5	3	3	4	5	3	1	4	2	2	2	5	3	4	3	5	2	5	4	2	2	5	3	2	5	4	1	2	5	4	2	5	5	4	2	4	4	2	2	2	3	1	1	3	4	1	2	3	4	2	2	4	4	1	2	5	2	5	3	1	1	5	4	4	1	2	1	4	3	1	4	4	2	5	4	1	5	5	1	1	2	2	2	3	4	4	3	4	4
AT5G15250	4	1	5	2	1	1	1	1	3	4	4	5	2	3	4	5	3	3	4	2	1	2	5	1	4	3	5	2	5	4	2	2	5	3	1	5	4	1	2	5	4	2	5	5	4	2	4	4	2	2	2	3	1	1	3	4	1	2	3	2	4	5	4	4	1	2	5	2	5	1	1	1	4	3	1	1	2	1	4	3	1	2	4	2	5	4	1	5	5	1	1	2	1	4	3	4	2	3	4	4
AT3G58010	1	1	5	2	2	1	1	1	3	4	4	5	3	3	4	5	2	1	4	1	2	2	5	3	4	3	5	2	4	4	2	2	3	3	2	5	4	1	2	5	4	2	5	1	4	2	4	4	5	3	2	3	5	1	3	4	1	2	3	2	2	2	1	4	1	2	1	2	5	3	1	1	5	4	4	1	2	4	4	3	1	2	2	2	5	4	1	5	5	2	1	2	2	2	3	4	4	1	4	4
AT2G29500	4	1	5	2	1	1	1	1	3	4	4	5	2	3	4	5	3	3	4	2	1	2	5	1	4	3	5	2	5	4	2	2	5	3	1	5	4	1	2	5	4	2	5	5	4	2	4	4	2	2	2	3	1	1	3	4	1	2	3	4	4	5	4	4	1	2	5	2	5	1	1	1	4	3	1	1	2	1	4	3	1	2	4	2	5	4	1	5	5	1	1	2	1	4	3	4	2	3	4	4
AT3G60370	1	1	5	2	2	1	1	1	3	4	4	5	2	3	4	5	3	3	4	2	2	2	5	1	4	3	5	2	5	4	2	2	5	3	2	5	4	1	2	5	4	2	5	5	4	2	4	4	2	2	2	3	1	1	3	4	1	2	3	4	2	2	4	4	1	2	5	2	5	1	1	1	4	3	1	1	2	1	4	3	1	4	4	2	5	4	1	5	5	1	1	2	2	4	3	4	2	3	4	4
AT1G50460	1	3	5	2	2	1	1	1	3	1	4	5	3	3	2	5	2	1	4	1	2	2	4	3	4	3	5	2	4	4	2	2	3	3	2	5	4	1	2	5	4	2	5	1	4	2	4	4	5	3	2	3	5	1	3	4	1	5	3	2	2	2	1	4	5	3	1	2	5	3	1	1	5	4	4	1	2	4	4	3	1	2	2	2	5	3	1	5	5	2	3	2	2	2	3	4	4	1	4	4
AT2G26800	4	1	5	2	1	1	1	1	3	4	4	5	2	3	4	5	3	3	4	2	1	2	5	1	4	3	5	2	5	4	2	2	5	3	1	5	4	1	2	5	4	2	5	5	4	2	4	4	2	2	2	3	1	1	3	4	1	2	3	4	4	5	4	4	1	2	5	2	5	1	1	1	4	3	1	1	2	1	4	3	1	2	4	2	5	4	1	5	5	1	1	2	1	4	3	4	2	3	4	4
AT1G21750	2	3	2	4	2	4	2	1	4	1	4	2	3	1	2	5	2	1	3	1	3	2	4	1	4	3	5	1	4	4	2	4	3	1	5	5	4	3	2	5	4	4	1	1	1	2	2	1	5	3	2	3	5	4	1	4	1	5	3	2	2	3	1	2	5	3	1	3	1	4	1	2	4	5	4	1	2	3	1	2	4	2	2	1	5	3	1	2	4	2	2	2	2	5	3	1	1	1	3	4
AT2G44990	4	1	5	2	1	1	1	1	3	4	4	5	2	3	4	5	3	3	4	2	1	2	5	1	4	3	5	2	5	4	2	2	5	3	1	5	4	1	2	5	4	2	5	5	4	2	4	4	2	2	2	3	1	1	3	4	1	2	3	4	4	5	4	4	1	2	5	2	5	1	1	1	4	3	1	1	2	1	4	3	1	2	4	2	5	4	1	5	5	1	1	2	1	4	3	4	2	3	4	4
AT1G30510	1	1	5	2	2	1	1	1	3	1	4	5	2	3	2	5	2	1	4	1	2	2	5	1	4	3	5	2	4	4	2	2	3	3	2	5	4	1	2	5	4	2	5	1	4	2	4	4	5	2	2	3	1	1	3	4	1	2	3	2	4	2	1	4	1	2	1	2	5	1	1	1	4	3	4	1	2	1	4	3	1	2	2	2	5	3	1	5	5	2	1	2	2	4	3	4	2	1	4	4
AT3G10130	1	1	5	2	2	1	1	1	3	4	4	5	2	3	4	5	2	1	4	1	1	2	5	1	4	3	5	2	5	4	2	2	5	3	2	5	4	1	2	5	4	2	5	5	4	2	4	4	2	2	2	3	1	1	3	4	1	2	3	2	4	5	1	4	1	2	5	2	5	1	1	1	4	3	1	1	2	1	4	3	1	2	2	2	5	4	1	5	5	1	1	2	2	4	3	4	2	3	4	4
AT3G22690	1	1	5	2	2	1	1	1	3	4	4	5	2	3	4	5	2	1	4	1	1	2	5	1	4	3	5	2	5	4	2	2	5	3	2	5	4	1	2	5	4	2	5	5	4	2	4	4	2	2	2	3	1	1	3	4	1	2	3	2	4	5	1	4	1	2	5	2	5	1	1	1	4	3	1	1	2	1	4	3	1	2	2	2	5	4	1	5	5	1	1	2	2	4	3	4	2	3	4	4
AT1G54050	4	1	5	2	1	1	1	1	3	1	4	5	2	3	2	5	3	3	4	1	1	2	5	1	4	3	5	2	5	4	2	2	5	3	2	5	4	1	2	5	4	2	5	5	4	2	4	4	2	2	2	3	1	1	3	4	1	2	3	2	4	5	1	4	1	2	5	2	5	1	1	1	4	3	1	1	2	1	4	3	1	2	2	2	5	4	1	5	5	1	1	2	1	4	3	4	2	3	4	4
AT1G55370	4	1	5	2	1	1	1	1	3	4	4	5	2	3	4	5	3	3	4	2	1	2	5	1	4	3	5	2	5	4	2	2	5	3	2	5	4	1	2	5	4	2	5	5	4	2	4	4	2	2	2	3	1	1	3	4	1	2	3	4	4	5	4	4	1	2	5	2	5	1	1	1	4	3	1	1	2	1	4	3	1	2	4	2	5	4	1	5	5	1	1	2	1	4	3	4	2	3	4	4
AT4G35770	1	1	5	2	2	1	1	1	3	4	4	5	2	3	4	5	3	1	4	1	1	2	5	1	4	3	5	2	5	4	2	2	5	3	2	5	4	1	2	5	4	2	5	5	4	2	4	4	2	2	2	3	1	1	3	4	1	2	3	2	4	5	4	4	1	2	5	2	5	1	1	1	4	3	1	1	2	1	4	3	1	2	4	2	5	4	1	5	5	1	1	2	2	4	3	4	2	3	4	4
AT3G56040	3	4	4	1	4	3	4	3	2	5	5	4	1	2	3	3	4	4	5	5	4	1	2	5	2	2	1	4	3	2	5	3	2	4	3	3	5	4	5	1	1	5	4	2	2	5	3	5	4	4	3	2	4	2	2	1	2	3	5	3	1	4	3	1	2	1	4	4	3	2	2	3	2	2	2	4	4	2	3	1	3	1	1	5	1	2	5	4	3	5	4	5	5	1	2	3	3	5	1	2
AT1G27510	4	1	5	2	1	1	1	1	3	1	4	5	2	3	4	5	3	3	4	1	1	2	5	1	4	3	5	2	5	4	2	2	5	3	1	5	4	1	2	5	4	2	5	5	4	2	4	4	2	2	2	3	1	1	3	4	1	2	3	2	4	5	4	4	1	2	5	2	5	1	1	1	4	3	1	1	2	1	4	3	1	2	4	2	5	4	1	5	5	1	1	2	1	4	3	4	2	3	4	4
AT5G59250	1	1	5	2	2	1	1	1	3	4	4	5	3	3	4	5	2	1	4	4	2	2	5	3	4	3	5	2	4	4	2	2	3	3	2	5	4	1	2	5	4	2	5	1	4	2	4	4	5	3	2	3	5	1	3	4	1	2	3	2	2	2	1	4	1	2	1	2	5	3	1	1	5	4	4	1	2	4	4	3	1	2	2	2	5	4	1	5	5	2	3	2	2	2	3	4	4	1	4	4
AT1G75690	1	3	5	2	2	1	1	1	3	4	4	5	3	3	4	5	2	1	4	4	2	2	4	3	4	3	5	2	4	4	2	2	3	3	2	5	4	1	2	5	4	2	5	1	4	2	4	4	5	3	2	3	5	1	3	5	1	2	3	2	2	2	1	4	5	3	1	2	5	3	1	1	5	4	4	1	2	4	4	3	1	2	2	2	5	4	1	5	5	2	3	2	2	2	3	4	4	1	4	4
AT4G01900	4	1	5	2	2	1	1	1	3	1	4	5	2	3	2	5	2	1	4	1	1	2	5	1	4	3	5	2	5	4	2	2	3	3	2	5	4	1	2	5	4	2	5	1	4	2	4	4	5	2	2	3	1	1	3	4	1	2	3	2	4	5	1	4	1	2	1	2	5	1	1	1	4	3	1	1	2	1	4	3	1	2	2	2	5	3	1	5	5	2	1	2	2	4	3	4	2	1	4	4
AT2G18790	4	1	5	3	1	1	1	1	3	4	4	5	2	3	4	5	3	3	4	2	1	4	5	1	4	3	5	2	5	4	2	2	5	3	1	5	4	5	2	4	4	2	3	5	4	2	4	4	1	2	2	3	1	1	5	4	1	2	2	4	4	5	4	4	1	2	5	2	5	1	4	1	4	3	1	1	2	1	5	3	2	4	4	2	5	4	1	5	5	1	5	2	1	4	3	4	2	3	4	4
AT1G78915	2	2	2	4	3	4	2	4	4	1	2	2	4	1	2	1	1	5	3	3	3	3	3	4	1	5	4	1	2	4	2	4	3	1	5	2	1	3	2	3	3	4	1	4	1	2	2	1	3	5	2	1	2	4	1	4	4	5	1	2	5	3	5	2	3	5	1	3	1	4	3	2	4	5	4	5	5	3	1	2	4	2	5	1	2	5	3	2	4	4	2	3	3	5	5	1	1	2	3	3
AT3G24590	1	1	5	2	2	1	1	1	3	4	4	5	2	3	4	5	2	1	4	1	2	2	5	1	4	3	5	2	5	4	2	2	3	3	2	5	4	1	2	5	4	2	5	5	4	2	4	4	5	2	2	3	1	1	3	4	1	2	3	2	4	2	1	4	1	2	5	2	5	1	1	1	4	3	4	1	2	1	4	3	1	2	2	2	5	4	1	5	5	1	1	2	2	4	3	4	2	1	4	4
AT2G01918	4	1	5	2	1	1	1	1	3	1	4	5	2	3	2	5	3	3	4	2	1	2	5	1	4	3	5	2	5	4	2	2	5	3	1	5	4	1	2	5	4	2	5	5	4	2	4	4	2	2	2	3	1	1	3	4	1	2	3	2	4	5	1	4	1	2	5	2	5	1	1	1	4	3	1	1	2	1	4	3	1	2	4	2	5	4	1	5	5	1	1	2	1	4	3	4	2	3	4	4
AT1G52220	1	1	5	2	2	1	1	1	3	4	4	5	2	3	4	5	3	3	4	2	1	2	5	1	4	3	5	2	5	4	2	2	5	3	2	5	4	1	2	5	4	2	5	5	4	2	4	4	2	2	2	3	1	1	3	4	1	2	3	4	4	5	4	4	1	2	5	2	5	1	1	1	4	3	1	1	2	1	4	3	1	2	4	2	5	4	1	5	5	1	1	2	2	4	3	4	2	3	4	4
AT3G15360	1	1	5	2	2	1	1	1	3	4	4	5	2	3	4	5	2	1	4	1	2	2	5	1	4	3	5	2	5	4	2	2	5	3	2	5	4	1	2	5	4	2	5	5	4	2	4	4	5	2	2	3	1	1	3	4	1	2	3	2	2	2	4	4	1	2	5	2	5	1	1	1	4	3	4	1	2	1	4	3	1	2	2	2	5	4	1	5	5	1	1	2	2	2	3	4	2	3	4	4
AT1G65260	2	2	2	4	3	4	2	4	4	1	2	2	4	1	2	1	1	5	3	3	3	3	3	4	1	5	4	1	2	4	2	4	3	1	5	2	1	3	2	3	3	4	1	4	1	2	2	1	3	5	2	1	2	4	1	4	4	5	1	2	5	3	5	2	3	5	1	3	1	4	3	2	4	5	4	5	5	3	1	2	4	2	5	1	2	5	3	2	4	4	2	3	3	5	5	1	1	2	3	3
AT4G04020	4	1	5	2	1	1	1	1	3	4	4	5	2	3	4	5	3	3	4	2	1	2	5	1	4	3	5	2	5	4	2	2	5	3	2	5	4	1	2	5	4	2	5	5	4	2	4	4	2	2	2	3	1	1	3	4	1	2	3	2	4	5	4	4	1	2	5	2	5	1	1	1	4	3	1	1	2	1	4	3	1	2	4	2	5	4	1	5	5	1	1	2	1	4	3	4	2	3	4	4
AT1G32500	5	5	4	1	4	5	5	1	2	4	4	1	3	2	4	5	3	3	5	5	5	4	5	3	4	4	2	3	1	5	2	3	4	2	3	5	4	2	2	4	1	2	2	5	5	3	1	4	1	2	2	3	4	1	4	4	1	3	4	4	2	1	4	3	1	2	2	5	5	3	4	3	5	4	1	1	1	1	5	3	5	4	1	5	5	2	1	4	3	5	5	2	4	2	3	5	4	3	1	4
AT3G47060	4	1	5	2	1	1	1	1	3	4	4	5	2	3	4	5	3	3	4	2	1	2	5	1	4	3	5	2	5	4	2	2	5	3	1	5	4	1	2	5	4	2	5	5	4	2	4	4	2	2	2	3	1	1	3	4	1	2	3	2	4	5	4	4	1	2	5	2	5	1	1	1	4	3	1	1	2	1	4	3	1	2	4	2	5	4	1	5	5	1	1	2	1	4	3	4	2	3	4	4
AT2G26550	5	5	4	1	4	5	5	1	2	4	4	1	3	2	4	4	3	3	5	5	5	4	5	3	4	4	2	3	1	5	2	3	4	2	3	5	4	2	2	4	1	2	2	5	2	3	1	4	1	2	2	3	4	1	4	5	1	3	4	4	2	1	4	3	1	2	2	5	5	3	4	3	5	4	1	1	1	1	5	3	5	4	1	5	5	2	1	4	3	5	5	2	4	2	3	5	4	3	1	4
AT4G20820	1	1	5	2	2	1	1	1	3	1	4	5	2	3	2	5	2	1	4	1	2	2	5	1	4	3	5	2	5	4	2	2	3	3	2	5	4	1	2	5	4	2	5	1	4	2	4	4	5	2	2	3	1	1	3	4	1	2	3	2	4	2	1	4	1	2	1	2	5	1	1	1	4	3	4	1	2	1	4	3	1	2	2	2	5	4	1	5	5	2	1	2	2	4	3	4	2	1	4	4
AT1G74070	2	3	2	4	2	4	2	1	3	1	4	2	3	1	2	5	2	1	3	1	2	2	4	1	4	3	5	1	4	4	2	4	3	3	5	5	4	3	2	5	4	4	1	1	1	2	4	1	5	3	2	3	5	4	1	4	1	5	3	2	2	3	1	2	5	3	1	3	5	4	1	1	4	5	4	1	2	3	1	2	4	2	2	1	5	3	1	5	4	2	2	2	2	5	3	1	1	1	3	4
AT3G53560	2	3	2	4	2	4	2	1	4	1	4	2	3	1	2	5	2	1	3	1	3	2	4	1	4	3	5	1	4	4	2	4	3	3	5	5	4	3	2	5	4	4	1	1	1	2	2	1	5	3	2	3	5	4	1	4	1	5	3	2	2	3	1	2	5	3	1	3	1	4	1	2	5	5	4	1	2	3	1	2	4	2	2	1	5	3	1	2	4	2	2	2	2	5	3	1	1	1	3	4
AT5G53490	1	3	2	4	2	1	2	1	3	1	4	2	3	1	2	5	2	1	3	1	2	2	4	1	4	3	5	2	4	4	2	2	3	3	2	5	4	1	2	5	4	4	1	1	1	2	4	4	5	3	2	3	5	4	1	4	1	5	3	2	2	2	1	2	5	3	1	3	5	1	1	1	5	5	4	1	2	3	4	2	1	2	2	1	5	3	1	5	4	2	2	2	2	2	3	1	1	1	4	4
AT2G42975	1	1	5	2	2	1	1	1	3	4	4	5	3	3	4	5	2	1	4	1	2	2	5	1	4	3	5	2	4	4	2	2	3	3	2	5	4	1	2	5	4	2	5	5	4	2	4	4	5	2	2	3	1	1	3	4	1	2	3	2	2	2	1	4	1	2	1	2	5	1	1	1	4	3	4	1	2	1	4	3	1	2	2	2	5	4	1	5	5	2	1	2	2	2	3	4	2	1	4	4
AT2G20270	4	1	5	2	1	1	1	1	3	4	4	5	2	3	4	5	3	3	4	1	1	2	5	1	4	3	5	2	5	4	2	2	5	3	2	5	4	1	2	5	4	2	5	5	4	2	4	4	2	2	2	3	1	1	3	4	1	2	3	4	4	5	4	4	1	2	5	2	5	1	1	1	4	3	1	1	2	1	4	3	1	2	4	2	5	4	1	5	5	1	1	2	2	4	3	4	2	3	4	4
AT2G29180	4	1	5	3	1	1	1	1	3	4	4	5	2	3	4	5	3	3	4	2	1	4	5	1	4	3	5	3	5	4	2	2	5	3	1	5	4	5	2	4	4	2	3	5	4	2	4	4	1	2	2	3	1	1	5	4	1	2	2	4	4	5	4	4	1	2	5	2	5	1	4	1	4	3	1	1	2	1	5	3	2	4	4	2	5	4	1	5	5	1	5	2	1	4	3	4	2	3	4	4
AT3G01440	4	1	5	2	1	1	1	1	3	4	4	5	2	3	4	5	3	3	4	2	1	2	5	1	4	3	5	2	5	4	2	2	5	3	1	5	4	1	2	5	4	2	5	5	4	2	4	4	2	2	2	3	1	1	3	4	1	2	3	4	4	5	4	4	1	2	5	2	5	1	1	1	4	3	1	1	2	1	4	3	1	2	4	2	5	4	1	5	5	1	1	2	1	4	3	4	2	3	4	4
AT1G76760	4	1	5	2	1	1	1	1	3	4	4	5	2	3	4	5	3	3	4	2	1	2	5	1	4	3	5	2	5	4	2	2	5	3	1	5	4	1	2	5	4	2	5	5	4	2	4	4	2	2	2	3	1	1	3	4	1	2	3	4	4	5	4	4	1	2	5	2	5	1	1	1	4	3	1	1	2	1	4	3	1	2	4	2	5	4	1	5	5	1	1	2	1	4	3	4	2	3	4	4
AT2G26360	3	4	3	5	3	5	3	5	5	3	1	1	5	5	5	3	5	4	1	3	3	5	1	5	3	1	3	3	1	1	1	5	1	4	4	4	3	2	1	2	5	1	2	3	3	3	5	2	4	1	4	5	2	5	4	3	3	1	5	5	3	1	3	5	2	4	3	4	4	5	5	5	1	2	5	4	3	2	3	4	5	3	1	3	3	1	2	3	1	3	5	1	3	3	2	2	5	4	5	5
AT4G13670	1	1	5	2	2	1	1	1	3	4	4	5	2	3	4	5	3	1	4	2	2	2	5	1	4	3	5	2	5	4	2	2	5	3	2	5	4	1	2	5	4	2	5	5	4	2	4	4	2	2	2	3	1	1	3	4	1	2	3	4	4	2	4	4	1	2	5	2	5	1	1	1	4	3	1	1	2	1	4	3	1	2	4	2	5	4	1	5	5	1	1	2	2	4	3	4	2	3	4	4
AT2G35040	1	1	5	2	2	1	1	1	3	4	4	5	2	3	4	5	3	3	4	2	2	4	5	1	4	3	5	2	5	4	2	2	5	3	2	5	4	1	2	5	4	2	5	5	4	2	4	4	2	2	2	3	1	1	3	4	1	2	3	4	4	5	4	4	1	2	5	2	5	1	1	1	4	3	1	1	2	1	4	3	1	4	4	2	5	4	1	5	5	1	1	2	1	4	3	4	2	3	4	4
AT1G65230	3	4	4	4	5	2	4	2	2	2	5	3	1	2	3	4	4	4	5	4	4	1	2	5	5	2	1	4	1	2	5	1	2	4	3	3	5	4	5	1	1	5	4	2	2	5	3	5	3	4	3	2	4	2	2	1	2	4	4	3	1	4	3	1	2	1	4	1	2	2	2	3	5	4	2	4	4	2	2	1	3	1	3	4	1	2	5	4	3	5	4	5	5	1	1	3	3	5	1	2
AT1G03850	2	3	2	4	2	4	2	1	4	1	4	2	3	1	2	5	2	1	3	4	3	2	4	3	4	3	5	1	4	4	2	4	3	1	5	5	4	3	2	5	4	4	1	1	1	2	2	1	5	3	2	3	5	4	1	5	1	5	3	2	2	3	1	2	5	3	1	3	1	4	1	2	5	5	4	1	2	3	1	2	4	2	2	1	5	3	1	2	4	2	2	2	2	5	3	1	1	1	3	4
AT1G50250	1	1	5	2	2	1	1	1	3	4	4	5	2	3	4	5	2	1	4	1	2	2	5	1	4	3	5	2	5	4	2	2	3	3	2	5	4	1	2	5	4	2	5	5	4	2	4	4	5	2	2	3	1	1	3	4	1	2	3	2	2	2	1	4	1	2	1	2	5	1	1	1	4	3	4	1	2	1	4	3	1	2	2	2	5	4	1	5	5	2	1	2	2	2	3	4	2	1	4	4
AT2G40760	1	1	5	2	2	1	1	1	3	4	4	5	2	3	4	5	2	1	4	1	1	2	5	1	4	3	5	2	5	4	2	2	5	3	2	5	4	1	2	5	4	2	5	5	4	2	4	4	2	2	2	3	1	1	3	4	1	2	3	2	4	5	1	4	1	2	5	2	5	1	1	1	4	3	1	1	2	1	4	3	1	2	2	2	5	4	1	5	5	1	1	2	2	4	3	4	2	3	4	4
AT2G26340	3	3	4	4	5	2	4	2	2	2	5	3	3	2	2	4	2	1	5	4	4	1	4	3	5	2	1	4	1	2	2	1	3	4	3	3	4	4	2	5	4	5	4	1	2	2	3	4	3	3	2	2	5	2	1	5	1	4	4	3	2	4	1	1	5	3	1	1	2	3	2	1	5	4	4	1	2	4	2	1	3	2	3	4	5	2	5	5	3	5	3	2	5	2	1	3	4	1	1	2
AT5G08050	3	3	4	4	5	2	4	2	2	2	5	3	3	2	2	4	2	1	5	4	4	1	4	3	5	2	1	4	1	2	2	1	3	4	3	3	4	4	2	1	4	5	4	1	2	5	3	4	3	3	2	2	5	2	1	5	2	4	4	3	2	4	1	1	5	3	1	1	2	3	2	3	5	4	4	1	4	4	2	1	3	2	3	4	5	2	5	4	3	5	3	2	5	1	1	3	4	1	1	2
AT1G22020	1	1	5	2	2	1	1	1	3	4	4	5	3	3	4	5	2	1	4	1	2	2	5	3	4	3	5	2	4	4	2	2	3	3	2	5	4	1	2	5	4	2	5	1	4	2	4	4	5	3	2	3	5	1	3	5	1	2	3	2	2	2	1	4	1	3	1	2	5	3	1	1	5	4	4	1	2	4	4	3	1	2	2	2	5	4	1	5	5	2	3	2	2	2	3	4	4	1	4	4
AT5G16150	1	3	5	2	2	1	1	1	3	1	4	5	3	3	2	5	2	1	4	1	2	2	4	1	4	3	5	2	4	4	2	2	3	3	2	5	4	1	2	5	4	2	5	1	4	2	4	4	5	3	2	3	5	1	3	4	1	2	3	2	2	2	1	4	5	3	1	2	5	1	1	1	5	3	4	1	2	4	4	3	1	2	2	2	5	3	1	5	5	2	1	2	2	2	3	4	4	1	4	4
AT4G24750	4	1	5	2	1	1	1	1	3	4	4	5	2	3	4	5	3	3	4	2	1	2	5	1	4	3	5	2	5	4	2	2	5	3	2	5	4	1	2	5	4	2	5	5	4	2	4	4	2	2	2	3	1	1	3	4	1	2	3	4	4	5	4	4	1	2	5	2	5	1	1	1	4	3	1	1	2	1	4	3	1	2	4	2	5	4	1	5	5	1	1	2	1	4	3	4	2	3	4	4
AT4G01050	4	1	5	2	2	1	1	1	3	1	4	5	2	3	2	5	2	1	4	1	1	2	5	1	4	3	5	2	5	4	2	2	3	3	2	5	4	1	2	5	4	2	5	5	4	2	4	4	5	2	2	3	1	1	3	4	1	2	3	2	4	5	1	4	1	2	1	2	5	1	1	1	4	3	1	1	2	1	4	3	1	2	2	2	5	4	1	5	5	2	1	2	2	4	3	4	2	1	4	4
AT1G02560	4	1	5	2	1	1	1	1	3	4	4	5	2	3	4	5	3	3	4	2	1	2	5	1	4	3	5	2	5	4	2	2	5	3	1	5	4	5	2	5	4	2	5	5	4	2	4	4	2	2	2	3	1	1	3	4	1	2	3	4	4	5	4	4	1	2	5	2	5	1	1	1	4	3	1	1	2	1	4	3	1	2	4	2	5	4	1	5	5	1	1	2	1	4	3	4	2	3	4	4
AT1G18730	4	1	5	2	1	1	1	1	3	4	4	5	2	3	4	5	3	3	4	2	1	2	5	1	4	3	5	2	5	4	2	2	5	3	1	5	4	1	2	5	4	2	5	5	4	2	4	4	2	2	2	3	1	1	3	4	1	2	3	2	4	5	4	4	1	2	5	2	5	1	1	1	4	3	1	1	2	1	4	3	1	2	4	2	5	4	1	5	5	1	1	2	1	4	3	4	2	3	4	4
AT3G46780	1	3	5	4	2	1	1	1	3	1	4	5	3	3	2	5	2	1	4	4	2	2	4	3	4	3	5	2	4	4	2	2	3	3	2	5	4	1	2	5	4	2	5	1	1	2	4	4	5	3	2	3	5	4	1	5	1	5	3	2	2	2	1	4	5	3	1	2	5	3	1	1	5	4	4	1	2	4	4	3	1	2	2	2	5	3	1	5	5	2	3	2	2	2	3	4	4	1	4	4
AT1G79450	2	3	2	4	2	1	2	1	3	1	4	5	2	1	2	5	2	1	3	1	2	2	4	1	4	3	5	2	4	4	2	2	3	3	5	5	4	3	2	5	4	4	1	1	1	2	4	4	5	2	2	3	5	4	1	4	1	5	3	2	4	3	1	2	5	3	1	3	5	1	1	1	4	5	4	1	2	3	1	2	1	2	2	1	5	3	1	5	4	2	2	2	2	5	3	1	1	1	3	4
AT1G06690	1	1	5	2	2	1	1	1	3	4	4	5	2	3	4	5	2	1	4	1	1	2	5	1	4	3	5	2	5	4	2	2	5	3	2	5	4	1	2	5	4	2	5	5	4	2	4	4	2	2	2	3	1	1	3	4	1	2	3	2	4	2	4	4	1	2	5	2	5	1	1	1	4	3	1	1	2	1	4	3	1	2	2	2	5	4	1	5	5	1	1	2	2	4	3	4	2	3	4	4
AT1G23740	1	1	5	2	2	1	1	1	3	1	4	5	2	3	2	5	2	1	4	1	2	2	5	1	4	3	5	2	4	4	2	2	3	3	2	5	4	1	2	5	4	2	5	1	4	2	4	4	5	2	2	3	1	1	3	4	1	2	3	2	4	2	1	4	1	2	1	2	5	1	1	1	4	3	4	1	2	1	4	3	1	2	2	2	5	4	1	5	5	2	1	2	2	4	3	4	2	1	4	4
AT3G46610	5	5	4	1	4	3	5	3	2	5	3	4	1	2	3	3	4	2	5	5	5	1	2	2	2	4	1	4	3	5	5	3	4	2	3	1	5	4	5	1	1	5	2	2	5	5	3	3	4	4	1	4	4	2	2	1	2	3	5	3	1	4	3	1	2	1	4	5	3	2	2	3	2	2	2	3	4	2	3	5	3	5	1	5	1	2	2	4	3	5	4	5	4	1	4	5	3	5	1	2
AT1G29920	1	1	5	2	2	1	1	1	3	4	4	5	2	3	4	5	2	1	4	1	2	2	5	1	4	3	5	2	4	4	2	2	3	3	2	5	4	1	2	5	4	2	5	1	4	2	4	4	5	2	2	3	1	1	3	4	1	2	3	2	4	2	1	4	1	2	1	2	5	1	1	1	4	3	4	1	2	1	4	3	1	2	2	2	5	4	1	5	5	2	1	2	2	4	3	4	2	1	4	4
AT1G50450	2	2	2	1	3	4	3	4	4	2	2	2	4	5	5	1	1	5	3	3	3	3	3	4	1	5	4	1	2	4	5	4	2	1	5	2	1	3	3	3	3	3	1	4	1	3	2	1	3	5	3	1	2	3	2	2	4	1	1	3	5	3	5	2	3	5	3	4	1	4	3	2	2	5	2	5	5	5	3	2	4	1	5	1	2	5	3	2	4	4	2	3	3	5	5	1	1	2	3	3
AT2G17630	4	1	5	2	1	1	1	1	3	4	4	5	2	3	4	5	3	3	4	2	1	2	5	1	4	3	5	2	5	4	2	2	5	3	1	5	4	1	2	5	4	2	5	5	4	2	4	4	2	2	2	3	1	1	3	4	1	2	3	4	4	5	4	4	1	2	5	2	5	1	1	1	4	3	1	1	2	1	4	3	1	2	4	2	5	4	1	5	5	1	1	2	1	4	3	4	2	3	4	4
AT1G14590	4	1	5	2	1	1	1	1	3	1	4	5	2	3	2	5	2	1	4	1	1	2	5	1	4	3	5	2	5	4	2	2	5	3	2	5	4	1	2	5	4	2	5	5	4	2	4	4	2	2	2	3	1	1	3	4	1	2	3	2	4	5	1	4	1	2	5	2	5	1	1	1	4	3	1	1	2	1	4	3	1	2	2	2	5	4	1	5	5	1	1	2	2	4	3	4	2	1	4	4
AT1G54790	4	1	2	2	1	1	2	1	3	1	4	5	2	1	2	5	2	3	3	1	1	2	5	1	4	3	5	2	4	4	2	2	3	3	5	5	4	3	2	5	4	4	1	1	1	2	4	4	5	2	2	3	1	4	3	4	1	5	3	2	4	5	1	4	1	2	1	3	5	1	1	1	4	3	1	1	2	1	4	2	4	2	2	2	5	3	1	5	5	2	1	2	1	4	3	4	2	1	4	4
AT2G22360	1	1	5	2	2	1	1	1	3	4	4	5	2	3	4	5	2	1	4	1	2	2	5	1	4	3	5	2	5	4	2	2	5	3	2	5	4	1	2	5	4	2	5	5	4	2	4	4	2	2	2	3	1	1	3	4	1	2	3	2	4	2	4	4	1	2	5	2	5	1	1	1	4	3	1	1	2	1	4	3	1	2	2	2	5	4	1	5	5	1	1	2	2	4	3	4	2	3	4	4
AT4G39960	4	1	5	2	1	1	1	1	3	4	4	5	2	3	4	5	3	3	4	2	1	2	5	1	4	3	5	2	5	4	2	2	5	3	2	5	4	1	2	5	4	2	5	5	4	2	4	4	2	2	2	3	1	1	3	4	1	2	3	2	4	5	4	4	1	2	5	2	5	1	1	1	4	3	1	1	2	1	4	3	1	2	4	2	5	4	1	5	5	1	1	2	1	4	3	4	2	3	4	4
AT1G15820	1	1	5	2	2	1	1	1	3	4	4	5	2	3	4	5	2	1	4	1	2	2	5	1	4	3	5	2	5	4	2	2	3	3	2	5	4	1	2	5	4	2	5	5	4	2	4	4	5	2	2	3	1	1	3	4	1	2	3	2	4	2	1	4	1	2	5	2	5	1	1	1	4	3	4	1	2	1	4	3	1	2	2	2	5	4	1	5	5	2	1	2	2	4	3	4	2	1	4	4
AT5G52440	1	1	5	2	2	1	5	1	3	4	4	5	3	2	4	4	2	1	5	4	2	4	5	3	4	4	5	2	5	4	2	2	5	3	2	5	4	2	2	5	4	2	2	5	2	2	1	4	1	3	2	3	5	1	4	5	1	2	4	4	2	2	4	4	1	2	5	1	5	3	1	1	5	4	4	1	2	4	4	3	1	4	4	2	5	4	1	5	3	1	3	2	2	2	3	5	4	3	1	4
AT1G74880	2	2	2	1	3	4	2	4	4	2	2	2	4	5	5	1	1	5	3	3	3	3	3	4	1	5	4	1	2	4	5	4	2	1	5	2	1	3	4	3	3	3	1	4	1	3	2	1	3	5	3	1	2	3	1	2	4	1	1	3	5	3	5	2	3	5	3	4	1	4	3	2	2	5	2	5	5	5	3	2	4	1	5	1	2	5	3	2	4	4	2	3	3	5	5	1	1	2	3	3
AT3G28850	1	3	5	2	2	1	1	1	3	4	4	5	3	3	4	5	2	1	4	4	2	2	4	3	4	3	5	2	4	4	2	2	3	3	2	5	4	1	2	5	4	2	5	1	4	2	4	4	5	3	2	3	5	1	3	5	1	2	3	2	2	2	1	4	5	3	1	2	5	3	1	1	5	4	4	1	2	4	4	3	1	2	2	2	5	4	1	5	5	2	3	2	2	2	3	4	4	1	4	4
AT5G02160	4	1	5	2	1	1	1	1	3	4	4	5	2	3	4	5	3	3	4	2	1	2	5	1	4	3	5	2	5	4	2	2	5	3	2	5	4	1	2	5	4	2	5	5	4	2	4	4	2	2	2	3	1	1	3	4	1	2	3	2	4	5	4	4	1	2	5	2	5	1	1	1	4	3	1	1	2	1	4	3	1	2	4	2	5	4	1	5	5	1	1	2	1	4	3	4	2	3	4	4
AT4G33520	5	5	3	3	3	2	3	5	1	5	2	4	5	3	1	2	5	2	1	5	5	5	2	2	2	1	3	4	1	3	4	5	2	5	4	4	2	4	4	2	2	3	3	3	3	1	5	3	4	1	3	4	2	3	4	2	3	1	2	1	3	1	2	3	2	4	2	5	3	2	5	4	3	2	3	5	3	2	3	4	2	3	1	3	3	1	4	1	3	5	1	4	4	3	4	2	5	5	5	1
AT1G80380	4	1	5	3	1	1	1	1	3	4	4	5	2	3	4	5	3	3	4	2	1	4	5	1	4	3	5	2	5	4	2	2	5	3	1	5	4	5	2	4	4	2	3	5	4	2	4	4	2	2	2	3	1	1	5	4	1	2	2	4	4	5	4	4	1	2	5	2	5	1	1	1	4	3	1	1	2	1	4	3	2	4	4	2	5	4	1	5	5	1	5	2	1	4	3	4	2	3	4	4
AT5G01220	3	3	4	4	5	2	4	2	2	2	5	3	3	2	2	4	2	1	5	4	4	1	4	3	5	2	1	4	4	2	2	1	3	4	3	3	4	4	2	5	4	5	4	1	2	2	3	4	3	3	2	2	5	2	1	5	1	4	4	2	2	4	1	1	5	3	1	1	2	3	2	1	5	4	4	1	2	4	2	1	3	2	3	4	5	2	5	5	3	5	3	2	5	2	1	3	4	1	1	2
AT2G27290	4	1	5	2	1	1	1	1	3	4	4	5	2	3	4	5	3	3	4	2	1	2	5	1	4	3	5	2	5	4	2	2	5	3	2	5	4	1	2	5	4	2	5	5	4	2	4	4	2	2	2	3	1	1	3	4	1	2	3	2	4	5	4	4	1	2	5	2	5	1	1	1	4	3	1	1	2	1	4	3	1	2	4	2	5	4	1	5	5	1	1	2	1	4	3	4	2	3	4	4
AT2G37400	2	3	2	4	2	4	2	1	4	1	4	2	2	1	2	5	2	1	3	1	3	2	4	1	4	3	5	1	4	4	2	4	3	3	5	5	4	3	2	5	4	4	1	1	1	2	2	1	5	3	2	3	5	4	1	4	1	5	3	2	4	3	1	2	5	3	1	3	1	4	1	2	4	5	4	1	2	3	1	2	4	2	2	1	5	3	1	2	4	2	2	2	2	5	3	1	1	1	3	4
AT4G28025	2	3	2	4	2	4	2	1	3	1	4	2	3	1	2	5	2	1	3	1	2	2	4	1	4	3	5	1	4	4	2	4	3	3	5	5	4	3	2	5	4	4	1	1	1	2	4	1	5	3	2	3	5	4	1	4	1	5	3	2	2	3	1	2	5	3	1	3	5	4	1	2	4	5	4	1	2	3	1	2	4	2	2	1	5	3	1	5	4	2	2	2	2	5	3	1	1	1	3	4
AT3G15840	1	3	5	2	2	1	1	1	3	4	4	5	3	3	4	5	2	1	4	4	2	2	4	3	4	3	5	2	4	4	2	2	3	3	2	5	4	1	2	5	4	2	5	1	4	2	4	4	5	3	2	3	5	1	3	5	1	2	3	2	2	2	1	4	5	3	1	2	5	3	1	1	5	4	4	1	2	4	4	3	1	2	2	2	5	4	1	5	5	2	3	2	2	2	3	4	4	1	4	4
AT4G37925	4	1	5	2	1	1	1	1	3	4	4	5	2	3	4	5	3	3	4	2	1	2	5	1	4	3	5	2	5	4	2	2	5	3	1	5	4	1	2	5	4	2	5	5	4	2	4	4	2	2	2	3	1	1	3	4	1	2	3	4	4	5	4	4	1	2	5	2	5	1	1	1	4	3	1	1	2	1	4	3	1	2	4	2	5	4	1	5	5	1	1	2	1	4	3	4	2	3	4	4
AT4G27700	1	1	5	2	2	1	1	1	3	4	4	5	3	3	4	5	2	1	4	1	2	2	5	3	4	3	5	2	5	4	2	2	5	3	2	5	4	1	2	5	4	2	5	5	4	2	4	4	2	3	2	3	1	1	3	4	1	2	3	4	2	2	4	4	1	2	5	2	5	3	1	1	5	4	4	1	2	1	4	3	1	4	4	2	5	4	1	5	5	1	1	2	2	2	3	4	4	3	4	4
AT5G23890	4	1	5	2	1	1	1	1	3	4	4	5	2	3	4	5	3	3	4	2	1	2	5	1	4	3	5	2	5	4	2	2	5	3	2	5	4	1	2	5	4	2	5	5	4	2	4	4	2	2	2	3	1	1	3	4	1	2	3	4	4	5	4	4	1	2	5	2	5	1	1	1	4	3	1	1	2	1	4	3	1	2	4	2	5	4	1	5	5	1	1	2	1	4	3	4	2	3	4	4
AT2G30950	4	1	5	2	1	1	1	1	3	4	4	5	2	3	4	5	3	3	4	2	1	2	5	1	4	3	5	2	5	4	2	2	5	3	2	5	4	1	2	5	4	2	5	5	4	2	4	4	2	2	2	3	1	1	3	4	1	2	3	4	4	5	4	4	1	2	5	2	5	1	1	1	4	3	1	1	2	1	4	3	1	2	4	2	5	4	1	5	5	1	1	2	1	4	3	4	2	3	4	4
AT5G19500	1	1	5	2	2	1	1	1	3	4	4	5	3	3	4	5	2	1	4	1	2	2	5	1	4	3	5	2	4	4	2	2	3	3	2	5	4	1	2	5	4	2	5	1	4	2	4	4	5	3	2	3	5	1	3	4	1	2	3	2	2	2	1	4	1	3	1	2	5	3	1	1	5	3	4	1	2	4	4	3	1	2	2	2	5	4	1	5	5	2	1	2	2	2	3	4	4	1	4	4
AT1G44575	3	4	1	1	4	3	4	3	2	5	5	4	1	2	3	3	4	4	5	5	4	1	2	5	2	2	1	4	3	2	5	3	2	4	3	3	5	4	5	1	1	5	4	2	2	5	3	5	4	4	3	2	4	2	2	1	2	3	5	3	1	4	3	1	2	1	4	4	3	2	2	3	2	2	2	4	4	2	3	1	3	1	1	5	1	2	5	4	3	5	4	5	5	1	2	3	3	5	1	2
AT4G13010	1	1	5	2	2	1	1	1	3	4	4	5	3	3	4	5	2	1	4	1	2	2	5	1	4	3	5	2	4	4	2	2	3	3	2	5	4	1	2	5	4	2	5	5	4	2	4	4	5	2	2	3	1	1	3	4	1	2	3	2	2	2	1	4	1	2	1	2	5	1	1	1	4	3	4	1	2	1	4	3	1	2	2	2	5	4	1	5	5	2	1	2	2	2	3	4	2	1	4	4
AT2G40100	4	1	5	2	1	1	1	1	3	4	4	5	2	3	4	5	3	3	4	2	1	2	5	1	4	3	5	2	5	4	2	2	5	3	2	5	4	1	2	5	4	2	5	5	4	2	4	4	2	2	2	3	1	1	3	4	1	2	3	2	4	5	4	4	1	2	5	2	5	1	1	1	4	3	1	1	2	1	4	3	1	2	4	2	5	4	1	5	5	1	1	2	1	4	3	4	2	3	4	4
AT1G71500	3	4	4	4	5	2	4	2	2	2	5	4	1	2	3	4	4	4	5	5	4	1	2	5	5	2	1	4	1	2	5	3	2	4	3	3	5	4	5	1	1	5	4	2	2	5	3	5	4	4	3	2	4	2	2	1	2	4	5	3	1	4	3	1	2	1	4	1	2	2	2	3	2	2	2	4	4	2	2	1	3	1	3	4	1	2	5	4	3	5	4	5	5	1	1	3	3	5	1	2
AT1G42960	1	1	5	2	2	1	1	1	3	4	4	5	2	3	4	5	2	1	4	1	2	2	5	1	4	3	5	2	5	4	2	2	5	3	2	5	4	1	2	5	4	2	5	5	4	2	4	4	2	2	2	3	1	1	3	4	1	2	3	2	4	2	4	4	1	2	5	2	5	1	1	1	4	3	4	1	2	1	4	3	1	2	4	2	5	4	1	5	5	1	1	2	2	4	3	4	2	3	4	4
AT3G26080	2	3	2	4	2	4	2	1	4	1	4	2	2	1	2	5	2	1	3	1	3	2	4	1	4	3	5	1	4	4	2	4	3	3	5	5	4	3	2	5	4	4	1	1	1	2	2	1	5	3	2	3	5	4	1	4	1	5	3	2	4	3	1	2	5	3	1	3	1	4	1	2	4	5	4	1	5	3	1	2	4	2	2	1	5	3	1	2	4	2	2	2	2	5	3	1	1	1	3	4
AT2G21530	2	2	2	1	3	4	3	4	4	2	2	2	4	1	5	1	1	5	3	3	3	3	3	4	1	5	4	1	2	4	5	4	2	1	5	2	1	3	3	3	3	3	1	4	1	3	2	1	3	5	3	1	2	3	2	2	4	1	1	3	5	3	5	2	3	5	3	3	1	4	3	2	2	5	2	5	5	5	1	2	4	1	5	1	2	5	3	2	4	4	2	3	3	5	5	1	1	2	3	3
AT4G19830	2	3	2	4	2	4	2	1	4	1	4	2	2	1	2	5	2	1	3	1	3	2	4	1	4	3	5	1	5	4	2	4	3	1	5	5	4	3	2	5	4	4	1	1	1	2	2	1	2	3	2	3	1	4	1	4	1	5	3	2	4	3	1	2	5	3	1	3	1	4	1	2	4	5	4	1	2	3	1	2	4	2	2	1	5	3	1	2	4	2	2	2	1	5	3	1	1	1	3	4
AT2G37660	4	1	5	2	1	1	1	1	3	4	4	5	2	3	4	5	3	3	4	2	1	4	5	1	4	3	5	2	5	4	2	2	5	3	1	5	4	5	2	4	4	2	5	5	4	2	4	4	2	2	2	3	1	1	3	4	1	2	3	4	4	5	4	4	1	2	5	2	5	1	1	1	4	3	1	1	2	1	4	3	1	4	4	2	5	4	1	5	5	1	1	2	1	4	3	4	2	3	4	4
AT3G10470	1	1	5	2	1	1	1	1	3	4	4	5	2	3	4	5	3	3	4	2	1	2	5	1	4	3	5	2	5	4	2	2	5	3	2	5	4	1	2	5	4	2	5	5	4	2	4	4	2	2	2	3	1	1	3	4	1	2	3	2	4	5	4	4	1	2	5	2	5	1	1	1	4	3	1	1	2	1	4	3	1	2	4	2	5	4	1	5	5	1	1	2	2	4	3	4	2	3	4	4
AT2G37230	1	1	5	2	2	1	1	1	3	1	4	5	2	3	2	5	2	1	4	1	2	2	5	1	4	3	5	2	4	4	2	2	3	3	2	5	4	1	2	5	4	2	5	1	4	2	4	4	5	2	2	3	1	1	3	4	1	2	3	2	4	2	1	4	1	2	1	2	5	1	1	1	4	3	4	1	2	1	4	3	1	2	2	2	5	4	1	5	5	2	1	2	2	4	3	4	2	1	4	4
AT1G54780	3	3	4	4	5	2	4	2	2	2	5	3	3	2	2	4	2	1	5	4	4	1	4	3	5	2	1	4	1	2	2	1	3	4	3	3	4	4	2	1	4	5	4	1	2	5	3	4	3	3	2	2	5	2	1	5	2	4	4	3	2	4	1	1	5	3	1	1	2	3	2	3	5	4	4	1	4	4	2	1	3	4	3	4	5	2	5	4	3	5	3	5	5	1	1	3	4	1	1	2
AT4G33010	4	1	5	3	1	1	1	1	3	4	4	5	2	3	4	5	3	3	4	2	1	4	5	1	4	3	5	2	5	4	2	2	5	3	1	5	4	5	2	4	4	2	3	5	4	2	4	4	1	2	2	3	1	1	5	4	1	2	2	4	4	5	4	4	1	2	5	2	5	1	1	1	4	3	1	1	2	1	4	3	2	4	4	2	5	4	1	5	5	1	5	2	1	4	3	4	2	3	4	4
AT5G19370	4	1	5	2	1	1	1	1	3	4	4	5	2	3	4	5	3	3	4	2	1	2	5	1	4	3	5	2	5	4	2	2	5	3	1	5	4	1	2	5	4	2	5	5	4	2	4	4	2	2	2	3	1	1	3	4	1	2	3	4	4	5	4	4	1	2	5	2	5	1	1	1	4	3	1	1	2	1	4	3	1	2	4	2	5	4	1	5	5	1	1	2	1	4	3	4	2	3	4	4
AT2G30695	4	1	5	2	1	1	1	1	3	4	4	5	2	3	4	5	3	3	4	2	1	4	5	1	4	3	5	2	5	4	2	2	5	3	1	5	4	5	2	4	4	2	5	5	4	2	4	4	2	2	2	3	1	1	3	4	1	2	3	4	4	5	4	4	1	2	5	2	5	1	1	1	4	3	1	1	2	1	4	3	1	4	4	2	5	4	1	5	5	1	1	2	1	4	3	4	2	3	4	4
AT5G42070	1	1	5	2	2	1	1	1	3	4	4	5	2	3	4	5	2	1	4	1	1	2	5	1	4	3	5	2	5	4	2	2	5	3	2	5	4	1	2	5	4	2	5	5	4	2	4	4	2	2	2	3	1	1	3	4	1	2	3	2	4	5	1	4	1	2	5	2	5	1	1	1	4	3	1	1	2	1	4	3	1	2	2	2	5	4	1	5	5	1	1	2	2	4	3	4	2	1	4	4
AT4G39730	1	3	5	2	2	1	1	1	3	1	4	5	3	3	2	5	2	1	4	1	2	2	5	1	4	3	5	2	4	4	2	2	3	3	2	5	4	1	2	5	4	2	5	1	4	2	4	4	5	3	2	3	5	1	3	4	1	5	3	2	2	2	1	4	5	3	1	2	5	1	1	1	4	3	4	1	2	4	4	3	1	2	2	2	5	3	1	5	5	2	1	2	2	2	3	4	2	1	4	4
AT1G07510	1	1	5	2	2	1	1	1	3	4	4	5	2	3	4	5	2	1	4	1	2	2	5	1	4	3	5	2	5	4	2	2	5	3	2	5	4	1	2	5	4	2	5	5	4	2	4	4	5	2	2	3	1	1	3	4	1	2	3	2	4	2	1	4	1	2	5	2	5	1	1	1	4	3	4	1	2	1	4	3	1	2	2	2	5	4	1	5	5	1	1	2	2	4	3	4	2	1	4	4
AT1G79040	3	4	1	1	4	3	4	3	2	5	5	4	1	2	3	3	4	4	5	5	4	1	2	5	2	2	1	4	3	2	5	3	2	4	3	3	5	4	5	1	1	5	4	2	2	5	3	5	4	4	3	2	4	2	2	1	2	3	5	3	1	4	3	1	2	1	4	4	3	2	2	3	2	2	2	4	4	2	3	1	3	1	1	5	1	2	5	4	3	5	4	5	5	1	2	3	3	5	1	2
AT2G21160	2	3	2	4	2	4	2	1	4	1	4	2	2	1	2	5	2	1	3	1	3	2	4	1	4	3	5	1	4	4	2	4	3	3	5	5	4	3	2	5	4	4	1	1	1	2	2	1	5	3	2	3	5	4	1	4	1	5	3	2	4	3	1	2	5	3	1	3	1	4	1	2	4	5	4	1	2	3	1	2	4	2	2	1	5	3	1	2	4	2	2	2	2	5	3	1	1	1	3	4
AT4G39460	1	1	5	2	2	1	1	1	3	4	4	5	3	3	4	5	2	1	4	1	2	2	5	1	4	3	5	2	4	4	2	2	3	3	2	5	4	1	2	5	4	2	5	1	4	2	4	4	5	3	2	3	5	1	3	4	1	2	3	2	2	2	1	4	1	2	1	2	5	3	1	1	5	3	4	1	2	4	4	3	1	2	2	2	5	4	1	5	5	2	1	2	2	2	3	4	4	1	4	4
AT3G26580	4	1	5	2	1	1	1	1	3	4	4	5	2	3	4	5	2	3	4	1	1	2	5	1	4	3	5	2	5	4	2	2	5	3	2	5	4	1	2	5	4	2	5	5	4	2	4	4	2	2	2	3	1	1	3	4	1	2	3	2	4	5	1	4	1	2	5	2	5	1	1	1	4	3	1	1	2	1	4	3	1	2	2	2	5	4	1	5	5	1	1	2	2	4	3	4	2	3	4	4
AT1G03160	4	1	5	2	1	1	1	1	3	4	4	5	2	3	4	5	3	3	4	2	1	4	5	1	4	3	5	2	5	4	2	2	5	3	1	5	4	5	2	4	4	2	5	5	4	2	4	4	2	2	2	3	1	1	3	4	1	2	2	4	4	5	4	4	1	2	5	2	5	1	1	1	4	3	1	1	2	1	4	3	1	4	4	2	5	4	1	5	5	1	1	2	1	4	3	4	2	3	4	4
AT2G24020	1	1	5	2	2	1	1	1	3	4	4	5	2	3	4	5	2	1	4	1	2	2	5	1	4	3	5	2	5	4	2	2	3	3	2	5	4	1	2	5	4	2	5	5	4	2	4	4	5	2	2	3	1	1	3	4	1	2	3	2	4	2	1	4	1	2	1	2	5	1	1	1	4	3	4	1	2	1	4	3	1	2	2	2	5	4	1	5	5	2	1	2	2	4	3	4	2	1	4	4
AT1G05385	2	3	2	4	2	4	2	1	4	1	4	2	2	1	2	5	2	1	3	1	1	2	5	1	4	3	5	1	4	4	2	4	3	3	5	5	4	3	2	5	4	4	1	1	1	2	4	1	5	2	2	3	1	4	1	4	1	5	3	2	4	3	1	2	1	3	1	3	1	1	1	2	4	5	1	1	2	3	1	2	4	2	2	1	5	3	1	5	4	2	2	2	2	5	3	1	1	1	3	4
AT5G52970	1	1	5	2	2	1	1	1	3	4	4	5	2	3	4	5	3	1	4	1	2	2	5	1	4	3	5	2	5	4	2	2	5	3	2	5	4	1	2	5	4	2	5	5	4	2	4	4	2	2	2	3	1	1	3	4	1	2	3	2	4	2	4	4	1	2	5	2	5	1	1	1	4	3	1	1	2	1	4	3	1	2	4	2	5	4	1	5	5	1	1	2	2	4	3	4	2	3	4	4
AT3G08920	4	1	5	2	1	1	1	1	3	4	4	5	2	3	4	5	3	3	4	2	1	4	5	1	4	3	5	2	5	4	2	2	5	3	1	5	4	1	2	4	4	2	5	5	4	2	4	4	2	2	2	3	1	1	3	4	1	2	3	4	4	5	4	4	1	2	5	2	5	1	1	1	4	3	1	1	2	1	4	3	1	4	4	2	5	4	1	5	5	1	1	2	1	4	3	4	2	3	4	4
AT1G72640	4	1	5	2	1	1	1	1	3	4	4	5	2	3	4	5	3	3	4	2	1	2	5	1	4	3	5	2	5	4	2	2	5	3	2	5	4	1	2	5	4	2	5	5	4	2	4	4	2	2	2	3	1	1	3	4	1	2	3	4	4	5	4	4	1	2	5	2	5	1	1	1	4	3	1	1	2	1	4	3	1	2	4	2	5	4	1	5	5	1	1	2	1	4	3	4	2	3	4	4
AT1G67840	2	2	2	1	3	4	3	4	4	2	2	2	4	5	5	1	1	5	3	3	3	3	3	4	1	5	4	1	2	4	5	4	2	1	5	2	1	3	3	3	3	3	1	4	1	3	2	1	3	5	3	1	2	3	2	2	4	1	1	3	5	3	5	2	3	5	3	4	1	4	3	2	2	5	2	5	5	5	3	2	4	1	5	1	2	5	3	2	4	4	2	3	3	5	5	1	1	2	3	3
AT5G13120	4	1	5	2	1	1	1	1	3	4	4	5	2	3	4	5	3	3	4	2	1	2	5	1	4	3	5	2	5	4	2	2	5	3	1	5	4	1	2	5	4	2	5	5	4	2	4	4	2	2	2	3	1	1	3	4	1	2	3	4	4	5	4	4	1	2	5	2	5	1	1	1	4	3	1	1	2	1	4	3	1	2	4	2	5	4	1	5	5	1	1	2	1	4	3	4	2	3	4	4
AT4G31390	5	5	3	1	4	3	5	5	2	5	3	4	1	5	3	2	4	2	5	5	5	5	2	2	2	4	1	4	3	5	1	3	1	2	3	1	2	4	5	2	1	3	2	2	5	4	5	3	4	4	1	4	4	3	2	1	2	3	1	1	1	1	2	3	2	1	4	5	3	5	4	3	2	1	3	3	4	2	3	5	5	5	1	5	1	2	2	4	2	5	4	5	4	1	4	2	3	5	2	2
AT4G24930	1	1	5	2	2	1	1	1	3	1	4	5	2	3	2	5	2	1	4	1	2	2	5	1	4	3	5	2	4	4	2	2	3	3	2	5	4	1	2	5	4	2	5	1	4	2	4	4	5	2	2	3	1	1	3	4	1	5	3	2	4	2	1	4	1	2	1	2	5	1	1	1	4	3	4	1	2	1	4	3	1	2	2	2	5	3	1	5	5	2	1	2	2	4	3	4	2	1	4	4
AT1G74710	4	1	5	2	1	1	1	1	3	4	4	5	2	3	4	5	3	3	4	2	1	2	5	1	4	3	5	2	5	4	2	2	5	3	2	5	4	1	2	5	4	2	5	5	4	2	4	4	2	2	2	3	1	1	3	4	1	2	3	2	4	5	4	4	1	2	5	2	5	1	1	1	4	3	1	1	2	1	4	3	1	2	4	2	5	4	1	5	5	1	1	2	1	4	3	4	2	3	4	4
AT4G18370	4	1	5	2	1	1	1	1	3	4	4	5	2	3	4	5	3	3	4	2	1	2	5	1	4	3	5	2	5	4	2	2	5	3	2	5	4	1	2	5	4	2	5	5	4	2	4	4	2	2	2	3	1	1	3	4	1	2	3	2	4	5	4	4	1	2	5	2	5	1	1	1	4	3	1	1	2	1	4	3	1	2	4	2	5	4	1	5	5	1	1	2	1	4	3	4	2	3	4	4
AT1G03090	4	1	5	2	1	1	1	1	3	4	4	5	2	3	4	5	3	3	4	2	1	2	5	1	4	3	5	2	5	4	2	2	5	3	1	5	4	5	2	5	4	2	5	5	4	2	4	4	2	2	2	3	1	1	3	4	1	2	2	2	4	5	4	4	1	2	5	2	5	1	1	1	4	3	1	1	2	1	4	3	1	2	4	2	5	4	1	5	5	1	1	2	1	4	3	4	2	3	4	4
AT3G55330	1	1	5	2	2	1	1	1	3	4	4	5	2	3	4	5	2	1	4	1	2	2	5	1	4	3	5	2	5	4	2	2	5	3	2	5	4	1	2	5	4	2	5	5	4	2	4	4	2	2	2	3	1	1	3	4	1	2	3	2	4	2	4	4	1	2	5	2	5	1	1	1	4	3	1	1	2	1	4	3	1	2	2	2	5	4	1	5	5	1	1	2	2	4	3	4	2	3	4	4
AT4G36810	3	4	1	3	3	5	3	5	5	3	3	1	5	4	5	3	5	4	1	3	3	5	1	5	3	1	3	3	1	1	1	5	1	4	4	4	3	2	1	2	5	1	2	3	3	5	5	2	4	1	4	5	3	5	4	3	3	1	5	5	3	1	3	5	3	4	3	4	4	5	5	5	1	2	5	4	3	2	3	4	5	3	1	3	3	1	2	3	1	3	5	1	3	3	2	3	5	4	5	5
AT1G16790	2	3	2	4	2	4	2	1	4	1	4	2	3	1	2	5	2	1	3	1	3	2	4	3	4	3	5	1	4	4	2	4	3	1	5	5	4	3	2	5	4	4	1	1	1	2	2	1	5	3	2	3	5	4	1	5	1	5	3	2	2	3	1	2	5	3	1	3	1	4	1	2	5	5	4	1	2	3	1	2	4	2	2	1	5	3	1	2	4	2	2	2	2	5	3	1	1	1	3	4
AT1G15140	1	3	2	4	2	1	2	1	3	1	4	5	3	1	2	5	2	1	3	1	2	2	4	1	4	3	5	2	4	4	2	2	3	3	2	5	4	1	2	5	4	4	1	1	1	2	4	4	5	3	2	3	5	4	1	4	1	5	3	2	2	2	1	2	5	3	1	3	5	1	1	1	4	5	4	1	2	3	4	2	1	2	2	1	5	3	1	5	4	2	2	2	2	2	3	1	1	1	4	4
AT1G31180	1	1	5	2	2	1	1	1	3	1	4	5	2	3	2	5	2	1	4	1	1	2	5	1	4	3	5	2	5	4	2	2	3	3	2	5	4	1	2	5	4	2	5	5	4	2	4	4	5	2	2	3	1	1	3	4	1	2	3	2	4	5	1	4	1	2	1	2	5	1	1	1	4	3	4	1	2	1	4	3	1	2	2	2	5	4	1	5	5	2	1	2	2	4	3	4	2	1	4	4
AT5G03455	4	1	5	2	1	1	1	1	3	4	4	5	2	3	4	5	3	3	4	2	1	2	5	1	4	3	5	2	5	4	2	2	5	3	2	5	4	1	2	5	4	2	5	5	4	2	4	4	2	2	2	3	1	1	3	4	1	2	3	4	4	5	4	4	1	2	5	2	5	1	1	1	4	3	1	1	2	1	4	3	1	2	4	2	5	4	1	5	5	1	1	2	1	4	3	4	2	3	4	4
AT5G52780	4	1	5	2	1	1	1	1	3	4	4	5	2	3	4	5	3	3	4	2	1	2	5	1	4	3	5	2	5	4	2	2	5	3	1	5	4	1	2	5	4	2	5	5	4	2	4	4	2	2	2	3	1	1	3	4	1	2	3	2	4	5	4	4	1	2	5	2	5	1	1	1	4	3	1	1	2	1	4	3	1	2	4	2	5	4	1	5	5	1	1	2	1	4	3	4	2	3	4	4
AT1G51110	2	3	2	4	2	4	2	1	3	1	4	2	3	1	2	5	2	1	3	1	2	2	4	3	4	3	5	2	4	4	2	4	3	3	5	5	4	3	2	5	4	4	1	1	1	2	4	4	5	3	2	3	5	4	1	5	1	5	3	2	2	2	1	2	5	3	1	3	5	3	1	1	5	5	4	1	2	4	1	2	1	2	2	1	5	3	1	5	4	2	2	2	2	2	3	1	1	1	3	4
AT3G25480	1	3	5	2	2	1	1	1	3	4	4	5	3	3	2	5	2	1	4	1	2	2	4	3	4	3	5	2	4	4	2	2	3	3	2	5	4	1	2	5	4	2	5	1	4	2	4	4	5	3	2	3	5	1	3	5	1	2	3	2	2	2	1	4	5	3	1	2	5	3	1	1	5	4	4	1	2	4	4	3	1	2	2	2	5	4	1	5	5	2	3	2	2	2	3	4	4	1	4	4
AT5G42765	4	1	5	2	1	1	1	1	3	4	4	5	2	3	4	5	3	3	4	1	1	2	5	1	4	3	5	2	5	4	2	2	5	3	2	5	4	1	2	5	4	2	5	5	4	2	4	4	2	2	2	3	1	1	3	4	1	2	3	2	4	5	1	4	1	2	5	2	5	1	1	1	4	3	1	1	2	1	4	3	1	2	2	2	5	4	1	5	5	1	1	2	1	4	3	4	2	3	4	4
AT1G16880	5	5	4	1	4	5	5	2	2	5	3	1	2	2	4	4	4	2	5	5	5	4	5	5	4	4	2	3	1	5	2	5	4	2	3	5	4	2	2	4	1	2	2	5	2	3	1	3	1	4	1	4	4	1	4	5	2	3	4	4	1	1	3	3	2	2	2	5	3	3	4	3	5	2	1	1	1	2	5	5	5	4	1	5	1	2	2	4	3	3	5	5	4	1	4	5	3	3	1	2
AT1G14345	4	1	5	3	1	1	1	1	3	4	4	5	2	3	4	5	3	3	4	2	1	4	5	1	4	3	5	2	5	4	2	2	5	3	1	5	4	5	2	4	4	2	3	5	4	2	4	4	2	2	2	3	1	1	5	4	1	2	2	4	4	5	4	4	1	2	5	2	5	1	1	1	4	3	1	1	2	1	4	3	2	4	4	2	5	4	1	5	5	1	1	2	1	4	3	4	2	3	4	4
AT1G66670	4	1	5	2	1	1	1	1	3	4	4	5	2	3	4	5	2	3	4	1	1	2	5	1	4	3	5	2	5	4	2	2	5	3	2	5	4	1	2	5	4	2	5	5	4	2	4	4	2	2	2	3	1	1	3	4	1	2	3	2	4	5	1	4	1	2	5	2	5	1	1	1	4	3	1	1	2	1	4	3	1	2	2	2	5	4	1	5	5	1	1	2	2	4	3	4	2	1	4	4
