AT2G04030	3	5	4	3	4	3	3	3	4	1	5	3	3	4	1	1	4	5	1	5	4	4	5	5	1	5	1	4	3	3	4	5	1	4	1	2	4	4	1	5	1	5	2	3	3	3	4	2	1	2	2	5	5	1	1	1	4	5	2	2	4	2	1	5	3	1	4	2	3	3	2	5	3	4	5	2	1	2	2	1	5	1	3	4	1	2	2	1	3	4	3	3	4	3	2	3	4	4	3	2
AT5G20140	1	1	5	4	2	4	1	5	5	5	4	1	4	2	4	3	1	3	4	3	5	2	1	1	4	4	3	2	2	2	5	2	5	2	5	4	3	3	3	4	4	1	1	4	4	2	1	5	3	1	3	2	4	3	5	2	2	3	4	4	1	1	3	3	1	4	2	1	2	5	5	1	1	5	3	5	2	4	1	5	1	3	4	5	4	4	5	5	1	2	1	1	5	4	1	5	3	2	5	1
AT5G62720	1	1	5	4	2	5	1	5	5	5	4	1	4	2	4	3	1	3	4	3	5	2	1	1	4	4	3	2	2	2	5	2	4	2	5	4	2	3	3	3	4	1	1	5	5	2	2	5	3	1	3	2	4	3	5	2	2	3	4	3	1	1	3	3	1	4	2	1	2	5	5	1	1	5	3	5	2	4	1	5	1	3	4	5	4	4	5	5	1	2	1	1	5	4	1	2	3	2	5	1
AT4G38100	5	3	2	5	1	5	2	2	2	2	1	2	1	5	5	5	5	1	5	2	1	1	5	2	3	1	4	3	1	5	1	4	2	1	4	1	2	1	2	3	2	2	5	2	5	1	5	1	5	3	1	3	3	4	4	3	5	4	1	5	5	3	4	4	5	3	3	4	4	2	1	4	2	3	1	1	4	5	5	1	4	5	1	2	5	1	4	3	5	5	5	4	1	2	3	2	1	2	2	5
AT5G21430	4	4	5	4	2	4	1	5	5	5	4	1	4	2	2	3	1	3	4	3	5	2	1	1	4	4	3	2	2	2	5	2	5	2	5	4	3	3	5	4	4	1	1	4	4	4	1	5	3	1	3	1	4	3	5	4	2	3	4	4	2	1	3	3	4	4	2	1	2	5	5	1	1	5	3	5	2	4	1	5	1	3	4	5	4	3	5	5	2	2	1	1	5	4	1	5	3	2	5	1
AT3G21055	4	4	1	4	4	2	1	5	5	4	3	4	5	2	2	4	1	3	2	3	2	5	4	1	5	4	3	2	4	1	5	2	5	3	3	4	1	2	5	2	3	4	1	4	2	4	1	4	3	1	3	1	2	3	2	4	1	1	2	4	2	1	3	1	2	4	5	1	2	5	5	2	4	5	4	5	5	3	1	3	3	3	5	5	4	5	5	5	4	2	1	1	5	1	5	4	2	2	1	1
AT4G23890	1	1	5	4	2	4	1	5	5	5	4	1	4	2	4	3	1	3	4	3	5	2	1	1	4	2	3	2	2	2	5	2	5	2	5	4	3	3	3	4	4	1	1	5	4	2	2	5	3	1	3	2	4	3	5	2	2	3	4	4	1	1	3	3	1	4	2	1	2	5	5	1	1	5	3	5	2	4	1	5	1	3	4	5	4	4	5	5	1	2	1	1	5	4	1	5	3	2	5	1
AT4G38380	4	4	5	4	2	5	1	5	5	5	4	1	4	2	2	3	1	3	4	3	5	2	1	1	4	4	3	2	2	2	5	2	5	2	5	4	3	3	5	4	4	1	1	4	4	4	1	5	3	1	3	1	4	3	5	2	2	3	4	4	2	1	3	3	4	4	2	1	2	5	5	1	1	5	3	5	5	4	1	5	1	3	4	5	4	4	5	5	2	2	1	1	5	4	1	5	3	2	5	1
AT4G25910	3	5	3	1	3	3	4	3	4	1	5	3	3	1	1	1	4	5	1	5	1	4	2	3	2	5	1	1	3	3	4	3	3	4	1	2	4	1	1	5	1	5	2	3	3	5	4	2	2	4	4	5	5	5	1	1	4	5	5	2	4	4	1	5	3	1	4	2	1	1	4	5	5	2	5	2	3	2	2	2	5	1	2	4	3	1	1	1	3	3	2	2	4	3	2	3	4	4	4	2
AT2G43010	1	4	5	4	2	5	1	5	5	5	4	1	4	2	2	3	1	3	4	3	5	2	1	1	4	4	3	2	2	2	5	2	5	2	5	4	3	3	5	4	4	1	1	4	4	4	1	5	3	1	3	1	4	3	5	2	2	3	4	4	1	1	3	3	4	4	2	1	2	5	5	1	1	5	3	5	2	4	1	5	1	3	4	5	4	4	5	5	2	2	1	1	5	4	1	5	3	2	5	1
AT4G25050	2	2	1	3	4	1	3	4	4	1	2	5	2	3	3	1	2	2	1	1	3	3	5	4	1	3	2	5	1	3	2	1	1	3	2	5	5	5	4	2	1	2	4	1	3	3	3	3	4	5	5	5	5	2	3	1	3	2	3	1	3	2	2	2	3	5	1	2	5	3	2	5	5	4	2	3	3	2	2	4	2	4	3	1	3	5	3	4	3	1	4	5	2	3	4	4	5	3	4	4
AT1G51350	4	4	5	4	2	5	1	5	5	5	4	1	4	2	2	3	1	3	4	3	5	5	4	1	4	4	3	2	2	2	5	2	5	2	5	4	3	3	5	4	4	1	1	4	4	4	1	4	3	1	3	1	4	3	2	4	2	3	4	4	2	1	3	3	4	4	2	1	2	5	5	1	1	5	3	5	5	4	1	5	1	3	4	5	4	3	5	5	2	2	1	1	5	4	1	5	3	2	5	1
AT1G12250	1	1	5	4	2	4	1	5	5	5	4	1	4	2	4	3	3	3	4	3	5	2	1	1	4	2	3	2	2	2	3	2	5	2	5	4	3	3	3	4	4	1	1	5	4	2	2	5	3	1	3	2	4	3	5	2	2	3	4	4	1	1	3	3	1	4	2	1	2	5	5	1	1	5	3	5	2	4	1	5	1	3	4	5	4	3	5	2	1	2	1	1	5	4	1	5	3	2	5	1
AT2G41680	3	5	4	3	4	3	3	3	4	1	5	3	3	4	1	1	4	5	1	5	4	4	5	3	1	5	1	1	3	3	4	5	1	4	1	2	4	4	1	5	1	5	2	3	3	3	4	2	1	4	2	5	5	1	1	1	4	5	3	2	4	2	1	5	3	1	4	2	5	3	2	5	5	4	5	2	3	2	2	1	2	1	3	4	1	1	2	1	3	4	3	2	4	3	2	3	4	4	3	2
AT3G15110	1	4	5	4	2	4	1	5	5	5	4	1	4	2	2	3	1	3	4	3	5	2	1	1	4	4	3	2	2	2	5	2	5	2	5	4	3	3	3	4	4	1	1	4	4	2	1	5	3	1	3	1	4	3	5	2	2	3	4	4	1	1	3	3	1	4	2	1	2	5	5	1	1	5	3	5	2	4	1	5	1	3	4	5	4	4	5	5	2	2	1	1	5	4	1	5	3	2	5	1
AT2G40400	1	1	5	4	2	4	1	5	5	5	4	1	4	2	4	3	1	3	4	3	5	2	1	1	4	2	3	2	2	2	5	2	5	2	5	4	3	3	3	4	4	1	1	5	4	2	2	5	3	1	3	2	4	3	5	2	2	3	4	4	1	1	3	3	1	4	2	1	2	5	5	1	1	5	3	5	2	4	1	5	1	3	4	5	4	4	5	5	1	2	1	1	5	4	1	5	3	2	5	1
AT5G07020	4	4	1	4	4	2	3	4	5	4	3	4	5	3	2	4	1	3	2	1	2	5	4	1	5	3	3	5	4	1	5	2	1	3	3	4	1	2	5	2	3	4	1	4	2	4	1	4	3	1	5	1	2	5	2	4	1	1	2	4	3	1	3	1	2	4	5	3	4	3	5	2	4	1	4	3	3	3	1	3	3	3	5	1	2	5	5	4	4	2	5	1	2	1	5	4	2	2	1	4
AT5G16660	4	4	5	4	2	4	1	5	5	5	4	1	4	2	2	3	1	3	4	3	5	2	1	1	4	4	3	2	2	2	5	2	5	2	5	4	3	3	5	4	4	1	1	4	4	4	1	5	3	1	3	1	4	3	5	2	2	3	4	4	2	1	3	3	4	4	2	1	2	5	5	1	1	5	3	5	2	4	1	5	1	3	4	5	4	4	5	5	2	2	1	1	5	4	1	5	3	2	5	1
AT3G14420	3	5	3	1	3	3	4	3	4	1	5	3	3	4	1	1	4	5	1	5	4	4	2	5	2	5	1	4	3	3	4	3	3	4	1	2	4	1	1	5	1	5	2	3	3	5	4	2	1	2	2	5	5	5	1	1	4	5	5	2	4	2	1	5	3	1	4	2	3	1	2	5	3	4	5	2	1	2	2	2	5	1	2	4	1	2	2	1	3	4	3	3	4	3	2	3	4	4	3	2
AT1G79230	1	4	5	4	2	5	1	5	5	5	4	1	4	2	2	3	1	3	4	3	5	2	1	1	4	4	3	2	2	2	5	2	5	2	5	4	3	3	5	4	4	1	1	4	4	4	1	5	3	1	3	1	4	3	5	2	2	3	4	3	1	1	3	3	4	4	2	1	2	5	5	1	1	5	3	5	2	4	1	5	1	3	4	5	4	4	5	5	2	2	1	1	5	4	1	5	3	2	5	1
AT2G42220	4	4	5	4	2	5	1	5	5	5	4	1	4	2	2	3	1	3	4	3	5	5	1	1	4	4	3	2	2	2	5	2	5	2	5	4	3	3	5	4	4	1	1	4	4	4	1	5	3	1	3	1	4	3	5	4	2	3	4	4	2	1	3	3	4	4	2	1	2	5	5	1	1	5	3	5	5	4	1	5	1	3	4	5	4	4	5	5	2	2	1	1	5	4	1	5	3	2	5	1
AT1G67280	1	4	5	4	2	4	1	5	5	5	4	1	4	2	2	3	1	3	4	3	5	2	1	1	4	4	3	2	2	2	5	2	5	2	5	4	3	3	3	4	4	1	1	4	4	2	1	5	3	1	3	2	4	3	5	2	2	3	4	4	1	1	3	3	1	4	2	1	2	5	5	1	1	5	3	5	2	4	1	5	1	3	4	5	4	4	5	5	2	2	1	1	5	4	1	5	3	2	5	1
AT3G47450	3	5	3	1	3	3	4	1	4	3	5	3	3	1	1	1	4	5	1	5	1	3	2	3	2	5	5	3	3	3	4	3	3	2	1	2	3	3	2	5	1	5	2	1	1	5	4	1	2	2	4	5	5	5	1	5	4	5	5	2	4	1	1	5	3	1	4	2	1	1	4	5	2	2	5	2	3	5	4	2	5	1	2	4	3	1	1	1	3	5	2	2	4	3	2	3	4	4	4	2
AT5G08540	1	1	5	4	2	4	1	5	5	5	4	1	4	2	4	2	3	3	4	3	5	2	1	1	4	2	3	2	2	2	3	2	5	2	5	4	3	3	3	4	5	1	1	5	4	2	2	4	3	1	3	2	4	3	5	4	2	3	4	4	1	1	3	3	1	4	2	5	2	5	5	1	1	5	3	5	2	4	1	5	1	2	4	5	4	3	5	2	1	2	1	1	5	4	1	1	3	2	5	1
AT3G01480	3	2	1	2	5	3	3	1	4	1	2	3	5	5	3	1	4	2	1	4	3	3	5	3	2	5	1	1	5	3	2	1	3	3	2	3	4	4	4	5	1	2	3	1	1	3	5	3	2	4	4	5	3	4	3	1	4	2	5	2	4	5	1	2	3	2	1	2	5	4	2	5	5	4	2	2	3	2	3	4	2	1	3	1	5	1	4	1	3	1	4	3	2	3	4	1	5	5	4	2
AT4G31560	1	1	5	4	2	4	1	5	5	5	4	1	4	2	4	3	1	3	4	3	5	2	1	1	4	4	3	2	2	2	5	2	5	2	5	4	3	3	3	4	4	1	1	4	4	2	1	5	3	1	3	2	4	3	5	2	2	3	4	4	1	1	3	3	1	4	2	1	2	5	5	1	1	5	3	5	2	4	1	5	1	3	4	5	4	4	5	5	1	2	1	1	5	4	1	5	3	2	5	1
AT1G54580	1	1	5	4	2	4	1	5	5	5	4	1	4	2	4	3	1	3	4	3	5	2	1	1	4	4	3	2	2	2	5	2	5	2	5	4	3	3	3	4	4	1	1	4	4	2	1	5	3	1	3	2	4	3	5	2	2	3	4	4	1	1	3	3	1	4	2	1	2	5	5	1	1	5	3	5	2	4	1	5	1	3	4	5	4	4	5	5	1	2	1	1	5	4	1	5	3	2	5	1
AT1G73530	2	2	1	3	4	1	3	2	4	1	2	5	5	3	3	1	2	2	1	1	3	3	5	4	5	3	2	5	1	3	2	1	3	3	2	5	5	5	4	2	1	2	4	1	3	3	3	3	4	5	5	5	5	4	3	1	3	2	3	1	3	2	2	2	3	5	1	2	5	4	2	5	5	4	2	3	3	2	3	4	2	4	3	1	3	5	3	4	3	1	4	5	2	3	4	4	5	3	4	4
AT5G42270	1	1	4	2	2	4	1	5	1	5	4	1	4	4	4	2	3	3	3	3	4	4	3	5	4	2	3	4	2	2	3	2	4	4	5	4	1	4	3	1	5	3	1	5	2	2	2	5	1	2	2	2	1	1	5	2	2	3	4	4	1	1	3	1	1	4	2	5	3	5	5	3	3	5	3	5	1	1	1	5	5	2	4	5	1	2	5	2	1	2	3	1	3	3	1	1	4	2	5	3
AT1G54500	5	3	2	5	1	5	5	2	2	2	1	2	1	5	5	5	5	1	5	2	1	1	5	2	3	1	4	3	1	4	1	4	2	1	4	1	2	1	2	3	2	2	5	2	5	1	5	1	5	3	1	4	3	4	4	3	5	4	1	5	5	3	4	4	5	3	3	4	4	2	1	4	2	3	1	1	4	5	5	1	4	5	1	2	5	1	4	3	5	5	5	4	1	2	3	2	1	2	2	5
AT5G35170	4	4	5	4	2	5	1	5	5	5	4	1	4	2	2	3	1	3	4	3	5	5	1	1	4	4	3	2	2	2	5	2	5	2	5	4	3	3	5	4	4	1	1	4	4	4	1	5	3	1	3	1	4	3	5	4	2	3	4	3	2	1	3	3	4	4	2	1	2	5	5	1	1	5	3	5	5	4	1	5	1	3	4	5	4	4	5	5	2	2	1	1	5	4	1	5	3	2	5	1
AT1G80030	1	1	5	4	2	4	1	5	1	5	4	1	4	2	4	3	3	3	4	3	5	2	1	1	4	2	3	2	2	2	3	2	5	2	5	4	3	3	3	4	4	1	1	5	4	2	2	5	3	1	3	2	4	3	5	2	2	3	4	4	1	1	3	3	1	4	2	1	2	5	5	1	1	5	3	5	2	4	1	5	1	3	4	5	4	3	5	2	1	2	1	1	5	4	1	5	3	2	5	1
AT1G10170	1	4	5	4	2	4	1	5	5	5	4	1	4	2	2	3	1	3	4	3	5	2	1	1	4	4	3	2	2	2	5	2	5	2	5	4	3	3	3	4	4	1	1	4	4	2	1	5	3	1	3	2	4	3	5	2	2	3	4	4	1	1	3	3	1	4	2	1	2	5	5	1	1	5	3	5	2	4	1	5	1	3	4	5	4	4	5	5	2	2	1	1	5	4	1	5	3	2	5	1
AT5G12470	1	4	5	4	2	4	1	5	5	5	4	1	4	2	2	3	1	3	4	3	5	2	1	1	4	4	3	2	2	2	5	2	5	2	5	4	3	3	3	4	4	1	1	4	4	4	1	5	3	1	3	1	4	3	5	2	2	3	4	4	2	1	3	3	4	4	2	1	2	5	5	1	1	5	3	5	2	4	1	5	1	3	4	5	4	3	5	5	2	2	1	1	5	4	1	5	3	2	5	1
AT2G20260	1	1	5	4	2	4	1	5	1	5	4	1	4	2	4	3	3	3	4	3	5	2	1	1	4	2	3	2	2	2	3	2	4	2	5	4	3	3	3	1	4	1	1	5	4	2	2	5	3	1	3	2	4	3	5	2	2	3	4	4	1	1	3	3	1	4	2	1	2	5	5	3	1	5	3	5	2	4	1	5	1	2	4	5	4	3	5	2	1	2	1	1	5	4	1	5	3	2	5	1
AT1G03600	2	2	1	3	4	1	3	2	4	1	2	5	5	3	3	1	2	2	1	1	3	3	5	4	5	3	2	5	1	3	2	1	3	3	2	5	5	5	4	2	1	2	4	1	3	3	3	3	4	5	5	5	5	4	3	1	3	2	3	1	3	2	2	2	3	5	1	2	5	4	2	5	5	4	2	3	3	2	3	4	2	4	3	1	3	5	3	4	3	1	4	5	2	3	4	4	5	3	4	4
AT5G39830	1	1	5	4	2	4	1	5	5	5	4	1	4	2	4	3	1	3	4	3	5	2	1	1	4	4	3	2	2	2	5	2	5	2	5	4	3	3	3	4	4	1	1	4	4	2	1	5	3	1	3	2	4	3	5	2	2	3	4	4	1	1	3	3	1	4	2	1	2	5	5	1	1	5	3	5	2	4	1	5	1	3	4	5	4	4	5	5	1	2	1	1	5	4	1	5	3	2	5	1
AT1G20810	5	3	2	5	1	5	2	5	2	2	1	2	1	5	5	5	5	1	5	2	5	1	5	2	3	1	4	3	1	5	1	4	2	5	4	1	2	1	5	3	2	2	5	2	5	1	1	1	5	3	1	3	3	4	4	3	5	4	1	3	5	3	4	4	5	3	3	4	4	2	1	4	2	3	1	4	4	5	5	1	4	5	1	2	4	1	4	3	5	5	5	4	1	2	3	2	1	2	2	5
AT1G14150	1	1	5	4	2	4	1	5	5	5	4	1	4	2	4	3	3	3	4	3	5	2	1	1	4	2	3	2	2	2	5	2	4	2	5	4	3	3	3	4	4	1	1	5	4	2	2	5	3	1	3	2	4	3	5	2	2	3	4	4	1	1	3	3	1	4	2	1	2	5	5	1	1	5	3	5	2	4	1	5	1	3	4	5	4	4	5	2	1	2	1	1	5	4	1	5	3	2	5	1
AT2G41330	5	1	2	4	1	5	2	5	2	2	4	1	4	5	4	5	5	3	5	2	5	1	1	2	3	1	3	3	2	5	1	2	4	2	4	4	2	3	3	3	2	1	1	2	5	1	2	5	5	1	1	3	3	4	5	3	2	3	4	3	5	1	3	4	5	4	2	4	4	2	5	1	1	5	1	1	2	4	1	5	4	5	4	2	4	4	4	3	5	2	1	1	1	2	1	2	1	2	5	5
AT3G19490	2	1	4	2	2	4	1	5	1	5	4	1	4	4	4	1	3	3	3	3	4	4	3	5	1	3	3	4	3	2	3	2	4	4	5	4	1	4	3	1	1	3	2	5	2	2	2	5	1	1	2	2	1	1	5	2	2	3	4	4	4	1	3	1	1	4	2	5	3	5	5	3	3	5	3	5	1	1	1	5	5	2	4	5	1	2	2	2	1	2	3	1	3	1	1	3	4	2	5	3
AT3G17830	3	5	3	1	3	3	4	3	3	3	5	3	3	1	1	1	4	5	1	5	1	4	2	3	2	5	2	1	3	3	4	3	3	4	1	2	4	1	2	5	1	5	2	3	3	5	4	2	2	4	4	5	5	5	1	5	4	5	5	2	4	4	1	5	3	1	4	2	1	1	4	5	5	2	5	2	3	5	2	2	5	1	2	4	3	1	2	1	3	3	2	2	4	3	2	3	4	4	4	2
AT1G17850	1	4	5	4	2	4	1	5	5	5	4	1	4	2	2	3	1	3	4	3	5	2	1	1	4	4	3	2	2	2	5	2	5	2	5	4	3	3	3	4	4	1	1	4	4	4	1	5	3	1	3	1	4	3	5	2	2	3	4	4	1	1	3	3	1	4	2	1	2	5	5	1	1	5	3	5	2	4	1	5	1	3	4	5	4	3	5	5	2	2	1	1	5	4	1	5	3	2	5	1
AT2G01140	5	3	2	5	1	5	2	2	2	2	1	2	1	5	5	5	5	1	5	2	1	1	5	2	3	1	4	3	1	5	1	4	2	5	4	1	2	1	2	3	2	2	5	2	5	1	5	1	5	3	1	3	3	4	4	3	5	4	1	5	5	3	4	4	5	3	3	4	4	2	1	4	2	3	1	4	4	5	5	1	4	5	1	2	5	1	4	3	5	5	5	4	1	2	3	2	1	2	2	5
AT1G67700	1	1	5	2	2	4	1	5	1	5	4	1	4	2	4	3	3	3	4	3	5	2	1	1	4	2	3	2	2	2	3	2	4	2	5	4	3	3	3	1	5	1	1	5	4	2	2	5	3	1	3	2	4	3	5	2	2	3	4	4	1	1	3	3	1	4	2	1	2	5	5	3	1	5	3	5	2	4	1	5	1	2	4	5	4	4	5	2	1	2	1	1	5	4	1	5	3	2	5	1
AT5G01500	1	1	5	4	2	4	1	5	1	5	4	1	4	2	4	3	3	3	4	3	5	2	1	1	4	2	3	2	2	2	3	2	5	2	5	4	3	3	3	4	4	1	1	5	4	2	2	5	3	1	3	2	4	3	5	2	2	3	4	4	1	1	3	3	1	4	2	1	2	5	5	1	1	5	3	5	2	4	1	5	1	2	4	5	4	3	5	2	1	2	1	1	5	4	1	5	3	2	5	1
AT3G57680	1	4	5	4	2	4	1	5	5	5	4	1	4	2	2	3	1	3	4	3	5	2	1	1	4	4	3	2	2	2	5	2	5	2	5	4	3	3	3	4	4	1	1	4	4	4	1	5	3	1	3	1	4	3	5	2	2	3	4	4	1	1	3	3	4	4	2	1	2	5	5	1	1	5	3	5	2	4	1	5	1	3	4	5	4	4	5	5	2	2	1	1	5	4	1	5	3	2	5	1
AT4G16155	4	4	5	4	2	4	1	5	5	5	4	4	4	2	2	3	1	3	4	3	5	5	4	1	4	4	3	2	2	2	5	2	5	2	5	4	3	3	5	4	4	1	1	4	4	4	1	4	3	1	3	1	4	3	5	4	2	3	4	4	2	1	3	3	4	4	2	1	2	5	5	1	1	5	3	5	5	4	1	5	1	3	4	5	4	3	5	5	2	2	1	1	5	4	1	5	3	2	5	1
AT1G56500	1	1	4	4	2	4	1	5	1	5	4	1	4	2	4	2	3	3	3	3	5	2	3	5	4	2	3	4	2	2	3	2	5	4	5	4	1	2	3	4	5	1	1	5	2	2	2	4	3	2	2	2	1	1	5	4	2	3	4	4	1	1	3	1	1	4	2	5	3	5	5	1	3	5	3	5	2	1	1	5	1	2	4	5	4	2	5	2	1	2	1	1	3	4	1	1	3	2	5	3
AT1G22450	4	4	5	4	2	4	1	5	5	5	4	4	4	2	2	3	1	3	4	3	2	5	4	1	4	4	3	2	2	2	5	2	5	2	5	4	3	3	5	4	4	1	1	4	4	4	1	4	3	1	3	1	4	3	2	4	2	3	4	4	2	1	3	3	4	4	2	1	2	5	5	2	4	5	3	5	5	4	1	5	1	3	4	5	4	3	5	5	2	2	1	1	5	4	1	5	3	2	5	1
AT5G53170	4	4	5	4	2	4	1	5	5	5	4	1	4	2	2	3	1	3	4	3	5	5	1	1	4	4	3	2	2	2	5	2	5	2	5	4	3	3	3	4	4	1	1	4	4	4	1	4	3	1	3	1	4	3	5	4	2	3	4	4	2	1	3	3	4	4	2	1	2	5	5	1	1	5	3	5	2	4	1	5	1	3	4	5	4	3	5	5	2	2	1	1	5	4	1	5	3	2	5	1
AT5G15250	1	1	5	4	2	4	1	5	5	5	4	1	4	2	4	3	1	3	4	3	5	2	1	1	4	4	3	2	2	2	5	2	5	2	5	4	3	3	3	4	4	1	1	4	4	2	1	5	3	1	3	2	4	3	5	2	2	3	4	4	1	1	3	3	1	4	2	1	2	5	5	1	1	5	3	5	2	4	1	5	1	3	4	5	4	4	5	5	1	2	1	1	5	4	1	5	3	2	5	1
AT3G58010	4	4	5	4	2	4	1	5	5	5	4	1	4	2	2	3	1	3	4	3	5	2	1	1	4	4	3	2	2	2	5	2	5	2	5	4	3	3	5	4	4	1	1	4	4	4	1	5	3	1	3	1	4	3	5	4	2	3	4	4	2	1	3	3	4	4	2	1	2	5	5	1	1	5	3	5	2	4	1	5	1	3	4	5	4	4	5	5	2	2	1	1	5	4	1	5	3	2	5	1
AT2G29500	1	1	5	2	2	4	1	5	1	5	4	1	4	2	4	3	3	3	4	3	5	2	1	1	4	2	3	2	2	2	3	2	4	2	5	4	3	3	3	1	5	1	1	5	4	2	2	5	3	1	3	2	4	3	5	2	2	3	4	4	1	1	3	3	1	4	2	1	2	5	5	3	1	5	3	5	2	4	1	5	1	2	4	5	4	4	5	2	1	2	1	1	5	4	1	5	3	2	5	1
AT3G60370	1	4	5	4	2	4	1	5	5	5	4	1	4	2	2	3	1	3	4	3	5	2	1	1	4	4	3	2	2	2	5	2	5	2	5	4	3	3	3	4	4	1	1	4	4	4	1	5	3	1	3	1	4	3	5	4	2	3	4	4	2	1	3	3	1	4	2	1	2	5	5	1	1	5	3	5	2	4	1	5	1	3	4	5	4	3	5	5	2	2	1	1	5	4	1	5	3	2	5	1
AT1G50460	4	4	5	4	2	5	1	5	5	5	4	1	4	2	2	3	1	3	4	3	5	5	4	1	4	4	3	2	2	2	5	2	5	2	5	4	3	3	5	4	4	1	1	4	4	4	1	4	3	1	3	1	4	3	5	4	2	3	4	3	2	1	3	3	4	4	2	1	2	5	5	1	1	5	3	5	5	4	1	5	1	3	4	5	4	4	5	5	2	2	1	1	5	4	1	5	3	2	5	1
AT2G26800	1	1	5	4	2	4	1	5	5	5	4	1	4	2	4	3	3	3	4	3	5	2	1	1	4	2	3	2	2	2	5	2	5	2	5	4	3	3	3	4	4	1	1	5	4	2	2	5	3	1	3	2	4	3	5	2	2	3	4	4	1	1	3	3	1	4	2	1	2	5	5	1	1	5	3	5	2	4	1	5	1	3	4	5	4	4	5	5	1	2	1	1	5	4	1	5	3	2	5	1
AT1G21750	5	3	2	5	1	1	2	2	2	2	1	2	1	5	5	5	5	1	5	2	1	1	5	2	3	1	4	3	1	5	1	4	2	1	4	1	2	1	2	3	2	2	5	2	5	1	5	1	5	3	1	3	3	4	4	3	5	4	1	5	5	3	4	4	5	3	3	4	4	2	1	4	2	3	1	1	4	5	5	1	4	5	1	2	5	1	4	3	5	5	5	4	1	2	3	2	1	3	2	5
AT2G44990	1	1	5	4	2	4	1	5	1	5	4	1	4	2	4	3	3	3	4	3	5	2	1	1	4	2	3	2	2	2	3	2	4	2	5	4	3	3	3	1	5	1	1	5	4	2	2	5	3	1	3	2	4	3	5	2	2	3	4	4	1	1	3	3	1	4	2	1	2	5	5	1	1	5	3	5	2	4	1	5	1	2	4	5	4	4	5	2	1	2	1	1	5	4	1	5	3	2	5	1
AT1G30510	5	4	2	4	1	5	2	5	2	2	4	1	4	5	2	5	1	3	5	2	5	1	1	1	4	4	3	2	2	5	5	2	5	5	5	4	2	3	5	3	4	1	1	4	5	4	1	5	3	1	1	3	4	3	5	3	2	3	4	3	5	1	3	4	4	4	2	1	2	5	5	1	1	5	3	4	2	4	1	5	4	3	4	5	4	4	5	5	2	2	1	1	1	2	1	2	1	2	5	5
AT3G10130	1	4	5	4	2	5	1	5	5	5	4	1	4	2	2	3	1	3	4	3	5	2	1	1	4	4	3	2	2	2	5	2	5	2	5	4	3	3	3	4	4	1	1	4	4	2	1	5	3	1	3	2	4	3	5	2	2	3	4	4	1	1	3	3	1	4	2	1	2	5	5	1	1	5	3	5	2	4	1	5	1	3	4	5	4	4	5	5	2	2	1	1	5	4	1	5	3	2	5	1
AT3G22690	1	4	5	4	2	4	1	5	5	5	4	1	4	2	2	3	1	3	4	3	5	2	1	1	4	4	3	2	2	2	5	2	5	2	5	4	3	3	3	4	4	1	1	4	4	4	1	5	3	1	3	1	4	3	5	2	2	3	4	4	1	1	3	3	4	4	2	1	2	5	5	1	1	5	3	5	2	4	1	5	1	3	4	5	4	4	5	5	2	2	1	1	5	4	1	5	3	2	5	1
AT1G54050	1	1	5	4	2	5	1	5	5	5	4	1	4	2	2	3	1	3	4	3	5	2	1	1	4	4	3	2	2	2	5	2	5	2	5	4	3	3	3	4	4	1	1	4	4	2	1	5	3	1	3	2	4	3	5	2	2	3	4	4	1	1	3	3	1	4	2	1	2	5	5	1	1	5	3	5	2	4	1	5	1	3	4	5	4	4	5	5	1	2	1	1	5	4	1	5	3	2	5	1
AT1G55370	1	4	5	4	2	4	1	5	5	5	4	1	4	2	2	3	1	3	4	3	5	2	1	1	4	4	3	2	2	2	5	2	5	2	5	4	3	3	3	4	4	1	1	4	4	4	1	5	3	1	3	1	4	3	5	2	2	3	4	4	1	1	3	3	4	4	2	1	2	5	5	1	1	5	3	5	2	4	1	5	1	3	4	5	4	3	5	5	2	2	1	1	5	4	1	5	3	2	5	1
AT4G35770	1	4	5	4	2	4	1	5	5	5	4	1	4	2	2	3	1	3	4	3	5	2	1	1	4	4	3	2	2	2	5	2	5	2	5	4	3	3	3	4	4	1	1	4	4	4	1	5	3	1	3	1	4	3	5	2	2	3	4	4	1	1	3	3	1	4	2	1	2	5	5	1	1	5	3	5	2	4	1	5	1	3	4	5	4	4	5	5	2	2	1	1	5	4	1	5	3	2	5	1
AT3G56040	2	2	1	3	4	2	3	4	4	4	3	5	5	3	1	1	2	2	2	1	3	3	2	4	5	3	2	5	3	1	2	3	1	3	3	2	1	5	1	2	3	4	4	3	2	3	3	3	4	5	5	5	2	5	3	1	3	1	3	1	3	2	2	1	2	5	5	3	4	3	2	5	5	1	4	3	3	3	2	3	2	4	5	1	2	5	3	4	4	1	5	5	2	5	5	4	5	3	1	4
AT1G27510	1	4	5	4	2	5	1	5	5	5	4	1	4	2	2	3	1	3	4	3	5	2	1	1	4	4	3	2	2	2	5	2	5	2	5	4	3	3	3	4	4	1	1	4	4	4	1	5	3	1	3	1	4	3	5	2	2	3	4	4	1	1	3	3	4	4	2	1	2	5	5	1	1	5	3	5	2	4	1	5	1	3	4	5	4	4	5	5	2	2	1	1	5	4	1	5	3	2	5	1
AT5G59250	4	4	5	4	2	5	1	5	5	5	4	4	4	2	2	3	1	3	4	3	5	5	4	1	4	4	3	2	2	2	5	2	5	2	5	4	3	3	5	4	4	1	1	4	4	4	1	4	3	1	3	1	4	3	2	4	2	3	4	4	2	1	3	3	4	4	2	1	2	5	5	2	4	5	3	5	5	4	1	5	1	3	4	5	4	3	5	5	2	2	1	1	5	4	1	5	3	2	5	1
AT1G75690	4	4	5	4	2	5	1	5	5	5	4	4	4	2	2	3	1	3	4	3	5	5	4	1	4	4	3	2	2	2	5	2	5	2	5	4	3	3	5	4	4	1	1	4	4	4	1	4	3	1	3	1	4	3	2	4	2	3	4	4	2	1	3	3	4	4	2	1	2	5	5	2	4	5	3	5	5	4	1	5	1	3	4	5	4	3	5	5	2	2	1	1	5	4	1	5	3	2	5	1
AT4G01900	1	1	5	4	2	5	1	5	5	5	4	1	4	2	2	3	1	3	4	3	5	2	1	1	4	4	3	2	2	2	5	2	5	2	5	4	3	3	3	4	4	1	1	4	4	2	1	5	3	1	3	2	4	3	5	2	2	3	4	3	1	1	3	3	1	4	2	1	2	5	5	1	1	5	3	5	2	4	1	5	1	3	4	5	4	4	5	5	2	2	1	1	5	4	1	5	3	2	5	1
AT2G18790	1	1	4	2	2	4	1	5	1	5	4	1	4	4	4	2	3	3	3	3	5	2	3	5	4	2	3	4	2	2	3	2	4	4	5	4	3	3	3	1	5	3	1	5	2	2	2	5	3	1	2	2	1	1	5	2	2	3	4	4	1	1	3	1	1	4	2	5	2	5	5	3	1	5	3	5	1	1	1	5	5	2	4	5	4	2	5	2	1	2	1	1	3	4	1	1	3	2	5	3
AT1G78915	5	3	2	5	1	5	2	5	2	2	1	2	1	5	5	5	5	1	5	2	5	1	5	2	3	1	4	3	1	5	1	4	2	5	4	1	2	1	2	3	2	2	5	2	5	1	5	1	5	3	1	3	3	4	4	3	5	4	1	5	5	3	4	4	5	3	3	4	4	2	1	4	2	3	1	4	4	5	5	1	4	5	1	2	5	1	4	3	5	5	5	4	1	2	3	2	1	2	2	5
AT3G24590	1	4	5	4	2	5	1	5	5	5	4	1	4	2	2	3	1	3	4	3	5	2	1	1	4	4	3	2	2	2	5	2	5	2	5	4	3	3	5	4	4	1	1	4	4	4	1	5	3	1	3	1	4	3	5	2	2	3	4	4	2	1	3	3	4	4	2	1	2	5	5	1	1	5	3	5	2	4	1	5	1	3	4	5	4	4	5	5	2	2	1	1	5	4	1	5	3	2	5	1
AT2G01918	1	1	5	4	2	5	1	5	5	5	4	1	4	2	2	3	1	3	4	3	5	2	1	1	4	4	3	2	2	2	5	2	5	2	5	4	3	3	3	4	4	1	1	4	4	2	1	5	3	1	3	2	4	3	5	2	2	3	4	4	1	1	3	3	1	4	2	1	2	5	5	1	1	5	3	5	2	4	1	5	1	3	4	5	4	4	5	5	1	2	1	1	5	4	1	5	3	2	5	1
AT1G52220	4	4	5	4	2	4	1	5	5	5	4	1	4	2	2	3	1	3	4	3	5	5	4	1	4	4	3	2	2	2	5	2	5	2	5	4	3	3	5	4	4	1	1	4	4	4	1	4	3	1	3	1	4	3	5	4	2	3	4	4	2	1	3	3	4	4	2	1	2	5	5	1	1	5	3	5	2	4	1	5	1	3	4	5	4	3	5	5	2	2	1	1	5	4	1	5	3	2	5	1
AT3G15360	1	4	5	4	2	5	1	5	5	5	4	1	4	2	2	3	1	3	4	3	5	2	1	1	4	4	3	2	2	2	5	2	5	2	5	4	3	3	5	4	4	1	1	4	4	4	1	5	3	1	3	1	4	3	5	2	2	3	4	4	1	1	3	3	4	4	2	1	2	5	5	1	1	5	3	5	2	4	1	5	1	3	4	5	4	4	5	5	2	2	1	1	5	4	1	5	3	2	5	1
AT1G65260	5	3	2	5	1	1	2	2	2	2	1	2	1	5	5	5	5	1	5	2	1	1	5	2	3	1	4	3	1	4	1	4	2	1	4	1	2	1	2	3	2	2	5	2	5	1	5	1	5	3	1	3	3	4	4	3	5	4	1	5	5	3	4	4	5	3	3	4	4	2	1	4	2	3	1	1	4	5	5	1	4	5	1	2	5	1	4	3	5	5	5	4	1	2	3	2	1	3	2	5
AT4G04020	1	1	5	4	2	4	1	5	5	5	4	1	4	2	4	3	1	3	4	3	5	2	1	1	4	2	3	2	2	2	5	2	5	2	5	4	3	3	3	4	4	1	1	5	4	2	2	5	3	1	3	2	4	3	5	2	2	3	4	4	1	1	3	3	1	4	2	1	2	5	5	1	1	5	3	5	2	4	1	5	1	3	4	5	4	4	5	5	1	2	1	1	5	4	1	5	3	2	5	1
AT1G32500	2	4	1	4	4	4	1	5	1	5	4	4	4	4	2	1	3	3	3	3	2	3	3	1	1	3	3	4	2	2	3	2	5	3	5	5	5	3	3	2	1	3	4	5	2	4	1	4	3	1	2	1	1	2	5	4	2	3	2	4	3	1	3	1	1	4	2	3	3	5	5	3	1	5	3	5	1	1	1	5	5	3	4	5	4	2	5	2	2	2	4	1	3	1	1	4	3	2	5	4
AT3G47060	1	1	5	4	2	4	1	5	5	5	4	1	4	2	4	3	1	3	4	3	5	2	1	1	4	4	3	2	2	2	5	2	5	2	5	4	3	3	3	4	4	1	1	5	4	2	2	5	3	1	3	2	4	3	5	2	2	3	4	4	1	1	3	3	1	4	2	1	2	5	5	1	1	5	3	5	2	4	1	5	1	3	4	5	4	4	5	5	1	2	1	1	5	4	1	5	3	2	5	1
AT2G26550	2	2	1	3	4	2	3	4	4	4	3	4	5	3	2	1	2	2	1	1	2	3	3	4	1	3	2	5	4	1	2	2	1	3	3	5	5	5	1	2	1	4	4	3	2	3	3	4	4	5	5	1	2	2	3	1	1	1	2	1	3	1	2	1	2	5	5	3	5	3	2	2	5	1	4	3	3	3	2	3	3	4	5	1	2	5	3	4	4	1	4	5	3	1	5	4	5	2	1	4
AT4G20820	1	4	5	4	2	5	1	5	5	5	4	1	4	2	2	3	1	3	4	3	5	2	1	1	4	4	3	2	2	2	5	2	5	2	5	4	3	3	5	4	4	1	1	4	4	4	1	5	3	1	3	1	4	3	5	2	2	3	4	3	1	1	3	3	4	4	2	1	2	5	5	1	1	5	3	5	2	4	1	5	1	3	4	5	4	4	5	5	2	2	1	1	5	4	1	5	3	2	5	1
AT1G74070	5	3	2	5	1	5	2	2	2	2	1	2	1	5	5	5	5	1	5	2	1	1	5	2	3	1	4	3	1	5	1	4	2	5	4	1	2	1	2	3	2	2	5	2	5	1	5	1	5	3	1	3	3	4	4	3	5	4	1	5	5	3	4	4	5	3	3	4	4	2	1	4	2	3	1	4	4	5	5	1	4	5	1	2	5	1	4	3	5	5	5	4	1	2	3	2	1	2	2	5
AT3G53560	5	3	2	5	1	5	2	5	2	2	1	2	1	5	5	5	1	1	5	2	5	1	1	2	3	1	4	3	2	5	1	4	2	5	4	1	2	3	5	3	2	1	5	2	5	1	1	1	5	3	1	3	3	3	4	3	5	4	1	3	5	3	4	4	5	3	3	4	4	2	1	4	2	3	1	4	4	5	1	1	4	5	1	2	4	1	4	3	5	2	5	4	1	2	1	2	1	2	2	5
AT5G53490	4	4	5	4	2	5	1	5	5	2	4	1	4	2	2	3	1	3	4	3	5	2	1	1	4	4	3	2	2	5	5	2	5	5	5	4	2	3	5	4	4	1	1	4	5	4	1	5	3	1	3	1	4	3	5	4	2	3	4	3	2	1	3	3	4	4	2	1	2	5	5	1	1	5	3	4	5	4	1	5	1	3	4	5	4	4	5	5	2	2	1	1	5	4	1	5	3	2	5	1
AT2G42975	4	4	5	4	2	5	1	5	5	5	4	1	4	2	2	3	1	3	4	3	5	2	1	1	4	4	3	2	2	2	5	2	5	2	5	4	3	3	5	4	4	1	1	4	4	4	1	5	3	1	3	1	4	3	5	2	2	3	4	4	2	1	3	3	4	4	2	1	2	5	5	1	1	5	3	5	2	4	1	5	1	3	4	5	4	4	5	5	2	2	1	1	5	4	1	5	3	2	5	1
AT2G20270	1	4	5	4	2	4	1	5	5	5	4	1	4	2	2	3	1	3	4	3	5	2	1	1	4	4	3	2	2	2	5	2	5	2	5	4	3	3	3	4	4	1	1	4	4	4	1	5	3	1	3	1	4	3	5	2	2	3	4	4	2	1	3	3	4	4	2	1	2	5	5	1	1	5	3	5	2	4	1	5	1	3	4	5	4	4	5	5	2	2	1	1	5	4	1	5	3	2	5	1
AT2G29180	1	1	4	2	2	4	1	5	1	5	4	1	4	4	4	2	3	3	3	3	5	2	3	5	4	2	3	4	2	2	3	2	4	4	5	4	3	3	3	1	5	3	1	5	2	2	2	5	3	1	2	2	1	1	5	2	2	3	4	4	1	1	3	3	1	4	2	5	2	5	5	3	1	5	3	5	1	1	1	5	5	2	4	5	4	2	5	2	1	2	1	1	3	4	1	1	3	2	5	3
AT3G01440	1	1	5	4	2	4	1	5	5	5	4	1	4	2	4	3	3	3	4	3	5	2	1	1	4	2	3	2	2	2	5	2	4	2	5	4	3	3	3	4	4	1	1	5	4	2	2	5	3	1	3	2	4	3	5	2	2	3	4	4	1	1	3	3	1	4	2	1	2	5	5	1	1	5	3	5	2	4	1	5	1	3	4	5	4	4	5	5	1	2	1	1	5	4	1	5	3	2	5	1
AT1G76760	1	1	5	4	2	4	1	5	5	5	4	1	4	2	4	3	3	3	4	3	5	2	1	1	4	2	3	2	2	2	5	2	5	2	5	4	3	3	3	4	4	1	1	5	4	2	2	5	3	1	3	2	4	3	5	2	2	3	4	4	1	1	3	3	1	4	2	1	2	5	5	1	1	5	3	5	2	4	1	5	1	3	4	5	4	4	5	2	1	2	1	1	5	4	1	5	3	2	5	1
AT2G26360	3	5	3	1	3	3	4	3	4	1	5	3	3	1	1	1	4	5	1	5	1	4	2	3	2	5	1	1	3	3	4	3	3	4	1	2	4	1	1	5	1	5	2	3	3	5	4	2	1	4	4	5	5	5	1	5	4	5	5	2	4	4	1	5	3	1	4	2	1	1	4	5	3	2	5	2	1	2	2	2	2	1	2	4	3	1	1	1	3	4	2	2	4	3	2	3	4	1	4	2
AT4G13670	1	4	5	4	2	4	1	5	5	5	4	1	4	2	2	3	1	3	4	3	5	2	1	1	4	4	3	2	2	2	5	2	5	2	5	4	3	3	3	4	4	1	1	4	4	4	1	5	3	1	3	1	4	3	5	2	2	3	4	4	2	1	3	3	4	4	2	1	2	5	5	1	1	5	3	5	2	4	1	5	1	3	4	5	4	3	5	5	2	2	1	1	5	4	1	5	3	2	5	1
AT2G35040	4	4	5	4	2	4	1	5	5	5	4	1	4	2	2	3	1	3	4	3	5	5	1	1	4	4	3	2	2	2	5	2	5	2	5	4	3	3	5	4	4	1	1	4	4	4	1	4	3	1	3	1	4	3	5	4	2	3	4	4	2	1	3	3	4	4	2	1	2	5	5	1	1	5	3	5	2	4	1	5	1	3	4	5	4	3	5	5	2	2	1	1	5	4	1	5	3	2	5	1
AT1G65230	2	4	1	4	4	2	3	4	5	4	3	4	5	3	2	4	1	3	2	1	2	5	4	4	5	3	2	5	4	1	5	2	1	3	3	4	1	2	5	2	3	4	1	4	2	4	1	4	3	1	5	1	2	5	2	4	1	1	2	4	3	1	3	1	2	5	5	3	4	3	5	2	4	1	4	3	3	3	1	3	3	4	5	1	2	5	5	4	4	2	5	1	2	1	5	4	2	2	1	4
AT1G03850	5	3	2	5	1	5	2	5	2	2	1	2	1	5	5	5	1	1	5	2	5	1	4	2	3	1	4	3	1	5	1	4	2	5	4	1	2	1	5	3	2	1	5	2	5	1	1	1	5	3	1	3	3	4	4	3	5	4	1	3	5	3	4	4	5	3	3	4	4	2	1	4	2	3	1	4	4	5	5	1	4	5	1	2	4	1	4	3	5	2	5	4	1	2	3	2	1	2	2	5
AT1G50250	4	4	5	4	2	5	1	5	5	5	4	1	4	2	2	3	1	3	4	3	5	2	1	1	4	4	3	2	2	2	5	2	5	2	5	4	3	3	5	4	4	1	1	4	4	4	1	5	3	1	3	1	4	3	5	2	2	3	4	4	2	1	3	3	4	4	2	1	2	5	5	1	1	5	3	5	2	4	1	5	1	3	4	5	4	4	5	5	2	2	1	1	5	4	1	5	3	2	5	1
AT2G40760	1	4	5	4	2	4	1	5	5	5	4	1	4	2	2	3	1	3	4	3	5	2	1	1	4	4	3	2	2	2	5	2	5	2	5	4	3	3	3	4	4	1	1	4	4	4	1	5	3	1	3	1	4	3	5	2	2	3	4	4	1	1	3	3	4	4	2	1	2	5	5	1	1	5	3	5	2	4	1	5	1	3	4	5	4	4	5	5	2	2	1	1	5	4	1	5	3	2	5	1
AT2G26340	4	4	1	4	4	2	3	4	5	4	3	4	5	3	2	4	1	3	2	1	2	5	4	1	5	3	3	5	4	1	5	2	1	3	3	4	1	2	5	2	3	4	1	4	2	4	1	4	3	1	5	1	2	5	2	4	1	1	2	4	3	1	3	1	2	4	5	3	4	3	5	2	4	1	4	3	3	3	1	3	3	3	5	1	2	5	5	4	4	2	5	1	2	1	5	4	2	2	1	4
AT5G08050	4	4	1	4	4	5	1	5	5	4	3	4	5	2	2	4	1	3	2	3	2	5	4	1	5	4	3	2	4	1	5	2	5	5	3	4	1	2	5	4	3	4	1	4	2	4	1	4	3	1	3	1	2	3	2	4	1	1	2	3	2	1	3	1	2	4	5	1	4	5	5	2	4	5	4	4	5	3	1	3	3	3	5	5	4	5	5	5	4	2	5	1	5	1	5	4	2	2	1	1
AT1G22020	4	4	5	4	2	5	1	5	5	5	4	4	4	2	2	3	1	3	4	3	5	5	4	1	4	4	3	2	2	2	5	2	5	2	5	4	3	3	5	4	4	1	1	4	4	4	1	4	3	1	3	1	4	3	2	4	2	3	4	4	2	1	3	3	4	4	2	1	2	5	5	2	4	5	3	5	5	4	1	5	1	3	4	5	4	3	5	5	2	2	1	1	5	4	1	5	3	2	5	1
AT5G16150	4	4	5	4	2	5	1	5	5	5	4	1	4	2	2	3	1	3	4	3	5	5	1	1	4	4	3	2	2	2	5	2	5	2	5	4	3	3	5	4	4	1	1	4	4	4	1	5	3	1	3	1	4	3	5	4	2	3	4	4	2	1	3	3	4	4	2	1	2	5	5	1	1	5	3	5	5	4	1	5	1	3	4	5	4	4	5	5	2	2	1	1	5	4	1	5	3	2	5	1
AT4G24750	1	4	5	4	2	4	1	5	5	5	4	1	4	2	2	3	1	3	4	3	5	2	1	1	4	4	3	2	2	2	5	2	5	2	5	4	3	3	3	4	4	1	1	4	4	4	1	5	3	1	3	1	4	3	5	2	2	3	4	4	1	1	3	3	1	4	2	1	2	5	5	1	1	5	3	5	2	4	1	5	1	3	4	5	4	4	5	5	2	2	1	1	5	4	1	5	3	2	5	1
AT4G01050	1	1	5	4	2	5	1	5	5	5	4	1	4	2	2	3	1	3	4	3	5	2	1	1	4	4	3	2	2	2	5	2	5	2	5	4	3	3	3	4	4	1	1	4	4	2	1	5	3	1	3	2	4	3	5	2	2	3	4	3	1	1	3	3	1	4	2	1	2	5	5	1	1	5	3	5	2	4	1	5	1	3	4	5	4	4	5	5	2	2	1	1	5	4	1	5	3	2	5	1
AT1G02560	1	1	5	4	2	4	1	5	1	5	4	1	4	2	4	3	3	3	4	3	5	2	1	1	4	2	3	2	2	2	3	2	4	2	5	4	3	3	3	1	5	1	1	5	4	2	2	5	3	1	3	2	4	3	5	2	2	3	4	4	1	1	3	3	1	4	2	1	2	5	5	1	1	5	3	5	2	4	1	5	1	2	4	5	4	4	5	2	1	2	1	1	5	4	1	5	3	2	5	1
AT1G18730	1	1	5	4	2	4	1	5	5	5	4	1	4	2	4	3	1	3	4	3	5	2	1	1	4	4	3	2	2	2	5	2	5	2	5	4	3	3	3	4	4	1	1	4	4	2	1	5	3	1	3	2	4	3	5	2	2	3	4	4	1	1	3	3	1	4	2	1	2	5	5	1	1	5	3	5	2	4	1	5	1	3	4	5	4	4	5	5	1	2	1	1	5	4	1	5	3	2	5	1
AT3G46780	4	4	5	4	2	5	1	5	5	5	4	1	4	2	2	3	1	3	4	3	5	5	4	1	4	4	3	2	2	2	5	2	5	2	5	4	3	3	5	4	4	1	1	4	4	4	1	4	3	1	3	1	4	3	2	4	2	3	4	3	2	1	3	3	4	4	2	1	2	5	5	1	4	5	3	5	5	4	1	5	1	3	4	5	4	4	5	5	2	2	1	1	5	4	1	5	3	2	5	1
AT1G79450	1	1	5	4	2	5	1	5	5	5	4	1	4	2	2	3	1	3	4	3	5	2	1	1	4	4	3	2	2	2	5	2	5	2	5	4	2	3	3	4	4	1	1	4	5	2	1	5	3	1	3	2	4	3	5	2	2	3	4	3	1	1	3	3	1	4	2	1	2	5	5	1	1	5	3	5	2	4	1	5	1	3	4	5	4	4	5	5	2	2	1	1	5	4	1	5	3	2	5	1
AT1G06690	1	4	5	4	2	4	1	5	5	5	4	1	4	2	2	3	1	3	4	3	5	2	1	1	4	4	3	2	2	2	5	2	5	2	5	4	3	3	3	4	4	1	1	4	4	4	1	5	3	1	3	1	4	3	5	2	2	3	4	4	1	1	3	3	4	4	2	1	2	5	5	1	1	5	3	5	2	4	1	5	1	3	4	5	4	4	5	5	2	2	1	1	5	4	1	5	3	2	5	1
AT1G23740	1	4	5	4	2	5	1	5	5	5	4	1	4	2	2	3	1	3	4	3	5	2	1	1	4	4	3	2	2	2	5	2	5	2	5	4	3	3	5	4	4	1	1	4	4	4	1	5	3	1	3	1	4	3	5	2	2	3	4	3	1	1	3	3	4	4	2	1	2	5	5	1	1	5	3	5	2	4	1	5	1	3	4	5	4	4	5	5	2	2	1	1	5	4	1	5	3	2	5	1
AT3G46610	2	2	1	3	4	2	3	4	4	1	3	5	5	3	1	1	2	2	1	1	3	3	5	4	1	3	2	5	3	1	2	1	1	3	3	5	5	5	1	2	1	4	4	3	2	3	3	3	4	5	5	5	2	2	3	1	3	1	3	1	3	2	2	1	2	5	5	3	5	3	2	5	5	1	4	3	3	3	2	3	2	4	5	1	2	5	3	4	4	1	4	5	2	1	5	4	5	3	1	4
AT1G29920	1	4	5	4	2	5	1	5	5	5	4	1	4	2	2	3	1	3	4	3	5	2	1	1	4	4	3	2	2	2	5	2	5	2	5	4	3	3	3	4	4	1	1	4	4	4	1	5	3	1	3	1	4	3	5	2	2	3	4	4	1	1	3	3	4	4	2	1	2	5	5	1	1	5	3	5	2	4	1	5	1	3	4	5	4	4	5	5	2	2	1	1	5	4	1	5	3	2	5	1
AT1G50450	5	3	2	5	1	1	5	2	3	2	1	2	1	5	5	5	5	1	5	4	1	1	5	2	3	1	4	3	1	4	1	4	2	1	4	1	2	1	2	3	2	2	5	2	5	1	5	1	5	3	1	4	3	4	4	3	5	4	1	5	5	3	5	4	5	3	3	4	4	2	3	4	2	3	1	1	4	5	5	1	4	5	1	2	5	1	4	3	5	5	5	4	1	2	3	2	1	3	3	5
AT2G17630	1	1	5	4	2	4	1	5	1	5	4	1	4	2	4	3	3	3	4	3	5	2	1	1	4	2	3	2	2	2	3	2	4	2	5	4	3	3	3	4	4	1	1	5	4	2	2	5	3	1	3	2	4	3	5	2	2	3	4	4	1	1	3	3	1	4	2	1	2	5	5	1	1	5	3	5	2	4	1	5	1	2	4	5	4	4	5	2	1	2	1	1	5	4	1	5	3	2	5	1
AT1G14590	1	1	5	4	2	4	1	5	5	5	4	1	4	2	2	3	1	3	4	3	5	2	1	1	4	4	3	2	2	2	5	2	5	2	5	4	3	3	3	4	4	1	1	4	4	2	1	5	3	1	3	2	4	3	5	2	2	3	4	4	1	1	3	3	1	4	2	1	2	5	5	1	1	5	3	5	2	4	1	5	1	3	4	5	4	4	5	5	1	2	1	1	5	4	1	5	3	2	5	1
AT1G54790	5	3	2	5	1	5	2	2	2	2	1	2	1	5	5	5	5	1	5	2	1	1	5	2	3	1	4	3	1	5	1	4	2	5	4	1	2	1	2	3	2	2	5	2	5	1	5	1	5	3	1	3	3	4	4	3	5	4	1	5	5	3	4	4	5	3	3	4	4	2	1	4	2	3	1	4	4	5	5	1	4	5	1	2	5	1	4	3	5	5	5	4	1	2	3	2	1	2	2	5
AT2G22360	4	4	5	4	2	5	1	5	5	5	4	1	4	2	2	3	1	3	4	3	5	5	1	1	4	4	3	2	2	2	5	2	5	2	5	4	3	3	5	4	4	1	1	4	4	4	1	4	3	1	3	1	4	3	5	4	2	3	4	4	2	1	3	3	4	4	2	1	2	5	5	1	1	5	3	5	5	4	1	5	1	3	4	5	4	3	5	5	2	2	1	1	5	4	1	5	3	2	5	1
AT4G39960	1	4	5	4	2	4	1	5	5	5	4	1	4	2	2	3	1	3	4	3	5	2	1	1	4	4	3	2	2	2	5	2	5	2	5	4	3	3	3	4	4	1	1	4	4	2	1	5	3	1	3	2	4	3	5	2	2	3	4	4	1	1	3	3	1	4	2	1	2	5	5	1	1	5	3	5	2	4	1	5	1	3	4	5	4	4	5	5	2	2	1	1	5	4	1	5	3	2	5	1
AT1G15820	1	4	5	4	2	4	1	5	5	5	4	1	4	2	2	3	1	3	4	3	5	2	1	1	4	4	3	2	2	2	5	2	5	2	5	4	3	3	5	4	4	1	1	4	4	4	1	5	3	1	3	1	4	3	5	2	2	3	4	4	2	1	3	3	4	4	2	1	2	5	5	1	1	5	3	5	2	4	1	5	1	3	4	5	4	4	5	5	2	2	1	1	5	4	1	5	3	2	5	1
AT5G52440	4	4	1	4	4	2	1	5	5	4	3	4	4	2	2	4	1	3	2	3	2	5	4	1	4	4	3	2	4	1	5	2	5	3	3	4	5	3	5	2	4	4	4	4	2	4	1	4	3	1	3	1	2	2	2	4	1	1	2	4	2	1	3	1	2	4	5	3	2	5	5	2	4	5	4	5	5	3	1	3	3	3	4	5	4	3	5	5	2	2	1	1	5	1	5	4	2	2	1	1
AT1G74880	5	3	2	5	1	1	5	2	3	2	1	2	1	5	5	5	5	1	5	4	1	1	5	2	3	1	4	3	1	4	1	4	2	1	4	1	2	1	2	3	2	2	5	2	5	1	5	1	5	3	1	4	3	4	4	3	5	4	1	5	5	3	5	4	5	3	3	4	4	2	3	4	2	3	1	1	4	5	5	1	4	5	1	2	5	1	4	3	5	5	5	4	1	2	3	2	1	3	3	5
AT3G28850	4	4	5	4	2	5	1	5	5	5	4	4	4	2	2	3	1	3	4	3	5	5	4	1	4	4	3	2	2	2	5	2	5	2	5	4	3	3	5	4	4	1	1	4	4	4	1	4	3	1	3	1	4	3	2	4	2	3	4	4	2	1	3	3	4	4	2	1	2	5	5	2	4	5	3	5	5	4	1	5	1	3	4	5	4	3	5	5	2	2	1	1	5	4	1	5	3	2	5	1
AT5G02160	1	1	5	4	2	5	1	5	5	5	4	1	4	2	4	3	1	3	4	3	5	2	1	1	4	4	3	2	2	2	5	2	5	2	5	4	2	3	3	4	4	1	1	4	4	2	1	5	3	1	3	2	4	3	5	2	2	3	4	3	1	1	3	3	1	4	2	1	2	5	5	1	1	5	3	5	2	4	1	5	1	3	4	5	4	4	5	5	1	2	1	1	5	4	1	5	3	2	5	1
AT4G33520	3	2	3	2	5	3	4	2	4	1	5	3	3	1	3	1	4	4	1	4	3	3	2	3	2	5	1	1	3	3	4	1	3	3	2	3	4	4	4	5	1	5	3	1	1	3	5	3	2	4	4	5	5	5	3	1	4	2	5	2	4	4	1	2	3	1	1	2	5	4	4	5	5	4	2	2	3	2	3	2	2	1	1	3	3	1	1	1	3	3	4	3	2	3	4	1	4	1	4	2
AT1G80380	1	1	4	2	2	4	1	5	1	5	4	1	4	4	4	2	3	3	3	3	4	4	3	5	4	2	3	4	2	2	3	2	4	4	5	4	1	4	3	1	5	3	1	5	2	2	2	5	1	2	2	2	1	1	5	2	2	3	4	4	1	1	3	1	1	4	2	5	3	5	5	3	3	5	3	5	1	1	1	5	5	2	4	5	1	2	5	2	1	2	3	1	3	4	1	1	4	2	5	3
AT5G01220	4	4	1	4	4	2	1	5	5	4	3	4	5	2	2	4	1	3	2	3	2	5	4	1	5	4	3	2	4	1	5	2	5	3	3	4	1	2	5	4	3	4	1	4	2	4	1	4	3	1	3	1	2	3	2	4	1	1	2	4	2	1	3	1	2	4	5	1	2	5	5	2	4	5	4	5	5	3	1	3	3	3	5	5	4	5	5	5	4	2	1	1	5	1	5	4	2	2	1	1
AT2G27290	1	4	5	4	2	4	1	5	5	5	4	1	4	2	2	3	1	3	4	3	5	2	1	1	4	4	3	2	2	2	5	2	5	2	5	4	3	3	3	4	4	1	1	4	4	2	1	5	3	1	3	2	4	3	5	2	2	3	4	4	1	1	3	3	1	4	2	1	2	5	5	1	1	5	3	5	2	4	1	5	1	3	4	5	4	4	5	5	2	2	1	1	5	4	1	5	3	2	5	1
AT2G37400	5	3	2	5	1	5	2	2	2	2	1	2	1	5	5	5	5	1	5	2	1	1	5	2	3	1	4	3	1	5	1	4	2	5	4	1	2	1	2	3	2	2	5	2	5	1	5	1	5	3	1	3	3	4	4	3	5	4	1	5	5	3	4	4	5	3	3	4	4	2	1	4	2	3	1	4	4	5	5	1	4	5	1	2	5	1	4	3	5	5	5	4	1	2	3	2	1	2	2	5
AT4G28025	5	3	2	5	1	5	2	5	2	2	1	2	1	5	5	5	1	1	5	2	5	1	1	2	3	1	4	3	2	5	1	2	5	5	4	1	2	3	5	3	2	1	5	2	5	1	1	5	5	3	1	3	3	4	4	3	5	4	1	3	5	3	4	4	5	3	3	4	4	2	1	4	2	3	1	4	4	5	5	1	4	5	1	2	4	1	4	3	5	2	5	1	1	2	1	2	1	2	2	5
AT3G15840	4	4	5	4	2	5	1	5	5	5	4	1	4	2	2	3	1	3	4	3	5	5	4	1	4	4	3	2	2	2	5	2	5	2	5	4	3	3	5	4	4	1	1	4	4	4	1	4	3	1	3	1	4	3	2	4	2	3	4	3	2	1	3	3	4	4	2	1	2	5	5	1	4	5	3	5	5	4	1	5	1	3	4	5	4	4	5	5	2	2	1	1	5	4	1	5	3	2	5	1
AT4G37925	1	1	5	4	2	4	1	5	5	5	4	1	4	2	4	3	3	3	4	3	5	2	1	1	4	2	3	2	2	2	5	2	4	2	5	4	3	3	3	4	4	1	1	5	4	2	2	5	3	1	3	2	4	3	5	2	2	3	4	4	1	1	3	3	1	4	2	1	2	5	5	1	1	5	3	5	2	4	1	5	1	3	4	5	4	4	5	2	1	2	1	1	5	4	1	5	3	2	5	1
AT4G27700	4	4	5	4	2	5	1	5	5	5	4	1	4	2	2	3	1	3	4	3	5	5	4	1	4	4	3	2	2	2	5	2	5	2	5	4	3	3	5	4	4	1	1	4	4	4	1	4	3	1	3	1	4	3	2	4	2	3	4	3	2	1	3	3	4	4	2	1	2	5	5	1	4	5	3	5	5	4	1	5	1	3	4	5	4	4	5	5	2	2	1	1	5	4	1	5	3	2	5	1
AT5G23890	1	4	5	4	2	4	1	5	5	5	4	1	4	2	2	3	1	3	4	3	5	2	1	1	4	4	3	2	2	2	5	2	5	2	5	4	3	3	3	4	4	1	1	4	4	4	1	5	3	1	3	1	4	3	5	2	2	3	4	4	1	1	3	3	4	4	2	1	2	5	5	1	1	5	3	5	2	4	1	5	1	3	4	5	4	4	5	5	2	2	1	1	5	4	1	5	3	2	5	1
AT2G30950	1	1	5	4	2	4	1	5	5	5	4	1	4	2	4	3	1	3	4	3	5	2	1	1	4	4	3	2	2	2	5	2	5	2	5	4	3	3	3	4	4	1	1	4	4	2	1	5	3	1	3	2	4	3	5	2	2	3	4	4	1	1	3	3	1	4	2	1	2	5	5	1	1	5	3	5	2	4	1	5	1	3	4	5	4	4	5	5	1	2	1	1	5	4	1	5	3	2	5	1
AT5G19500	4	4	5	4	2	5	1	5	5	5	4	1	4	2	2	3	1	3	4	3	5	2	1	1	4	4	3	2	2	2	5	2	5	2	5	4	3	3	5	4	4	1	1	4	4	4	1	5	3	1	3	1	4	3	5	4	2	3	4	4	2	1	3	3	4	4	2	1	2	5	5	1	1	5	3	5	5	4	1	5	1	3	4	5	4	4	5	5	2	2	1	1	5	4	1	5	3	2	5	1
AT1G44575	2	2	1	3	4	2	3	4	4	4	3	5	5	3	3	1	2	2	1	1	3	3	2	4	5	3	2	5	3	1	2	3	1	3	3	1	1	2	1	2	3	4	2	3	2	3	3	3	4	2	5	5	2	5	3	1	3	1	3	1	3	2	2	2	2	5	5	3	4	3	2	5	5	1	4	3	3	3	2	3	2	4	5	1	2	5	3	4	4	1	4	5	2	5	3	4	5	3	1	4
AT4G13010	4	4	5	4	2	5	1	5	5	5	4	1	4	2	2	3	1	3	4	3	5	2	1	1	4	4	3	2	2	2	5	2	5	2	5	4	3	3	5	4	4	1	1	4	4	4	1	5	3	1	3	1	4	3	5	2	2	3	4	4	2	1	3	3	4	4	2	1	2	5	5	1	1	5	3	5	5	4	1	5	1	3	4	5	4	4	5	5	2	2	1	1	5	4	1	5	3	2	5	1
AT2G40100	1	1	5	4	2	4	1	5	5	5	4	1	4	2	4	3	3	3	4	3	5	2	1	1	4	2	3	2	2	2	5	2	4	2	5	4	3	3	3	4	4	1	1	5	4	2	2	5	3	1	3	2	4	3	5	2	2	3	4	4	1	1	3	3	1	4	2	1	2	5	5	1	1	5	3	5	2	4	1	5	1	3	4	5	4	4	5	2	1	2	1	1	5	4	1	5	3	2	5	1
AT1G71500	2	2	1	3	4	2	3	4	4	4	3	5	5	3	1	1	2	2	2	1	3	3	2	4	5	3	2	5	3	1	2	3	1	3	3	2	1	5	1	2	3	4	2	3	2	3	3	3	4	5	5	5	2	5	3	1	1	1	3	1	3	2	2	1	2	5	5	3	4	3	2	5	5	1	4	3	3	3	2	3	3	4	5	1	2	5	3	4	4	1	5	5	2	5	5	4	5	3	1	4
AT1G42960	1	4	5	4	2	4	1	5	5	5	4	1	4	2	2	3	1	3	4	3	5	2	1	1	4	4	3	2	2	2	5	2	5	2	5	4	3	3	3	4	4	1	1	4	4	4	1	5	3	1	3	1	4	3	5	2	2	3	4	4	1	1	3	3	1	4	2	1	2	5	5	1	1	5	3	5	2	4	1	5	1	3	4	5	4	3	5	5	2	2	1	1	5	4	1	5	3	2	5	1
AT3G26080	5	1	2	5	1	5	2	5	2	2	4	1	1	5	5	5	1	1	5	2	5	1	1	2	3	1	3	3	2	5	1	2	5	5	4	1	2	3	5	3	2	1	1	2	5	1	1	5	5	3	1	3	3	3	4	3	5	4	1	3	5	3	4	4	5	4	2	4	4	2	1	4	2	3	1	4	4	4	1	1	4	5	1	2	4	1	4	3	5	2	5	1	1	2	1	2	1	2	2	5
AT2G21530	5	3	2	5	1	1	5	2	3	2	1	2	1	5	5	5	5	1	5	4	1	1	5	2	3	1	4	3	1	4	1	4	2	1	4	1	2	1	2	3	2	2	5	2	5	1	5	1	5	3	1	4	3	4	4	3	5	4	1	5	5	3	5	4	5	3	3	4	4	2	3	4	2	3	1	1	4	5	5	1	4	5	1	2	5	1	4	3	5	5	5	4	1	2	3	2	1	3	3	5
AT4G19830	5	3	2	5	1	1	5	2	3	2	1	2	1	5	5	5	5	1	5	4	1	1	5	2	3	1	4	3	1	4	1	4	2	1	4	1	2	1	2	3	2	2	5	2	5	1	5	1	5	3	1	4	3	4	4	3	5	4	1	5	5	3	5	4	5	3	3	4	4	2	3	4	2	3	1	1	4	5	5	1	4	5	1	2	5	1	4	3	5	5	5	4	1	2	3	2	1	3	3	5
AT2G37660	1	1	5	4	2	4	1	5	1	5	4	1	4	2	4	3	3	3	4	3	5	2	1	1	4	2	3	2	2	2	3	2	4	2	5	4	3	3	3	4	4	1	1	5	4	2	2	5	3	1	3	2	4	3	5	2	2	3	4	4	1	1	3	3	1	4	2	1	2	5	5	1	1	5	3	5	2	4	1	5	1	3	4	5	4	3	5	2	1	2	1	1	5	4	1	5	3	2	5	1
AT3G10470	1	4	5	4	2	4	1	5	5	5	4	1	4	2	4	3	1	3	4	3	5	2	1	1	4	4	3	2	2	2	5	2	5	2	5	4	3	3	3	4	4	1	1	4	4	2	1	5	3	1	3	2	4	3	5	2	2	3	4	4	1	1	3	3	1	4	2	1	2	5	5	1	1	5	3	5	2	4	1	5	1	3	4	5	4	4	5	5	1	2	1	1	5	4	1	5	3	2	5	1
AT2G37230	5	4	2	5	1	5	2	5	2	2	4	1	1	5	2	5	1	1	5	2	5	1	1	2	3	1	3	3	2	5	5	2	5	5	4	1	2	3	5	3	2	1	1	2	5	1	1	5	5	3	1	3	3	3	4	3	2	3	1	3	5	3	4	4	5	4	2	4	4	2	1	4	2	3	1	4	4	4	1	1	4	5	1	2	4	1	4	3	5	2	5	1	1	2	1	2	1	2	2	5
AT1G54780	4	4	1	4	4	2	3	4	5	4	3	4	5	3	2	4	1	3	2	1	2	5	4	1	5	3	3	5	4	1	5	2	1	3	3	4	1	2	5	2	3	4	1	4	2	4	1	4	3	1	5	1	2	5	2	4	1	1	2	4	3	1	3	1	2	4	5	3	4	3	5	2	4	1	4	3	3	3	1	3	3	3	5	1	2	5	5	4	4	2	5	1	2	1	5	4	2	2	1	4
AT4G33010	1	1	4	2	2	4	1	5	1	5	4	1	4	4	4	2	3	3	3	3	4	4	3	5	4	2	3	4	2	2	3	2	4	4	5	4	1	4	3	1	5	3	1	5	2	2	2	5	1	2	2	2	1	1	5	2	2	3	4	4	1	1	3	1	1	4	2	5	3	5	5	3	3	5	3	5	1	1	1	5	5	2	4	5	1	2	5	2	1	2	3	1	3	3	1	1	4	2	5	3
AT5G19370	1	1	5	4	2	4	1	5	5	5	4	1	4	2	4	3	3	3	4	3	5	2	1	1	4	2	3	2	2	2	3	2	5	2	5	4	3	3	3	4	4	1	1	5	4	2	2	5	3	1	3	2	4	3	5	2	2	3	4	4	1	1	3	3	1	4	2	1	2	5	5	1	1	5	3	5	2	4	1	5	1	3	4	5	4	4	5	2	1	2	1	1	5	4	1	5	3	2	5	1
AT2G30695	1	1	5	4	2	4	1	5	1	5	4	1	4	2	4	3	3	3	4	3	5	2	1	1	4	2	3	2	2	2	3	2	4	2	5	4	3	3	3	1	4	1	1	5	4	2	2	5	3	1	3	2	4	3	5	2	2	3	4	4	1	1	3	3	1	4	2	1	2	5	5	3	1	5	3	5	2	4	1	5	1	2	4	5	4	4	5	2	1	2	1	1	5	4	1	5	3	2	5	1
AT5G42070	1	1	5	4	2	4	1	5	5	5	4	1	4	2	4	3	1	3	4	3	5	2	1	1	4	2	3	2	2	2	5	2	5	2	5	4	3	3	3	4	4	1	1	5	4	2	2	5	3	1	3	2	4	3	5	2	2	3	4	4	1	1	3	3	1	4	2	1	2	5	5	1	1	5	3	5	2	4	1	5	1	3	4	5	4	4	5	5	1	2	1	1	5	4	1	5	3	2	5	1
AT4G39730	5	1	2	4	1	5	2	5	2	2	4	1	4	5	2	5	5	3	5	2	5	1	1	2	4	1	3	2	2	5	5	2	5	5	5	4	1	2	3	4	2	1	1	2	5	1	2	4	5	1	1	3	4	3	5	4	2	3	1	3	1	1	4	4	5	3	2	4	4	5	1	1	1	3	1	4	4	5	1	5	4	3	4	5	4	1	5	5	5	2	5	1	1	2	1	2	1	2	2	5
AT1G07510	1	4	5	4	2	4	1	5	5	5	4	1	4	2	2	3	1	3	4	3	5	2	1	1	4	4	3	2	2	2	5	2	5	2	5	4	3	3	5	4	4	1	1	4	4	4	1	5	3	1	3	1	4	3	5	2	2	3	4	4	2	1	3	3	4	4	2	1	2	5	5	1	1	5	3	5	2	4	1	5	1	3	4	5	4	4	5	5	2	2	1	1	5	4	1	5	3	2	5	1
AT1G79040	2	2	1	3	4	2	3	4	4	4	3	5	5	3	1	1	2	2	2	1	3	3	2	4	5	3	2	5	3	1	2	3	1	3	3	2	1	5	1	2	3	4	2	3	2	3	3	3	4	5	5	5	2	5	3	1	3	1	3	1	3	2	2	1	2	5	5	3	4	3	2	5	5	1	4	3	3	3	2	3	2	4	5	1	2	5	3	4	4	1	5	5	2	5	5	4	5	3	1	4
AT2G21160	5	4	2	4	1	5	2	5	2	2	4	1	4	5	2	5	1	3	5	2	5	1	1	2	3	4	3	2	2	5	5	2	5	5	5	4	2	3	5	3	2	1	1	4	5	4	1	5	3	1	1	3	4	3	5	3	2	3	4	3	5	1	4	4	5	4	2	1	2	5	1	1	2	5	3	4	4	4	1	5	4	3	4	5	4	4	5	5	5	2	1	1	1	2	1	2	1	2	2	5
AT4G39460	1	4	5	4	2	4	1	5	5	5	4	1	4	2	2	3	1	3	4	3	5	2	1	1	4	4	3	2	2	2	5	2	5	2	5	4	3	3	3	4	4	1	1	4	4	4	1	5	3	1	3	1	4	3	5	2	2	3	4	4	1	1	3	3	1	4	2	1	2	5	5	1	1	5	3	5	2	4	1	5	1	3	4	5	4	3	5	5	2	2	1	1	5	4	1	5	3	2	5	1
AT3G26580	1	1	5	4	2	4	1	5	5	5	4	1	4	2	4	3	1	3	4	3	5	2	1	1	4	4	3	2	2	2	5	2	5	2	5	4	3	3	3	4	4	1	1	4	4	2	1	5	3	1	3	2	4	3	5	2	2	3	4	4	1	1	3	3	1	4	2	1	2	5	5	1	1	5	3	5	2	4	1	5	1	3	4	5	4	4	5	5	1	2	1	1	5	4	1	5	3	2	5	1
AT1G03160	1	1	5	2	2	4	1	5	1	5	4	1	4	2	4	2	3	3	3	3	5	2	3	1	4	2	3	2	2	2	3	2	4	2	5	4	3	3	3	1	5	3	1	5	4	2	2	5	3	1	2	2	1	3	5	2	2	3	4	4	1	1	3	3	1	4	2	5	2	5	5	3	1	5	3	5	2	4	1	5	1	2	4	5	4	2	5	2	1	2	1	1	3	4	1	1	3	2	5	3
AT2G24020	4	4	5	4	2	4	1	5	5	5	4	1	4	2	2	3	1	3	4	3	5	2	1	1	4	4	3	2	2	2	5	2	5	2	5	4	3	3	5	4	4	1	1	4	4	4	1	5	3	1	3	1	4	3	5	2	2	3	4	4	2	1	3	3	4	4	2	1	2	5	5	1	1	5	3	5	2	4	1	5	1	3	4	5	4	4	5	5	2	2	1	1	5	4	1	5	3	2	5	1
AT1G05385	5	3	2	5	1	5	2	5	2	2	1	2	1	5	5	5	5	1	5	2	5	1	5	2	3	1	4	3	1	5	1	4	2	5	4	1	2	1	2	3	2	2	5	2	5	1	5	1	5	3	1	3	3	4	4	3	5	4	1	3	5	3	4	4	5	3	3	4	4	2	1	4	2	3	1	4	4	5	5	1	4	5	1	2	5	1	4	3	5	5	5	4	1	2	3	2	1	2	2	5
AT5G52970	4	4	5	4	2	4	1	5	5	5	4	1	4	2	2	3	1	3	4	3	5	2	1	1	4	4	3	2	2	2	5	2	5	2	5	4	3	3	5	4	4	1	1	4	4	4	1	5	3	1	3	1	4	3	5	2	2	3	4	4	2	1	3	3	4	4	2	1	2	5	5	1	1	5	3	5	2	4	1	5	1	3	4	5	4	3	5	5	2	2	1	1	5	4	1	5	3	2	5	1
AT3G08920	1	1	5	2	2	4	1	5	1	5	4	1	4	2	4	3	3	3	4	3	5	2	1	1	4	2	3	2	2	2	3	2	4	2	5	4	3	3	3	1	4	1	1	5	4	2	2	5	3	1	3	2	4	3	5	2	2	3	4	4	1	1	3	3	1	4	2	1	2	5	5	3	1	5	3	5	2	4	1	5	1	2	4	5	4	4	5	2	1	2	1	1	5	4	1	5	3	2	5	1
AT1G72640	1	4	5	4	2	4	1	5	5	5	4	1	4	2	2	3	1	3	4	3	5	2	1	1	4	4	3	2	2	2	5	2	5	2	5	4	3	3	3	4	4	1	1	4	4	2	1	5	3	1	3	2	4	3	5	2	2	3	4	4	1	1	3	3	1	4	2	1	2	5	5	1	1	5	3	5	2	4	1	5	1	3	4	5	4	4	5	5	1	2	1	1	5	4	1	5	3	2	5	1
AT1G67840	5	3	2	5	1	1	5	2	3	2	1	2	1	5	5	5	5	1	5	4	1	1	5	2	3	1	4	3	1	4	1	4	2	1	4	1	2	1	2	3	2	2	5	2	5	1	5	1	5	3	1	4	3	4	4	3	5	4	1	5	5	3	5	4	5	3	3	4	4	2	3	4	2	3	1	1	4	5	5	1	4	5	1	2	5	1	4	3	5	5	5	4	1	2	3	2	1	3	3	5
AT5G13120	1	4	5	4	2	4	1	5	5	5	4	1	4	2	2	3	1	3	4	3	5	2	1	1	4	4	3	2	2	2	5	2	5	2	5	4	3	3	3	4	4	1	1	4	4	2	1	5	3	1	3	2	4	3	5	2	2	3	4	4	1	1	3	3	1	4	2	1	2	5	5	1	1	5	3	5	2	4	1	5	1	3	4	5	4	4	5	5	2	2	1	1	5	4	1	5	3	2	5	1
AT4G31390	3	2	3	3	4	1	3	3	4	1	2	5	2	3	3	1	2	2	1	1	3	4	2	4	1	5	2	5	1	3	2	1	3	3	2	5	5	5	4	2	1	2	4	1	3	3	4	3	4	5	5	5	5	2	3	1	3	2	3	1	4	2	1	2	3	5	1	2	5	4	2	5	5	4	2	3	3	2	3	4	2	4	3	1	3	5	3	4	3	1	4	5	2	3	4	4	4	3	4	4
AT4G24930	1	4	5	4	2	5	1	5	5	5	4	1	4	2	2	3	1	3	4	3	5	2	1	1	4	4	3	2	2	2	5	2	5	2	5	4	3	3	5	4	4	1	1	4	4	4	1	5	3	1	3	1	4	3	5	2	2	3	4	4	1	1	3	3	4	4	2	1	2	5	5	1	1	5	3	5	2	4	1	5	1	3	4	5	4	4	5	5	2	2	1	1	5	4	1	5	3	2	5	1
AT1G74710	1	4	5	4	2	4	1	5	5	5	4	1	4	2	2	3	1	3	4	3	5	2	1	1	4	4	3	2	2	2	5	2	5	2	5	4	3	3	3	4	4	1	1	4	4	4	1	5	3	1	3	1	4	3	5	2	2	3	4	4	1	1	3	3	4	4	2	1	2	5	5	1	1	5	3	5	2	4	1	5	1	3	4	5	4	4	5	5	2	2	1	1	5	4	1	5	3	2	5	1
AT4G18370	1	1	5	4	2	4	1	5	5	5	4	1	4	2	4	3	1	3	4	3	5	2	1	1	4	2	3	2	2	2	5	2	5	2	5	4	3	3	3	4	4	1	1	5	4	2	2	5	3	1	3	2	4	3	5	2	2	3	4	4	1	1	3	3	1	4	2	1	2	5	5	1	1	5	3	5	2	4	1	5	1	3	4	5	4	4	5	5	1	2	1	1	5	4	1	5	3	2	5	1
AT1G03090	5	3	2	5	1	5	2	5	2	2	1	2	1	5	5	5	5	1	5	2	1	1	5	2	3	1	4	3	1	4	1	4	2	1	4	1	2	1	2	3	2	2	5	2	5	1	5	1	5	3	1	3	3	4	4	3	5	4	1	5	5	3	4	4	5	3	3	4	4	2	1	4	2	3	1	1	4	5	5	1	4	5	1	2	5	1	4	3	5	5	5	4	1	2	3	2	1	2	2	5
AT3G55330	1	4	5	4	2	4	1	5	5	5	4	1	4	2	2	3	1	3	4	3	5	2	1	1	4	4	3	2	2	2	5	2	5	2	5	4	3	3	3	4	4	1	1	4	4	4	1	5	3	1	3	1	4	3	5	2	2	3	4	4	1	1	3	3	1	4	2	1	2	5	5	1	1	5	3	5	2	4	1	5	1	3	4	5	4	4	5	5	2	2	1	1	5	4	1	5	3	2	5	1
AT4G36810	3	5	3	1	3	3	4	3	3	3	5	3	3	1	1	1	4	5	1	5	1	4	2	3	2	5	2	1	3	3	4	3	3	4	1	2	4	1	2	5	1	5	2	3	3	5	4	2	2	4	4	5	5	5	1	5	4	5	5	2	4	4	1	5	3	1	4	2	1	1	4	5	5	2	5	2	3	5	2	2	5	1	2	4	3	1	2	1	3	3	2	2	4	3	2	3	4	4	4	2
AT1G16790	5	3	2	5	1	5	2	5	2	2	1	2	1	5	5	5	5	1	5	2	5	1	5	2	3	1	4	3	1	5	1	4	2	5	4	1	2	1	5	3	2	1	5	2	5	1	5	1	5	3	1	3	3	4	4	3	5	4	1	3	5	3	4	4	5	3	3	4	4	2	1	4	2	3	1	4	4	5	5	1	4	5	1	2	4	1	4	3	5	2	5	4	1	2	3	2	1	2	2	5
AT1G15140	4	4	5	4	2	5	1	5	5	5	4	1	4	2	2	3	1	3	4	3	5	2	1	1	4	4	3	2	2	2	5	2	5	2	5	4	3	3	5	4	4	1	1	4	4	4	1	5	3	1	3	1	4	3	5	2	2	3	4	4	2	1	3	3	4	4	2	1	2	5	5	1	1	5	3	5	2	4	1	5	1	3	4	5	4	4	5	5	2	2	1	1	5	4	1	5	3	2	5	1
AT1G31180	1	1	5	4	2	5	1	5	5	5	4	1	4	2	4	3	1	3	4	3	5	2	1	1	4	4	3	2	2	2	5	2	5	2	5	4	3	3	3	4	4	1	1	4	4	2	1	5	3	1	3	2	4	3	5	2	2	3	4	4	1	1	3	3	1	4	2	1	2	5	5	1	1	5	3	5	2	4	1	5	1	3	4	5	4	4	5	5	1	2	1	1	5	4	1	5	3	2	5	1
AT5G03455	1	4	5	4	2	4	1	5	5	5	4	1	4	2	4	3	1	3	4	3	5	2	1	1	4	4	3	2	2	2	5	2	5	2	5	4	3	3	3	4	4	1	1	4	4	2	1	5	3	1	3	2	4	3	5	2	2	3	4	4	1	1	3	3	1	4	2	1	2	5	5	1	1	5	3	5	2	4	1	5	1	3	4	5	4	4	5	5	1	2	1	1	5	4	1	5	3	2	5	1
AT5G52780	1	1	5	4	2	4	1	5	5	5	4	1	4	2	4	3	1	3	4	3	5	2	1	1	4	4	3	2	2	2	5	2	5	2	5	4	3	3	3	4	4	1	1	4	4	2	1	5	3	1	3	2	4	3	5	2	2	3	4	4	1	1	3	3	1	4	2	1	2	5	5	1	1	5	3	5	2	4	1	5	1	3	4	5	4	4	5	5	1	2	1	1	5	4	1	5	3	2	5	1
AT1G51110	5	4	2	4	1	5	2	5	5	2	4	1	4	5	2	5	1	3	5	2	5	1	4	1	3	4	3	2	2	5	5	2	5	5	5	4	2	3	5	3	2	1	1	4	5	4	1	5	3	1	1	1	3	3	5	4	2	3	4	3	5	1	3	4	4	4	2	1	4	5	5	1	4	5	3	4	5	4	1	5	4	3	4	5	4	4	5	5	2	2	5	1	1	2	1	2	1	2	5	5
AT3G25480	4	4	5	4	2	5	1	5	5	5	4	1	4	2	2	3	1	3	4	3	5	5	4	1	4	4	3	2	2	5	5	2	5	5	5	4	3	3	5	4	4	1	1	4	4	4	1	4	3	1	3	1	4	3	2	4	2	3	4	3	2	1	3	3	4	4	2	1	2	5	5	2	4	5	3	4	5	4	1	5	1	3	4	5	4	4	5	5	2	2	1	1	5	4	1	5	3	2	5	1
AT5G42765	1	1	5	4	2	5	1	5	5	5	4	1	4	2	2	3	1	3	4	3	5	2	1	1	4	4	3	2	2	5	5	2	5	5	5	4	2	3	3	4	4	1	1	4	5	2	1	5	3	1	3	2	4	3	5	2	2	3	4	3	1	1	3	3	1	4	2	1	2	5	5	1	1	5	3	5	2	4	1	5	1	3	4	5	4	4	5	5	2	2	1	1	5	4	1	5	3	2	5	1
AT1G16880	1	1	5	4	2	4	1	5	1	5	4	1	4	2	4	3	3	3	4	3	5	2	1	1	4	2	3	2	2	2	3	2	4	2	5	4	3	3	3	1	4	3	1	5	4	2	2	5	3	1	3	2	4	3	5	2	2	3	4	4	1	1	3	3	1	4	2	1	2	5	5	3	1	5	3	5	2	4	1	5	1	2	4	5	4	3	5	2	1	2	1	1	5	4	1	5	3	2	5	1
AT1G14345	1	1	4	2	2	4	1	5	1	5	4	1	4	4	4	2	3	3	3	3	5	2	3	5	4	2	3	4	2	2	3	2	4	4	5	4	3	3	3	1	5	3	1	5	4	2	2	5	3	1	2	2	1	3	5	2	2	3	4	4	1	1	3	3	1	4	2	5	2	5	5	3	1	5	3	5	2	1	1	5	1	2	4	5	4	2	5	2	1	2	1	1	3	4	1	1	3	2	5	3
AT1G66670	1	1	5	4	2	4	1	5	5	5	4	1	4	2	2	3	1	3	4	3	5	2	1	1	4	4	3	2	2	2	5	2	5	2	5	4	3	3	3	4	4	1	1	4	4	2	1	5	3	1	3	2	4	3	5	2	2	3	4	4	1	1	3	3	1	4	2	1	2	5	5	1	1	5	3	5	2	4	1	5	1	3	4	5	4	4	5	5	1	2	1	1	5	4	1	5	3	2	5	1
