AT2G04030	1	2	5	3	2	5	4	5	1	4	1	1	1	5	5	2	5	2	2	2	3	4	5	2	1	1	3	1	1	3	4	4	5	5	5	3	4	4	2	3	5	5	1	5	1	2	3	2	5	2	1	1	5	2	1	2	3	4	1	3	5	1	2	2	2	1	2	3	1	1	2	4	4	3	4	2	3	4	3	4	1	2	2	3	4	3	5	3	3	4	2	1	2	1	5	3	3	3	5	4
AT5G20140	3	1	3	2	3	1	1	1	5	2	5	2	2	3	1	5	2	4	4	4	4	1	1	3	2	5	5	2	3	5	3	1	1	3	1	1	1	1	3	2	3	4	4	1	4	1	4	1	3	3	3	2	3	1	5	5	4	1	4	1	3	3	4	1	3	2	4	1	2	3	5	5	3	5	3	4	3	5	1	3	5	5	1	5	3	4	1	5	4	1	4	4	1	5	4	5	2	4	4	3
AT5G62720	5	1	4	2	3	4	1	1	5	2	5	1	2	1	1	5	3	2	4	3	5	2	3	4	3	5	5	3	2	4	5	5	1	4	1	4	3	3	3	4	3	1	4	4	4	3	4	1	3	3	3	2	4	1	4	5	4	3	2	1	3	3	4	4	2	5	4	1	2	3	5	2	5	5	5	3	3	3	1	3	5	5	1	5	3	4	3	5	4	1	5	4	1	5	3	5	3	4	4	3
AT4G38100	1	5	1	1	1	2	3	5	3	1	2	5	5	2	4	4	5	3	3	4	1	3	4	2	4	2	1	1	4	2	2	2	2	1	4	2	4	2	2	5	1	5	5	3	2	3	1	4	2	4	4	5	5	5	3	1	1	4	1	3	2	2	1	3	5	4	5	2	4	4	3	1	4	2	2	1	2	3	2	5	2	1	1	3	1	5	2	2	5	5	1	2	5	2	2	2	1	2	3	2
AT5G21430	3	1	3	2	3	1	1	1	5	5	5	2	3	3	1	5	2	4	4	4	4	1	1	3	2	5	2	2	3	5	3	1	1	3	3	1	1	1	3	2	3	4	4	1	4	1	4	3	3	3	3	2	3	1	5	5	4	1	4	1	1	3	4	1	3	2	1	1	2	2	5	5	3	1	3	4	5	5	1	3	3	5	1	5	2	2	1	1	1	1	4	4	1	5	4	5	2	4	1	5
AT3G21055	2	4	3	5	5	1	2	2	2	5	4	4	3	3	1	3	1	1	3	4	2	5	1	5	5	5	2	5	5	1	1	1	4	2	3	1	1	1	4	2	4	2	2	1	4	4	2	3	1	1	5	2	2	3	5	3	2	1	1	4	4	5	2	1	3	3	3	2	5	2	1	3	2	1	1	5	5	2	4	3	1	5	4	5	2	2	1	4	1	4	3	5	3	3	4	1	5	5	5	1
AT4G23890	5	1	4	2	3	4	1	1	5	2	5	1	2	1	1	5	3	2	4	3	5	2	3	4	3	5	5	3	2	4	5	5	1	4	1	4	3	3	3	4	3	1	4	4	4	3	5	1	3	3	3	2	4	1	4	5	4	3	2	1	3	3	4	4	2	5	4	1	2	3	5	2	5	5	5	3	3	3	1	3	5	5	1	5	3	4	3	5	4	1	5	4	1	5	3	5	3	4	4	3
AT4G38380	3	1	3	2	3	1	1	1	5	5	5	2	3	3	1	3	2	4	4	4	4	1	1	3	2	5	2	2	3	5	1	1	1	3	3	1	1	1	3	2	3	4	4	1	4	1	4	3	3	3	3	2	3	1	5	5	4	1	4	1	1	3	4	1	3	2	1	1	2	2	5	5	3	1	3	4	5	5	1	3	3	5	1	5	2	2	1	1	1	1	4	4	1	5	4	5	2	4	1	5
AT4G25910	4	2	5	4	4	2	2	4	1	4	1	5	1	4	5	2	5	3	2	2	3	4	5	1	1	1	1	1	4	3	4	4	2	5	2	3	5	4	1	3	2	3	1	5	3	2	1	2	5	2	1	1	5	4	1	4	3	4	5	5	5	1	3	2	1	1	2	4	3	1	2	4	1	3	4	2	1	4	3	2	2	2	2	2	4	1	5	3	3	5	2	1	2	1	5	3	4	3	3	4
AT2G43010	3	1	3	2	3	1	1	1	5	5	5	2	3	3	1	5	2	4	4	4	4	1	1	3	2	5	2	2	3	5	3	1	1	3	3	1	1	1	3	2	3	4	4	1	4	1	4	3	3	3	3	2	3	1	5	5	4	1	4	1	1	3	4	1	3	2	1	1	2	2	5	5	3	1	3	4	5	5	1	3	3	5	1	5	2	2	1	1	1	1	4	4	1	5	4	5	2	4	1	5
AT4G25050	1	4	2	4	5	5	5	2	4	1	3	3	4	5	3	1	4	5	2	1	2	4	5	1	1	4	4	4	5	1	4	3	3	2	5	5	2	5	5	1	4	2	3	5	5	2	3	5	4	5	2	3	1	2	2	4	5	2	3	4	4	4	5	5	1	1	2	2	3	5	2	3	2	4	4	2	1	1	5	1	1	3	2	4	5	1	4	3	3	3	1	3	3	4	1	4	5	1	2	1
AT1G51350	2	1	3	5	3	1	1	1	5	5	5	2	3	3	1	3	2	1	4	4	4	1	1	3	2	5	2	2	3	5	1	1	1	3	3	1	1	1	3	2	3	4	4	1	4	1	4	3	3	1	3	2	2	1	5	5	4	1	4	1	1	3	4	1	3	2	1	1	2	2	5	5	3	1	1	5	5	5	1	3	3	5	1	5	2	2	1	1	1	1	4	4	1	5	4	5	2	4	1	5
AT1G12250	3	1	3	2	3	1	1	1	5	2	5	2	2	3	1	5	2	4	4	4	4	1	1	3	2	5	5	2	3	5	3	1	1	3	1	1	1	1	3	2	3	1	4	1	4	1	4	1	3	3	3	2	3	1	5	5	4	1	4	1	3	3	4	1	3	2	4	1	2	3	5	5	3	5	3	3	3	5	1	3	5	5	1	5	3	4	1	5	4	1	5	4	1	5	4	5	2	4	4	3
AT2G41680	1	2	5	3	2	5	4	4	1	4	1	5	1	5	5	2	5	3	2	2	3	4	5	2	1	1	1	1	1	3	4	4	5	5	5	3	2	4	2	3	5	5	1	5	1	2	1	2	5	2	1	1	5	2	1	2	3	4	1	5	5	1	2	2	1	1	2	4	3	1	2	4	1	3	4	2	3	4	3	2	1	2	2	2	4	3	5	3	3	4	2	1	2	1	5	3	4	3	3	4
AT3G15110	3	1	3	2	3	1	1	1	5	2	5	2	2	3	1	5	2	4	4	4	4	1	1	3	2	5	5	2	2	5	3	1	1	3	1	1	1	1	3	2	3	1	4	1	4	1	4	1	3	3	3	2	3	1	5	5	4	1	4	1	3	3	4	1	3	2	4	1	2	3	5	5	3	5	3	3	3	5	1	3	5	5	1	5	3	4	1	5	4	1	5	4	1	5	4	5	2	4	4	3
AT2G40400	3	1	3	2	3	1	1	1	5	2	5	2	3	3	1	5	2	4	4	4	4	1	1	3	2	5	5	2	3	5	3	1	1	3	3	1	1	1	3	2	3	4	4	1	4	1	4	3	3	3	3	2	3	1	5	5	4	1	4	1	1	3	4	1	3	2	1	1	2	3	5	5	3	5	3	4	5	5	1	3	3	5	1	5	2	2	1	1	4	1	4	4	1	5	4	5	2	4	1	5
AT5G07020	2	4	5	5	5	1	2	2	2	5	4	4	3	2	3	3	1	1	3	5	2	5	1	5	5	5	2	5	5	1	1	1	4	2	5	5	1	5	4	1	4	2	2	1	4	4	2	3	1	1	5	2	2	3	5	3	2	1	1	4	4	5	2	5	3	3	3	2	5	2	1	3	2	1	1	5	5	2	4	4	1	5	4	5	2	2	1	4	1	4	3	5	3	3	4	1	5	5	5	1
AT5G16660	3	1	3	2	3	1	1	1	5	5	5	2	3	3	1	3	2	4	4	4	4	1	1	3	2	5	2	2	3	5	1	1	1	3	3	1	1	1	3	2	3	4	4	1	4	1	4	3	3	3	3	2	3	1	5	5	4	1	4	1	1	3	4	1	3	2	1	1	2	2	5	5	3	1	3	4	5	5	1	3	3	5	1	5	2	2	1	1	1	1	4	4	1	5	4	5	2	4	1	5
AT3G14420	1	2	5	3	2	2	2	4	1	4	1	5	1	4	5	2	5	3	2	2	3	4	5	2	1	1	1	1	4	3	4	4	2	5	2	3	4	4	1	3	4	5	1	5	1	2	1	2	5	2	1	1	5	2	1	2	3	2	5	5	5	1	3	2	1	1	2	4	4	1	2	1	1	3	4	2	1	4	3	4	2	2	2	1	4	3	5	3	3	5	2	1	2	1	5	3	4	3	3	4
AT1G79230	3	1	3	2	3	1	1	1	5	5	5	2	3	3	1	5	2	4	4	4	4	1	1	3	2	5	2	2	3	5	3	1	1	3	3	1	1	1	3	2	3	4	4	1	4	5	4	3	3	3	3	2	3	1	5	5	4	1	4	1	1	3	4	1	3	2	1	1	2	2	5	5	3	1	3	4	5	5	1	3	3	5	1	5	2	2	1	1	1	1	4	4	1	5	4	5	2	4	1	5
AT2G42220	3	1	3	2	3	1	1	1	5	5	5	2	3	3	1	3	2	4	4	4	4	1	1	3	2	5	2	2	3	5	3	1	1	3	3	1	1	1	3	2	3	4	4	1	4	1	4	3	3	3	3	2	3	1	5	5	4	1	4	1	1	3	4	1	3	2	1	1	2	2	5	5	3	1	3	4	5	5	1	3	3	5	1	5	2	2	1	1	1	1	4	4	1	5	4	5	2	4	1	5
AT1G67280	3	1	3	2	3	1	1	1	5	5	5	2	2	3	1	5	2	4	4	4	4	1	1	3	2	5	5	2	3	5	3	1	1	3	3	1	1	1	3	2	3	4	4	1	4	1	4	3	3	3	3	2	3	1	5	5	4	1	4	1	3	3	4	1	3	2	1	1	2	2	5	5	3	5	3	4	5	5	1	3	3	5	1	5	2	4	1	1	4	1	4	4	1	5	4	5	2	4	1	5
AT3G47450	1	2	2	3	4	2	2	5	1	1	1	5	1	4	1	5	4	3	2	1	1	2	4	1	1	1	3	4	4	3	4	4	2	4	2	5	2	4	1	4	2	5	5	5	5	2	1	2	5	2	1	1	5	5	1	4	2	2	5	2	2	1	3	5	5	1	2	4	4	1	5	4	1	2	4	2	1	4	3	2	2	4	3	1	4	5	5	4	2	4	2	1	2	4	3	3	4	1	3	4
AT5G08540	3	1	3	2	3	1	1	1	5	2	5	2	2	3	1	5	2	4	4	4	4	1	1	3	2	5	5	2	3	5	3	1	1	3	3	1	1	1	3	2	3	4	4	1	4	1	4	3	3	3	3	2	3	1	5	5	4	1	4	1	3	3	4	1	3	2	4	1	2	3	5	5	3	5	3	3	3	5	1	3	5	5	1	5	2	4	1	5	4	1	4	4	1	5	4	5	2	4	1	3
AT3G01480	1	3	2	4	4	3	5	3	4	3	1	3	4	5	2	1	5	5	1	1	3	4	5	1	1	2	3	4	5	3	2	2	3	2	2	5	5	2	1	1	1	3	3	2	3	1	1	5	1	4	5	4	1	5	2	3	3	5	4	2	4	1	3	2	5	1	2	5	3	5	2	3	1	4	4	1	4	1	5	4	2	3	2	4	4	1	4	3	5	3	1	3	4	4	1	3	4	1	2	2
AT4G31560	3	1	3	2	3	1	1	1	5	2	5	2	2	3	1	5	2	4	4	4	4	1	1	3	2	5	5	2	3	5	3	1	1	3	3	1	1	1	3	2	3	4	4	1	4	1	4	3	3	3	3	2	3	1	5	5	4	1	4	1	3	3	4	1	3	2	1	1	2	3	5	5	3	5	3	4	3	5	1	3	3	5	1	5	2	4	1	1	4	1	4	4	1	5	4	5	2	4	1	5
AT1G54580	3	1	3	2	3	1	1	1	5	2	5	2	2	3	1	5	2	4	4	4	4	1	1	3	2	5	5	2	3	5	3	1	1	3	3	1	1	1	3	2	3	4	4	1	4	1	4	3	3	3	3	2	3	1	5	5	4	1	4	1	3	3	4	1	3	2	1	1	2	3	5	5	3	5	3	4	5	5	1	3	3	5	1	5	2	4	1	1	4	1	4	4	1	5	4	5	2	4	1	5
AT1G73530	1	3	2	4	4	5	5	3	4	1	3	3	4	5	3	1	4	5	1	1	3	4	5	1	1	1	4	4	5	3	4	3	3	2	2	5	4	5	1	1	1	5	3	5	5	2	3	5	1	5	5	1	1	2	2	1	3	5	3	4	4	1	3	2	1	1	2	5	3	5	2	3	1	4	4	1	1	1	5	1	2	3	2	4	5	1	4	3	5	3	1	5	2	4	1	4	4	1	2	2
AT5G42270	5	1	4	3	1	4	3	5	5	2	3	1	2	1	1	5	3	2	5	3	5	2	3	4	3	3	5	3	1	4	5	5	5	5	1	4	3	3	3	4	4	1	4	4	4	2	5	1	3	2	1	4	4	2	4	2	3	3	1	3	5	1	2	4	2	5	2	3	1	3	4	4	5	5	5	3	3	3	3	3	4	5	3	5	3	3	3	3	2	1	2	1	1	1	3	5	3	3	3	2
AT1G54500	3	1	3	2	3	1	1	1	5	5	5	2	3	3	1	3	2	4	4	4	4	1	1	3	2	5	2	2	3	5	1	1	1	3	3	1	1	1	3	2	3	4	4	1	4	1	4	3	3	1	3	2	3	1	5	5	4	1	4	1	1	3	4	1	3	2	1	1	2	2	5	5	3	1	3	4	5	5	1	3	3	5	1	5	2	2	1	1	1	1	4	4	1	5	4	5	2	4	1	5
AT5G35170	5	1	4	2	3	4	1	1	5	2	5	1	2	1	1	5	3	2	4	3	5	2	3	4	3	3	5	3	2	4	5	5	1	4	1	4	3	3	3	4	3	1	4	4	4	3	5	1	3	3	3	4	4	1	4	5	4	3	2	1	3	3	4	4	2	5	4	1	1	3	5	2	5	5	5	3	3	3	1	3	5	5	1	5	3	4	3	5	4	1	5	4	1	5	3	5	3	4	4	3
AT1G80030	3	1	3	2	3	1	1	1	5	2	5	2	2	3	1	5	2	4	4	4	4	1	1	3	2	5	5	2	3	5	3	1	1	3	3	1	1	1	3	2	3	4	4	1	4	1	4	3	3	3	3	2	3	1	5	5	4	1	4	1	3	3	4	1	3	2	4	1	2	3	5	5	3	5	3	3	3	5	1	3	5	5	1	5	2	4	1	5	4	1	4	4	1	5	4	5	2	4	1	3
AT1G10170	3	1	3	2	3	1	1	1	5	5	5	2	3	3	1	5	2	4	4	4	4	1	1	3	2	5	2	2	3	5	3	1	1	3	3	1	1	1	3	2	3	4	4	1	4	1	4	3	3	3	3	2	3	1	5	5	4	1	4	1	1	3	4	1	3	2	1	1	2	2	5	5	3	1	3	4	5	5	1	3	3	5	1	5	2	2	1	1	4	1	4	4	1	5	4	5	2	4	1	5
AT5G12470	3	1	3	2	3	1	1	1	5	5	5	2	3	3	1	5	2	4	4	4	4	1	1	3	2	5	2	2	3	5	3	1	1	3	3	1	1	1	3	2	3	4	4	1	4	1	4	3	3	3	3	2	3	1	5	5	4	1	4	1	1	3	4	1	3	2	1	1	2	2	5	5	3	1	3	4	5	5	1	3	3	5	1	5	2	2	1	1	1	1	4	4	1	5	4	5	2	4	1	5
AT2G20260	5	1	4	2	3	4	1	1	5	2	5	1	2	1	1	5	3	2	4	3	5	2	3	4	3	5	5	3	2	4	5	5	1	4	1	4	3	3	3	4	3	1	4	4	4	3	5	1	3	3	3	2	4	1	4	5	4	3	2	1	3	3	4	4	2	5	4	1	2	3	5	2	5	5	5	3	3	3	1	3	5	5	1	5	3	4	3	5	4	1	5	4	1	5	3	5	3	4	4	3
AT1G03600	1	4	2	4	4	5	5	3	4	1	3	3	4	5	3	1	4	5	1	1	3	4	5	1	1	4	4	4	4	3	4	3	3	2	2	5	4	5	1	1	1	2	3	5	5	2	3	5	1	5	5	1	1	2	2	1	3	5	3	4	4	1	5	5	4	1	2	5	3	5	2	3	2	4	4	1	1	1	5	1	2	4	2	4	5	1	4	3	5	2	1	5	2	4	1	4	4	1	2	1
AT5G39830	3	1	3	2	3	1	1	1	5	2	5	2	2	3	1	5	2	4	4	4	4	1	1	3	2	5	5	2	3	5	3	1	1	3	3	1	1	1	3	2	3	4	4	1	4	1	4	3	3	3	3	2	3	1	5	5	4	1	4	1	3	3	4	1	3	2	4	1	2	3	5	5	3	5	3	4	3	5	1	3	5	5	1	5	2	4	1	5	4	1	4	4	1	5	4	5	2	4	1	3
AT1G20810	3	1	3	2	3	1	1	1	5	5	5	2	3	3	1	3	2	4	4	4	4	1	1	3	2	5	2	2	3	5	3	1	1	3	3	1	1	1	3	2	3	4	4	1	4	5	4	3	3	3	3	2	3	1	5	5	4	1	4	1	1	3	4	1	3	2	1	1	2	2	5	5	3	1	3	4	5	5	1	3	3	5	1	5	2	2	1	1	1	1	4	4	1	5	4	5	2	4	1	5
AT1G14150	5	1	4	2	3	4	1	1	5	2	5	1	2	1	1	5	3	2	4	3	5	2	3	4	3	5	5	3	2	4	5	5	1	4	1	4	3	3	3	4	3	1	4	4	4	3	5	1	3	3	3	2	4	1	4	5	4	3	2	1	3	3	4	4	2	5	4	1	2	3	5	2	5	5	5	3	3	3	1	3	5	5	1	5	3	4	3	5	4	1	5	4	1	5	3	5	3	4	4	3
AT2G41330	5	1	4	2	3	4	1	1	5	2	5	1	2	1	1	5	3	2	4	3	5	2	3	4	3	5	5	3	2	4	5	5	1	4	1	4	3	3	3	4	3	1	4	4	4	3	4	1	3	3	3	2	4	1	4	5	4	3	2	1	3	3	4	4	2	5	4	1	2	3	5	2	5	5	5	3	3	3	1	3	5	5	1	5	3	4	3	5	4	1	5	4	1	5	3	5	3	4	4	3
AT3G19490	5	2	4	2	1	4	4	5	5	2	5	1	2	1	1	5	3	2	5	3	5	4	3	4	3	3	5	3	1	3	5	5	5	4	1	4	3	3	3	4	4	1	4	4	4	2	3	1	3	3	1	4	4	1	4	2	3	3	1	3	5	1	2	4	2	1	2	3	1	3	4	2	5	5	5	3	3	3	3	4	4	2	3	5	3	3	3	3	2	1	2	1	1	1	3	5	3	3	5	2
AT3G17830	4	2	5	4	2	2	2	4	1	4	1	5	1	4	5	2	4	3	2	5	3	3	5	1	1	1	3	1	4	3	4	4	2	2	2	3	2	4	1	3	5	5	5	5	1	2	1	2	5	2	1	1	5	4	1	4	2	4	5	2	2	1	3	2	1	1	2	4	4	1	4	1	1	3	4	2	1	4	3	2	1	2	2	2	4	1	4	4	3	5	2	1	2	1	5	3	4	1	3	4
AT1G17850	3	1	3	2	3	1	1	1	5	5	5	2	2	3	1	5	2	4	4	4	4	1	1	3	2	5	5	2	3	5	3	1	1	3	3	1	1	1	3	2	3	4	4	1	4	1	4	3	3	3	3	2	3	1	5	5	4	1	4	1	1	3	4	1	3	2	1	1	2	2	5	5	3	5	3	4	5	5	1	3	3	5	1	5	2	2	1	1	4	1	4	4	1	5	4	5	2	4	1	5
AT2G01140	3	5	1	2	3	1	1	1	3	2	2	2	5	3	4	4	2	3	3	4	4	3	2	2	4	5	5	2	3	2	2	2	1	1	4	2	1	1	3	5	3	4	4	3	4	5	4	4	2	4	4	5	3	1	3	1	1	1	4	1	2	2	1	3	5	4	1	1	4	4	3	1	3	2	2	4	2	5	2	5	3	1	1	5	1	5	2	2	4	5	4	2	1	2	2	2	1	2	3	5
AT1G67700	5	1	4	2	3	4	1	1	5	2	5	1	2	1	1	5	3	2	5	3	5	2	3	4	3	3	5	3	2	4	5	5	1	4	1	4	3	3	3	4	3	1	4	4	4	3	5	1	3	3	1	4	4	1	4	2	4	3	2	1	3	3	4	4	2	5	4	1	1	3	4	2	5	5	5	3	3	3	1	3	5	5	3	5	3	4	3	5	2	1	5	4	1	5	3	5	3	4	4	3
AT5G01500	3	1	4	2	3	4	1	1	5	2	5	1	2	3	1	5	2	4	4	3	5	1	1	3	3	5	5	2	2	4	3	1	1	3	1	1	3	1	3	2	3	1	4	1	4	3	4	1	3	3	3	2	4	1	4	5	4	3	2	1	3	3	4	4	3	2	4	1	2	3	5	5	5	5	3	3	3	5	1	3	5	5	1	5	3	4	3	5	4	1	5	4	1	5	4	5	3	4	4	3
AT3G57680	3	1	3	2	3	1	1	1	5	5	5	2	3	3	1	5	2	4	4	4	4	1	1	3	2	5	2	2	3	5	3	1	1	3	3	1	1	1	3	2	3	4	4	1	4	1	4	3	3	3	3	2	3	1	5	5	4	1	4	1	1	3	4	1	3	2	1	1	2	2	5	5	3	1	3	4	5	5	1	3	3	5	1	5	2	2	1	1	4	1	4	4	1	5	4	5	2	4	1	5
AT4G16155	2	1	3	5	3	1	1	1	5	5	5	2	3	3	1	3	2	1	4	4	4	1	1	3	2	5	2	2	3	5	1	1	1	3	3	1	1	1	3	2	3	4	4	1	4	1	4	3	3	1	3	2	2	1	5	5	4	1	4	1	1	3	4	1	3	2	1	1	2	2	5	5	3	1	1	5	5	5	1	3	3	5	1	5	2	2	1	1	1	1	4	4	1	5	4	5	2	4	1	5
AT1G56500	3	1	3	5	3	1	1	1	5	5	5	2	3	3	1	3	2	4	4	4	4	1	1	3	2	5	2	2	3	5	3	1	1	3	3	1	1	1	3	2	3	4	4	1	4	1	4	3	3	1	3	2	3	1	5	5	4	1	5	1	1	3	4	1	3	2	1	1	2	2	5	5	3	1	3	4	5	5	1	3	3	5	3	5	2	2	1	1	1	1	4	4	1	5	4	5	2	4	1	3
AT1G22450	2	1	3	5	3	1	1	1	5	5	5	2	3	3	1	3	2	1	4	4	4	1	1	3	2	5	2	5	3	5	1	1	1	3	3	1	1	1	3	2	3	4	4	1	4	1	4	3	3	1	3	2	2	1	5	5	4	1	4	1	1	3	4	1	3	2	1	1	2	2	5	5	3	1	1	5	5	5	1	3	3	5	1	5	2	2	1	1	1	1	4	4	1	5	4	5	2	4	1	5
AT5G53170	2	1	3	5	3	1	1	1	5	5	5	2	3	3	1	3	2	1	4	4	4	1	1	3	2	5	2	2	3	5	1	1	1	3	3	1	1	1	3	2	3	4	4	1	4	1	4	3	3	1	3	2	2	1	5	5	4	1	4	1	1	3	4	1	3	2	1	1	2	2	5	5	3	1	1	4	5	5	1	3	3	5	1	5	2	2	1	1	1	1	4	4	1	5	4	5	2	4	1	5
AT5G15250	3	1	4	2	3	4	1	1	5	2	5	2	2	3	1	5	2	4	4	4	4	1	1	3	3	5	5	2	2	5	3	1	1	3	1	1	3	1	3	2	3	1	4	1	4	3	4	1	3	3	3	2	3	1	4	5	4	3	2	1	3	3	4	1	3	2	4	1	2	3	5	5	3	5	3	3	3	5	1	3	5	5	1	5	3	4	3	5	4	1	5	4	1	5	4	5	3	4	4	3
AT3G58010	3	1	3	2	3	1	1	1	5	5	5	2	3	3	1	3	2	4	4	4	4	1	1	3	2	5	2	2	3	5	1	1	1	3	3	1	1	1	3	2	3	4	4	1	4	1	4	3	3	1	3	2	3	1	5	5	4	1	4	1	1	3	4	1	3	2	1	1	2	2	5	5	3	1	3	4	5	5	1	3	3	5	1	5	2	2	1	1	1	1	4	4	1	5	4	5	2	4	1	5
AT2G29500	5	1	4	2	3	4	1	1	5	2	5	1	2	1	1	5	3	2	4	3	5	2	3	4	3	3	5	3	2	4	5	5	1	4	1	4	3	3	3	4	3	1	4	4	4	3	5	1	3	3	3	4	4	1	4	5	4	3	2	1	3	3	4	4	2	5	4	1	1	3	5	2	5	5	5	3	3	3	1	3	5	5	1	5	3	4	3	5	4	1	5	4	1	5	3	5	3	4	4	3
AT3G60370	3	1	3	2	3	1	1	1	5	5	5	2	3	3	1	5	2	4	4	4	4	1	1	3	2	5	2	2	3	5	3	1	1	3	3	1	1	1	3	2	3	4	4	1	4	1	4	3	3	1	3	2	3	1	5	5	4	1	4	1	1	3	4	1	3	2	1	1	2	2	5	5	3	1	3	4	5	5	1	3	3	5	1	5	2	2	1	1	1	1	4	4	1	5	4	5	2	4	1	5
AT1G50460	3	1	3	2	3	1	1	1	5	5	5	2	3	3	1	3	2	4	4	4	4	1	1	3	2	5	2	2	3	5	1	1	1	3	3	1	1	1	3	2	3	4	4	1	4	1	4	3	3	1	3	2	3	1	5	5	4	1	4	1	1	3	4	1	3	2	1	1	2	2	5	5	3	1	3	4	5	5	1	3	3	5	1	5	2	2	1	1	1	1	4	4	1	5	4	5	2	4	1	5
AT2G26800	5	1	4	2	3	4	1	1	5	2	5	1	2	1	1	5	3	4	4	3	5	2	3	4	3	5	5	3	2	4	3	5	1	4	1	4	3	3	3	2	3	1	4	1	4	3	4	1	3	3	3	2	4	1	4	5	4	3	2	1	3	3	4	4	2	2	4	1	2	3	5	2	5	5	5	3	3	5	1	3	5	5	1	5	3	4	3	5	4	1	5	4	1	5	3	5	3	4	4	3
AT1G21750	3	5	1	2	3	1	1	1	3	5	2	2	5	3	1	4	2	3	3	4	4	3	2	3	2	5	2	2	3	2	2	2	1	1	4	2	1	1	3	5	3	4	4	1	4	5	4	4	2	3	4	5	3	1	3	1	1	1	4	1	2	2	1	3	3	4	1	1	2	2	5	5	3	1	2	4	5	5	2	5	3	1	1	5	1	5	2	2	1	5	4	2	1	2	4	2	1	2	1	5
AT2G44990	5	1	4	2	3	4	1	1	5	2	5	1	2	1	1	5	3	2	4	3	5	2	3	4	3	3	5	3	2	4	5	5	1	4	1	4	3	3	3	4	3	1	4	4	4	3	5	1	3	3	3	4	4	1	4	5	4	3	2	1	3	3	4	4	2	5	4	1	2	3	5	2	5	5	5	3	3	3	1	3	5	5	1	5	3	4	3	5	4	1	5	4	1	5	3	5	3	4	4	3
AT1G30510	3	1	3	2	3	1	1	1	5	5	5	2	3	3	1	5	2	4	4	4	4	1	1	3	2	5	2	2	3	5	3	1	1	3	3	1	1	1	3	2	3	4	4	1	4	1	4	3	3	3	3	2	3	1	5	5	4	1	4	1	1	3	4	1	3	2	1	1	2	2	5	5	3	1	3	4	5	5	1	3	3	5	1	5	2	2	1	1	1	1	4	4	1	5	4	5	2	4	1	5
AT3G10130	3	1	3	2	3	1	1	1	5	5	5	2	3	3	1	5	2	4	4	4	4	1	1	3	2	5	2	2	3	5	3	1	1	3	3	1	1	1	3	2	3	4	4	1	4	1	4	3	3	3	3	2	3	1	5	5	4	1	4	1	1	3	4	1	3	2	1	1	2	2	5	5	3	5	3	4	5	5	1	3	3	5	1	5	2	2	1	1	4	1	4	4	1	5	4	5	2	4	1	5
AT3G22690	3	1	3	2	3	1	1	1	5	5	5	2	3	3	1	5	2	4	4	4	4	1	1	3	2	5	2	2	3	5	3	1	1	3	3	1	1	1	3	2	3	4	4	1	4	1	4	3	3	3	3	2	3	1	5	5	4	1	4	1	1	3	4	1	3	2	1	1	2	2	5	5	3	1	3	4	5	5	1	3	3	5	1	5	2	2	1	1	4	1	4	4	1	5	4	5	2	4	1	5
AT1G54050	3	1	3	2	3	1	1	1	5	2	5	2	2	3	1	5	2	4	4	4	4	1	1	3	2	5	5	2	3	5	3	1	1	3	3	1	1	1	3	2	3	4	4	1	4	3	4	3	3	3	3	2	3	1	5	5	4	1	4	1	3	3	4	1	3	2	4	1	2	3	5	5	3	5	3	4	3	5	1	3	5	5	1	5	2	4	1	5	4	1	4	4	1	5	4	5	2	4	1	5
AT1G55370	3	1	3	2	3	1	1	1	5	5	5	2	3	3	1	5	2	4	4	4	4	1	1	3	2	5	5	2	3	5	3	1	1	3	3	1	1	1	3	2	3	4	4	1	4	1	4	3	3	3	3	2	3	1	5	5	4	1	4	1	1	3	4	1	3	2	1	1	2	2	5	5	3	5	3	4	5	5	1	3	3	5	1	5	2	2	1	1	4	1	4	4	1	5	4	5	2	4	1	5
AT4G35770	3	1	3	2	3	1	1	1	5	5	5	2	3	3	1	5	2	4	4	4	4	1	1	3	2	5	2	2	3	5	3	1	1	3	3	1	1	1	3	2	3	4	4	1	4	1	4	3	3	3	3	2	3	1	5	5	4	1	4	1	1	3	4	1	3	2	1	1	2	2	5	5	3	1	3	4	5	5	1	3	3	5	1	5	2	2	1	1	4	1	4	4	1	5	4	5	2	4	1	5
AT3G56040	1	4	5	4	5	5	5	2	2	1	3	4	4	2	3	1	4	5	5	5	1	4	5	5	5	4	3	4	4	1	4	3	4	2	5	5	2	5	4	1	4	2	3	5	5	4	3	2	1	5	5	3	1	5	1	4	1	5	3	4	4	5	5	5	4	3	5	2	3	5	1	3	2	4	4	2	1	1	5	4	1	4	5	4	5	1	4	3	3	2	1	5	3	3	1	1	4	5	5	1
AT1G27510	5	1	4	2	3	4	1	1	5	2	5	1	2	1	1	5	3	2	4	3	5	2	3	4	3	3	5	3	2	4	5	5	1	4	1	4	3	3	3	4	3	1	4	4	4	3	5	1	3	3	3	4	4	1	4	5	4	3	2	1	3	3	4	4	2	5	4	1	1	3	5	2	5	5	5	3	3	3	1	3	5	5	1	5	3	4	3	5	4	1	5	4	1	5	3	5	3	4	4	3
AT5G59250	2	1	3	5	3	1	1	1	5	5	5	2	3	3	1	3	2	1	4	4	4	1	1	3	2	5	2	2	3	5	1	1	1	3	3	1	1	1	3	2	3	4	4	1	4	1	4	3	3	1	3	2	3	1	5	5	4	1	4	1	1	3	4	1	3	2	1	1	2	2	5	5	3	1	1	5	5	5	1	3	3	5	1	5	2	2	1	1	1	1	4	4	1	5	4	5	2	4	1	5
AT1G75690	2	1	3	5	3	1	1	1	5	5	4	2	3	3	1	3	2	1	4	4	4	1	1	3	2	5	2	5	3	5	1	1	1	3	3	1	1	1	3	2	3	4	4	1	4	1	4	3	3	1	3	2	2	1	5	5	4	1	4	1	1	3	4	1	3	2	1	1	5	2	5	5	3	1	1	5	5	5	1	3	3	5	1	5	2	2	1	1	1	1	4	4	1	5	4	5	2	4	1	5
AT4G01900	3	1	3	2	3	1	1	1	5	5	5	2	3	3	1	5	2	4	4	4	4	1	1	3	2	5	5	2	3	5	3	1	1	3	3	1	1	1	3	2	3	4	4	1	4	5	4	3	3	3	3	2	3	1	5	5	4	1	4	1	1	3	4	1	3	2	1	1	2	2	5	5	3	5	3	4	5	5	1	3	3	5	1	5	2	4	1	1	4	1	4	4	1	5	4	5	2	4	1	5
AT2G18790	5	1	4	2	3	4	1	1	5	2	5	1	2	1	1	5	3	2	5	3	5	2	3	4	3	3	5	3	1	4	5	5	5	4	1	4	3	3	3	4	3	1	4	4	4	2	5	1	3	3	1	4	4	1	4	2	4	3	5	1	5	3	2	4	2	5	4	3	1	3	4	2	5	5	5	3	3	3	1	3	4	5	3	5	3	4	3	3	2	1	5	4	1	5	3	5	3	3	4	3
AT1G78915	3	1	3	2	3	1	1	1	5	2	5	2	2	3	1	5	2	4	4	4	4	3	2	3	2	5	5	2	3	5	3	1	1	3	3	1	1	1	3	2	3	4	4	1	4	5	4	3	3	3	3	2	3	1	5	5	4	1	4	1	3	3	1	1	3	2	4	1	2	3	5	5	3	5	3	4	3	5	1	3	5	5	1	5	1	4	1	2	4	1	4	4	1	5	4	5	2	4	1	5
AT3G24590	3	1	3	2	3	1	1	1	5	5	5	2	3	3	1	5	2	4	4	4	4	1	1	3	2	5	2	2	3	5	3	1	1	3	3	1	1	1	3	2	3	4	4	1	4	1	4	3	3	3	3	2	3	1	5	5	4	1	4	1	1	3	4	1	3	2	1	1	2	2	5	5	3	1	3	4	5	5	1	3	3	5	1	5	2	2	1	1	1	1	4	4	1	5	4	5	2	4	1	5
AT2G01918	5	1	4	2	3	4	1	1	5	2	5	1	2	1	1	5	3	4	4	3	5	2	3	4	3	5	5	3	2	4	3	5	1	3	1	4	3	3	3	4	3	1	4	4	4	3	4	1	3	3	3	2	4	1	4	5	4	3	2	1	3	3	4	4	2	2	4	1	2	3	5	2	5	5	5	3	3	3	1	3	5	5	1	5	3	4	3	5	4	1	5	4	1	5	3	5	3	4	4	3
AT1G52220	3	1	3	2	3	1	1	1	5	5	5	2	3	3	1	5	2	4	4	4	4	1	1	3	2	5	2	2	3	5	3	1	1	3	3	1	1	1	3	2	3	4	4	1	4	1	4	3	3	3	3	2	3	1	5	5	4	1	4	1	1	3	4	1	3	2	1	1	2	2	5	5	3	1	3	4	5	5	1	3	3	5	1	5	2	2	1	1	4	1	4	4	1	5	4	5	2	4	1	5
AT3G15360	3	1	3	2	3	1	1	1	5	5	5	2	3	3	1	5	2	4	4	4	4	1	1	3	2	5	2	2	3	5	3	1	1	3	3	1	1	1	3	2	3	4	4	1	4	1	4	3	3	3	3	2	3	1	5	5	4	1	4	1	1	3	4	1	3	2	1	1	2	2	5	5	3	1	3	4	5	5	1	3	3	5	1	5	2	2	1	1	1	1	4	4	1	5	4	5	2	4	1	5
AT1G65260	3	5	1	2	3	1	1	1	3	5	2	2	5	3	1	4	2	4	3	4	4	3	2	3	2	5	2	2	3	2	2	2	1	1	4	2	1	1	3	5	3	4	4	1	4	5	4	4	2	3	4	5	3	1	3	1	1	1	4	1	2	2	1	3	3	4	1	1	2	2	5	5	3	5	2	4	5	5	2	5	3	1	1	5	1	5	2	2	4	5	4	2	1	2	2	2	1	2	1	5
AT4G04020	3	1	3	2	3	1	1	1	5	2	5	2	2	3	1	5	2	4	4	4	4	1	1	3	2	5	5	2	3	5	3	1	1	3	1	1	1	1	3	2	3	4	4	1	4	1	4	3	3	3	3	2	3	1	5	5	4	1	4	1	3	3	4	1	3	2	4	1	2	3	5	5	3	5	3	4	3	5	1	3	5	5	1	5	2	4	1	5	4	1	4	4	1	5	4	5	2	4	4	3
AT1G32500	2	1	2	5	3	1	4	5	5	5	4	2	3	5	1	3	2	1	2	2	2	4	1	3	2	5	4	5	5	1	1	1	5	3	3	1	1	1	3	2	5	4	4	1	4	2	3	3	4	1	2	2	2	1	5	2	5	1	5	1	5	4	2	1	3	1	2	3	1	2	4	5	3	1	1	5	5	5	5	3	4	5	2	5	2	3	1	3	3	4	2	3	1	5	4	5	5	3	5	1
AT3G47060	5	1	4	2	3	4	1	1	5	2	5	1	2	1	1	5	3	2	4	3	5	2	3	4	3	5	5	3	2	4	5	5	1	4	1	4	3	3	3	4	3	1	4	4	4	3	5	1	3	3	3	2	4	1	4	5	4	3	2	1	3	3	4	4	2	5	4	1	2	3	5	2	5	5	5	3	3	3	1	3	5	5	1	5	3	4	3	5	4	1	5	4	1	5	3	5	3	4	4	3
AT2G26550	2	4	2	5	5	5	5	2	2	1	4	4	4	5	3	1	1	5	2	2	2	4	5	1	5	4	4	5	5	1	4	3	4	2	5	5	2	5	5	1	5	2	2	1	5	2	3	5	4	5	2	3	2	3	2	3	5	2	3	4	4	4	2	5	1	1	3	2	5	2	2	3	2	4	1	2	5	2	5	4	1	3	2	4	5	3	5	3	3	4	1	3	3	4	1	4	5	5	5	1
AT4G20820	3	1	3	2	3	1	1	1	5	5	5	2	3	3	1	5	2	4	4	4	4	1	1	3	2	5	2	2	3	5	3	1	1	3	3	1	1	1	3	2	3	4	4	1	4	1	4	3	3	3	3	2	3	1	5	5	4	1	4	1	1	3	4	1	3	2	1	1	2	2	5	5	3	1	3	4	5	5	1	3	3	5	1	5	2	2	1	1	1	1	4	4	1	5	4	5	2	4	1	5
AT1G74070	3	1	3	2	3	1	1	1	5	5	5	2	3	3	1	5	2	4	4	4	4	1	1	3	2	5	2	2	3	5	3	1	1	3	3	1	1	1	3	2	3	4	4	1	4	5	4	3	3	3	3	2	3	1	5	5	4	1	4	1	1	3	4	1	3	2	1	1	2	2	5	5	3	1	3	4	5	5	1	3	3	5	1	5	2	2	1	1	1	1	4	4	1	5	4	5	2	4	1	5
AT3G53560	3	1	3	2	3	1	1	1	5	5	5	2	3	3	1	3	2	4	4	4	4	1	1	3	2	5	2	2	3	5	1	1	1	3	3	1	1	1	3	2	3	4	4	1	4	5	4	3	3	3	3	2	3	1	5	5	4	1	4	1	1	3	4	1	3	2	1	1	2	2	5	5	3	1	3	4	5	5	1	3	3	5	1	5	2	2	1	1	1	1	4	4	1	5	4	5	2	4	1	5
AT5G53490	3	1	3	2	3	1	1	1	5	5	5	2	3	3	1	3	2	4	4	4	4	1	1	3	2	5	2	2	3	5	1	1	1	3	3	1	1	1	3	2	3	4	4	1	4	5	4	3	3	3	3	2	3	1	5	5	4	1	4	1	1	3	4	1	3	2	1	1	2	2	5	5	3	1	3	4	5	5	1	3	3	5	1	5	2	2	1	1	1	1	4	4	1	5	4	5	2	4	1	5
AT2G42975	3	1	3	2	3	1	1	1	5	5	5	2	3	3	1	5	2	4	4	4	4	1	1	3	2	5	2	2	3	5	3	1	1	3	3	1	1	1	3	2	3	4	4	1	4	1	4	3	3	3	3	2	3	1	5	5	4	1	4	1	1	3	4	1	3	2	1	1	2	2	5	5	3	1	3	4	5	5	1	3	3	5	1	5	2	2	1	1	1	1	4	4	1	5	4	5	2	4	1	5
AT2G20270	3	1	3	2	3	1	1	1	5	5	5	2	3	3	1	5	2	4	4	4	4	1	1	3	2	5	2	2	3	5	3	1	1	3	3	1	1	1	3	2	3	4	4	1	4	1	4	3	3	3	3	2	3	1	5	5	4	1	4	1	1	3	4	1	3	2	1	1	2	2	5	5	3	1	3	4	5	5	1	3	3	5	1	5	2	2	1	1	4	1	4	4	1	5	4	5	2	4	1	5
AT2G29180	5	1	4	2	3	4	1	1	5	2	5	1	2	1	1	5	3	2	5	3	5	2	3	4	3	3	5	3	1	4	5	5	5	4	1	4	3	3	3	4	3	1	4	4	4	2	5	1	3	3	1	4	4	1	4	2	4	3	5	1	3	3	4	4	2	5	4	3	1	3	4	2	5	5	5	3	3	3	1	3	4	5	3	5	3	4	3	5	2	1	5	4	1	5	3	5	3	3	4	3
AT3G01440	5	1	4	2	3	4	1	1	5	2	5	1	2	1	1	5	3	2	4	3	5	2	3	4	3	5	5	3	2	4	5	5	1	4	1	4	3	3	3	4	3	1	4	4	4	3	4	1	3	3	3	2	4	1	4	5	4	3	2	1	3	3	4	4	2	5	4	1	2	3	5	2	5	5	5	3	3	3	1	3	5	5	1	5	3	4	3	5	4	1	5	4	1	5	3	5	3	4	4	3
AT1G76760	3	1	3	2	3	1	1	1	5	2	5	2	2	3	1	5	2	4	4	4	4	1	1	3	2	5	5	2	2	5	3	1	1	3	1	1	1	1	3	2	3	1	4	1	4	1	4	1	3	3	3	2	3	1	5	5	4	1	4	1	3	3	4	1	3	2	4	1	2	3	5	5	3	5	3	3	3	5	1	3	5	5	1	5	3	4	1	5	4	1	5	4	1	5	4	5	2	4	4	3
AT2G26360	4	2	2	4	4	5	2	4	1	4	1	5	1	4	5	2	5	3	2	2	3	4	5	1	1	1	1	1	4	3	4	4	2	5	2	3	2	4	2	3	2	3	1	5	3	2	1	2	5	2	1	1	5	2	1	4	3	2	5	5	5	1	3	2	1	1	2	4	3	1	2	4	1	3	4	2	1	4	3	2	2	2	2	1	4	1	5	3	3	4	2	1	2	1	5	3	4	3	3	4
AT4G13670	3	1	3	2	3	1	1	1	5	5	5	2	3	3	1	5	2	4	4	4	4	1	1	3	2	5	2	2	3	5	3	1	1	3	3	1	1	1	3	2	3	4	4	1	4	1	4	3	3	3	3	2	3	1	5	5	4	1	4	1	1	3	4	1	3	2	1	1	2	2	5	5	3	1	3	4	5	5	1	3	3	5	1	5	2	2	1	1	1	1	4	4	1	5	4	5	2	4	1	5
AT2G35040	3	1	3	2	3	1	1	1	5	5	5	2	3	3	1	3	2	4	4	4	4	1	1	3	2	5	2	2	3	5	1	1	1	3	3	1	1	1	3	2	3	4	4	1	4	1	4	3	3	1	3	2	3	1	5	5	4	1	4	1	1	3	4	1	3	2	1	1	2	2	5	5	3	1	3	4	5	5	1	3	3	5	1	5	2	2	1	1	1	1	4	4	1	5	4	5	2	4	1	5
AT1G65230	2	4	5	5	5	5	2	2	2	5	4	4	3	2	3	3	1	1	3	5	2	5	1	5	5	4	4	5	5	1	1	1	4	2	5	5	1	5	4	1	4	2	2	1	5	4	2	3	1	5	5	2	2	3	5	3	2	2	1	4	4	5	2	5	3	3	3	2	5	2	1	3	2	1	1	5	5	2	4	4	1	3	4	5	5	2	1	4	1	4	3	5	3	3	4	1	5	5	5	1
AT1G03850	3	5	3	5	3	1	1	1	3	5	2	2	3	3	1	3	2	4	4	4	4	3	2	3	2	5	2	2	3	5	1	2	1	3	3	1	1	1	3	2	3	4	4	1	4	5	4	3	2	1	4	2	3	1	5	5	4	1	4	1	1	2	1	1	3	4	1	1	2	2	5	5	3	1	3	5	5	5	2	3	3	5	1	5	2	2	1	2	1	1	4	2	1	5	4	2	2	2	1	5
AT1G50250	3	1	3	2	3	1	1	1	5	5	5	2	3	3	1	5	2	4	4	4	4	1	1	3	2	5	2	2	3	5	3	1	1	3	3	1	1	1	3	2	3	4	4	1	4	1	4	3	3	3	3	2	3	1	5	5	4	1	4	1	1	3	4	1	3	2	1	1	2	2	5	5	3	1	3	4	5	5	1	3	3	5	1	5	2	2	1	1	1	1	4	4	1	5	4	5	2	4	1	5
AT2G40760	3	1	3	2	3	1	1	1	5	5	5	2	3	3	1	5	2	4	4	4	4	1	1	3	2	5	2	2	3	5	3	1	1	3	3	1	1	1	3	2	3	4	4	1	4	1	4	3	3	3	3	2	3	1	5	5	4	1	4	1	1	3	4	1	3	2	1	1	2	2	5	5	3	1	3	4	5	5	1	3	3	5	1	5	2	2	1	1	4	1	4	4	1	5	4	5	2	4	1	5
AT2G26340	2	4	5	5	5	1	2	2	2	5	4	4	3	3	1	3	1	1	3	5	2	5	1	5	5	5	2	5	5	1	1	1	4	2	3	1	1	5	4	1	4	2	2	1	4	4	2	3	1	1	5	2	2	3	5	3	2	1	1	4	4	5	2	1	3	3	3	2	5	2	1	3	2	1	1	5	5	2	4	4	1	5	4	5	2	2	1	4	1	4	3	5	3	3	4	1	5	5	5	1
AT5G08050	2	4	3	5	5	1	2	2	2	5	4	4	3	3	1	3	1	1	3	4	2	5	1	5	2	5	2	5	5	1	1	1	4	3	3	1	1	1	4	2	4	4	2	1	4	4	2	3	1	1	5	2	2	3	5	3	2	1	1	4	4	5	2	1	3	3	3	2	5	2	1	3	2	1	1	5	5	2	4	3	1	5	4	5	2	2	1	4	1	4	3	5	3	3	4	1	5	5	5	1
AT1G22020	3	1	3	5	3	1	1	1	5	5	5	2	3	3	1	3	2	4	4	4	4	1	1	3	2	5	2	2	3	5	1	1	1	3	3	1	1	1	3	2	3	4	4	1	4	1	4	3	3	1	3	2	3	1	5	5	4	1	4	1	1	3	4	1	3	2	1	1	2	2	5	5	3	1	3	4	5	5	1	3	3	5	1	5	2	2	1	1	1	1	4	4	1	5	4	5	2	4	1	5
AT5G16150	3	1	3	2	3	1	1	1	5	5	5	2	3	3	1	3	2	4	4	4	4	1	1	3	2	5	2	2	3	5	1	1	1	3	3	1	1	1	3	2	3	4	4	1	4	1	4	3	3	3	3	2	3	1	5	5	4	1	4	1	1	3	4	1	3	2	1	1	2	2	5	5	3	1	3	4	5	5	1	3	3	5	1	5	2	2	1	1	1	1	4	4	1	5	4	5	2	4	1	5
AT4G24750	3	1	3	2	3	1	1	1	5	5	5	2	3	3	1	5	2	4	4	4	4	1	1	3	2	5	5	2	3	5	3	1	1	3	3	1	1	1	3	2	3	4	4	1	4	1	4	3	3	3	3	2	3	1	5	5	4	1	4	1	1	3	4	1	3	2	1	1	2	2	5	5	3	5	3	4	5	5	1	3	3	5	1	5	2	2	1	1	4	1	4	4	1	5	4	5	2	4	1	5
AT4G01050	3	1	3	2	3	1	1	1	5	2	5	2	2	3	1	5	2	4	4	4	4	1	1	3	2	5	5	2	3	5	3	1	1	3	3	1	1	1	3	2	3	4	4	1	4	1	4	3	3	3	3	2	3	1	5	5	4	1	4	1	3	3	4	1	3	2	1	1	2	3	5	5	3	5	3	4	3	5	1	3	3	5	1	5	2	4	1	1	4	1	4	4	1	5	4	5	2	4	1	5
AT1G02560	5	1	4	2	3	4	1	1	5	2	5	1	2	1	1	5	3	2	4	3	5	2	3	4	3	3	5	3	2	4	5	5	1	4	1	4	3	3	3	4	3	1	4	4	4	3	5	1	3	3	3	4	4	1	4	5	4	3	2	1	3	3	4	4	2	5	4	1	2	3	5	2	5	5	5	3	3	3	1	3	5	5	1	5	3	4	3	5	4	1	5	4	1	5	3	5	3	4	4	3
AT1G18730	3	1	3	2	3	1	1	1	5	2	5	2	2	3	1	5	2	4	4	4	4	1	1	3	2	5	5	2	3	5	3	1	1	3	1	1	1	1	3	2	3	1	4	1	4	3	4	1	3	3	3	2	3	1	5	5	4	1	4	1	3	3	4	1	3	2	4	1	2	3	5	5	3	5	3	4	3	5	1	3	5	5	1	5	3	4	3	5	4	1	5	4	1	5	4	5	2	4	4	5
AT3G46780	3	1	3	5	3	1	1	1	5	5	5	2	3	3	1	3	2	4	4	4	4	1	1	3	2	5	2	2	3	5	1	1	1	3	3	1	1	1	3	2	3	4	4	1	4	1	4	3	3	1	3	2	3	1	5	5	4	1	4	1	1	3	4	1	3	2	1	1	2	2	5	5	3	1	3	4	5	5	1	3	3	5	1	5	2	2	1	1	1	1	4	4	1	5	4	5	2	4	1	5
AT1G79450	3	1	3	2	3	1	1	1	5	5	5	2	3	3	1	5	2	4	4	4	4	1	1	3	2	5	2	2	3	5	3	1	1	3	3	1	1	1	3	2	3	4	4	1	4	5	4	3	3	3	3	2	3	1	5	5	4	1	4	1	1	3	4	1	3	2	1	1	2	2	5	5	3	1	3	4	5	5	1	3	3	5	1	5	2	2	1	1	1	1	4	4	1	5	4	5	2	4	1	5
AT1G06690	3	1	3	2	3	1	1	1	5	5	5	2	3	3	1	5	2	4	4	4	4	1	1	3	2	5	2	2	3	5	3	1	1	3	3	1	1	1	3	2	3	4	4	1	4	1	4	3	3	3	3	2	3	1	5	5	4	1	4	1	1	3	4	1	3	2	1	1	2	2	5	5	3	1	3	4	5	5	1	3	3	5	1	5	2	2	1	1	4	1	4	4	1	5	4	5	2	4	1	5
AT1G23740	3	1	3	2	3	1	1	1	5	5	5	2	3	3	1	5	2	4	4	4	4	1	1	3	2	5	2	2	3	5	3	1	1	3	3	1	1	1	3	2	3	4	4	1	4	1	4	3	3	3	3	2	3	1	5	5	4	1	4	1	1	3	4	1	3	2	1	1	2	2	5	5	3	1	3	4	5	5	1	3	3	5	1	5	2	2	1	1	4	1	4	4	1	5	4	5	2	4	1	5
AT3G46610	1	4	2	4	5	5	5	2	4	1	3	4	4	2	3	1	4	5	2	1	2	4	5	1	5	4	4	4	5	1	4	3	4	2	5	5	2	5	5	1	4	2	3	5	5	4	3	5	4	5	2	3	1	2	2	4	5	2	3	4	4	4	5	5	1	1	2	2	3	5	2	3	2	4	4	2	1	1	5	1	1	3	2	4	5	1	4	3	3	3	1	3	3	4	1	4	5	1	2	1
AT1G29920	3	1	3	2	3	1	1	1	5	5	5	2	3	3	1	5	2	4	4	4	4	1	1	3	2	5	2	2	3	5	3	1	1	3	3	1	1	1	3	2	3	4	4	1	4	1	4	3	3	3	3	2	3	1	5	5	4	1	4	1	1	3	4	1	3	2	1	1	2	2	5	5	3	1	3	4	5	5	1	3	3	5	1	5	2	2	1	1	1	1	4	4	1	5	4	5	2	4	1	5
AT1G50450	1	5	1	1	1	2	3	5	3	1	2	5	5	2	4	4	5	3	3	4	1	3	4	2	4	2	1	1	4	2	2	2	2	1	4	2	4	2	2	5	1	5	5	3	2	3	1	4	2	4	4	5	5	5	3	1	1	4	5	3	2	2	1	3	5	4	5	2	4	4	3	1	4	2	2	1	2	3	2	5	2	1	1	3	1	5	2	2	5	5	1	2	5	2	2	2	1	2	3	2
AT2G17630	5	1	4	2	3	4	1	1	5	2	5	1	2	1	1	5	3	2	4	3	5	2	3	4	3	5	5	3	2	4	5	5	1	4	1	4	3	3	3	4	3	1	4	4	4	3	5	1	3	3	3	2	4	1	4	5	4	3	2	1	3	3	4	4	2	5	4	1	2	3	5	2	5	5	5	3	3	3	1	3	5	5	1	5	3	4	3	5	4	1	5	4	1	5	3	5	3	4	4	3
AT1G14590	3	1	3	2	3	1	1	1	5	2	5	2	2	3	1	5	2	4	4	4	4	1	1	3	2	5	5	2	3	5	3	1	1	3	3	1	1	1	3	2	3	4	4	1	4	1	4	3	3	3	3	2	3	1	5	5	4	1	4	1	3	3	4	1	3	2	4	1	2	3	5	5	3	5	3	4	3	5	1	3	5	5	1	5	2	4	1	5	4	1	4	4	1	5	4	5	2	4	1	5
AT1G54790	3	5	1	2	3	1	1	1	3	2	2	2	5	3	4	4	2	3	3	4	4	3	2	3	2	5	5	2	3	2	2	2	1	1	4	2	1	1	3	5	3	4	4	3	4	5	4	4	2	3	4	5	3	1	3	1	1	1	4	1	2	2	1	3	3	4	1	1	2	3	5	1	3	5	2	4	2	5	2	5	3	1	1	5	1	5	2	2	4	5	4	2	1	2	2	2	1	2	1	5
AT2G22360	3	1	3	2	3	1	1	1	5	5	5	2	3	3	1	3	2	4	4	4	4	1	1	3	2	5	2	2	3	5	3	1	1	3	3	1	1	1	3	2	3	4	4	1	4	1	4	3	3	3	3	2	3	1	5	5	4	1	4	1	1	3	4	1	3	2	1	1	2	2	5	5	3	1	3	4	5	5	1	3	3	5	1	5	2	2	1	1	1	1	4	4	1	5	4	5	2	4	1	5
AT4G39960	3	1	3	2	3	1	1	1	5	2	5	2	2	3	1	5	2	4	4	4	4	1	1	3	2	5	5	2	3	5	3	1	1	3	1	1	1	1	3	2	3	4	4	1	4	1	4	1	3	3	3	2	3	1	5	5	4	1	4	1	3	3	4	1	3	2	4	1	2	3	5	5	3	5	3	4	3	5	1	3	5	5	1	5	3	4	1	5	4	1	4	4	1	5	4	5	2	4	4	3
AT1G15820	3	1	3	2	3	1	1	1	5	5	5	2	3	3	1	5	2	4	4	4	4	1	1	3	2	5	2	2	3	5	3	1	1	3	3	1	1	1	3	2	3	4	4	1	4	1	4	3	3	3	3	2	3	1	5	5	4	1	4	1	1	3	4	1	3	2	1	1	2	2	5	5	3	1	3	4	5	5	1	3	3	5	1	5	2	2	1	1	1	1	4	4	1	5	4	5	2	4	1	5
AT5G52440	2	4	3	5	5	1	1	2	2	5	4	2	3	3	1	3	1	1	3	2	2	5	1	5	5	5	4	5	5	1	1	1	4	2	3	1	1	1	4	2	5	2	2	1	4	2	2	3	4	1	2	2	2	3	5	3	5	1	1	4	4	5	2	1	3	3	3	2	5	2	1	3	2	1	1	5	5	2	4	3	3	5	4	5	2	2	1	1	1	4	3	5	1	5	4	5	5	5	5	1
AT1G74880	1	5	1	1	1	2	3	5	3	1	2	5	5	1	4	4	5	3	3	4	1	3	2	2	4	2	1	1	4	2	2	2	2	1	4	2	4	2	2	5	1	1	5	3	2	3	1	4	2	4	4	5	5	5	3	1	1	4	4	3	2	2	1	3	5	4	5	2	4	4	3	1	5	2	2	1	2	3	2	5	2	1	1	3	1	5	2	2	3	5	1	2	5	2	2	4	1	2	3	3
AT3G28850	2	1	3	5	3	1	1	1	5	5	5	2	3	3	1	3	2	1	4	4	4	1	1	3	2	5	2	2	3	5	1	1	1	3	3	1	1	1	3	2	3	4	4	1	4	1	4	3	3	1	3	2	3	1	5	5	4	1	4	1	1	3	4	1	3	2	1	1	2	2	5	5	3	1	1	5	5	5	1	3	3	5	1	5	2	2	1	1	1	1	4	4	1	5	4	5	2	4	1	5
AT5G02160	3	1	4	2	3	4	1	1	5	2	5	2	2	3	1	5	2	4	4	4	4	1	1	3	3	5	5	2	2	5	3	1	1	3	1	1	3	1	3	2	3	1	4	1	4	3	4	1	3	3	3	2	3	1	4	5	4	3	2	1	3	3	4	1	3	2	4	1	2	3	5	5	3	5	3	4	3	5	1	3	5	5	1	5	3	4	3	5	4	1	5	4	1	5	4	5	3	4	4	3
AT4G33520	1	3	2	4	4	3	2	3	4	3	1	3	4	5	2	4	5	5	1	1	3	4	5	1	1	2	3	4	2	3	2	2	3	2	2	3	5	2	1	1	1	3	5	2	3	2	1	5	1	4	3	4	1	5	1	4	3	5	4	2	4	1	3	2	5	1	5	4	3	5	2	4	1	4	4	1	4	4	3	4	2	4	2	4	4	1	5	3	5	3	1	1	4	4	1	3	4	1	2	4
AT1G80380	5	1	4	2	1	4	3	5	5	2	5	1	2	1	1	5	3	2	5	3	5	2	3	4	3	3	5	3	1	4	5	5	5	4	1	4	3	3	3	4	3	1	4	4	4	2	5	1	3	2	1	4	4	1	4	2	3	3	1	3	5	1	2	4	2	5	4	3	1	3	4	2	5	5	5	3	3	3	3	3	4	5	3	5	3	3	3	3	2	1	5	1	1	1	3	5	3	3	3	2
AT5G01220	2	4	3	5	5	1	2	2	2	5	4	4	3	3	1	3	1	1	3	4	2	5	1	5	5	5	2	5	5	1	1	1	4	2	3	1	1	1	4	2	4	2	2	1	4	4	2	3	1	1	5	2	2	3	5	3	2	1	1	4	4	5	2	1	3	3	3	2	5	2	1	3	2	1	1	5	5	2	4	3	1	5	4	5	2	2	1	4	1	4	3	5	3	3	4	1	5	5	5	1
AT2G27290	3	1	3	2	3	1	1	1	5	5	5	2	2	3	1	5	2	4	4	4	4	1	1	3	2	5	5	2	3	5	3	1	1	3	3	1	1	1	3	2	3	4	4	1	4	1	4	3	3	3	3	2	3	1	5	5	4	1	4	1	3	3	4	1	3	2	1	1	2	2	5	5	3	5	3	4	5	5	1	3	3	5	1	5	2	4	1	1	4	1	4	4	1	5	4	5	2	4	1	5
AT2G37400	3	5	3	2	3	1	1	1	5	5	2	2	3	3	1	5	2	4	4	4	4	3	2	3	2	5	2	2	3	5	2	2	1	1	4	2	1	1	3	2	3	4	4	1	4	5	4	3	2	3	4	2	3	1	5	5	4	1	4	1	1	2	1	1	3	4	1	1	2	2	5	5	3	1	3	4	5	5	2	3	3	5	1	5	2	2	1	2	1	1	4	2	1	2	4	2	1	2	1	5
AT4G28025	3	1	3	2	3	1	1	1	5	5	5	2	3	3	1	5	2	4	4	4	4	1	1	3	2	5	2	2	3	5	3	1	1	3	3	1	1	1	3	2	3	4	4	1	4	5	4	3	3	3	3	2	3	1	5	5	4	1	4	1	1	3	4	1	3	2	1	1	2	2	5	5	3	1	3	4	5	5	1	3	3	5	1	5	2	2	1	1	1	1	4	4	1	5	4	5	2	4	1	5
AT3G15840	2	1	3	5	3	1	1	1	5	5	5	2	3	3	1	3	2	1	4	4	4	1	1	3	2	5	2	2	3	5	1	1	1	3	3	1	1	1	3	2	3	4	4	1	4	1	4	3	3	1	3	2	3	1	5	5	4	1	4	1	1	3	4	1	3	2	1	1	2	2	5	5	3	1	1	5	5	5	1	3	3	5	1	5	2	2	1	1	1	1	4	4	1	5	4	5	2	4	1	5
AT4G37925	5	1	4	2	3	4	1	1	5	2	5	1	2	1	1	5	3	2	4	3	5	2	3	4	3	5	5	3	2	4	5	5	1	4	1	4	3	3	3	4	3	1	4	4	4	3	5	1	3	3	3	4	4	1	4	5	4	3	2	1	3	3	4	4	2	5	4	1	1	3	5	2	5	5	5	3	3	3	1	3	5	5	1	5	3	4	3	5	4	1	5	4	1	5	3	5	3	4	4	3
AT4G27700	2	1	3	5	3	1	1	1	5	5	4	2	3	3	1	3	2	1	4	4	4	1	1	3	2	5	2	2	3	5	1	1	1	3	3	1	1	1	3	2	3	4	4	1	4	1	4	3	3	1	3	2	2	1	5	5	4	1	4	1	1	5	4	1	3	2	1	1	5	2	5	5	3	1	1	5	5	5	1	3	3	5	1	5	2	2	1	1	1	1	4	4	1	5	4	5	2	4	1	5
AT5G23890	3	1	3	2	3	1	1	1	5	5	5	2	3	3	1	5	2	4	4	4	4	1	1	3	2	5	2	2	3	5	3	1	1	3	3	1	1	1	3	2	3	4	4	1	4	1	4	3	3	3	3	2	3	1	5	5	4	1	4	1	1	3	4	1	3	2	1	1	2	2	5	5	3	1	3	4	5	5	1	3	3	5	1	5	2	2	1	1	4	1	4	4	1	5	4	5	2	4	1	5
AT2G30950	3	1	4	2	3	4	1	1	5	2	5	1	2	3	1	5	2	4	4	3	4	1	1	3	3	5	5	2	2	4	3	1	1	3	1	1	3	1	3	2	3	1	4	1	4	3	4	1	3	3	3	2	4	1	4	5	4	3	2	1	3	3	4	1	3	2	4	1	2	3	5	5	5	5	3	3	3	5	1	3	5	5	1	5	3	4	3	5	4	1	5	4	1	5	4	5	3	4	4	3
AT5G19500	3	1	3	2	3	1	1	1	5	5	5	2	3	3	1	3	2	4	4	4	4	1	1	3	2	5	2	2	3	5	1	1	1	3	3	1	1	1	3	2	3	4	4	1	4	1	4	3	3	3	3	2	3	1	5	5	4	1	4	1	1	3	4	1	3	2	1	1	2	2	5	5	3	1	3	4	5	5	1	3	3	5	1	5	2	2	1	1	1	1	4	4	1	5	4	5	2	4	1	5
AT1G44575	1	4	5	4	5	5	5	2	2	1	3	4	4	2	3	1	4	5	5	5	1	4	5	5	5	4	3	4	4	3	4	3	3	2	5	5	4	5	4	1	4	2	3	5	5	4	3	2	1	5	5	3	1	5	1	2	1	5	3	4	4	5	5	5	4	3	5	5	3	5	1	3	2	4	4	2	1	1	5	4	1	4	4	4	5	1	4	3	3	2	3	5	3	3	1	1	4	5	5	1
AT4G13010	3	1	3	2	3	1	1	1	5	5	5	2	3	3	1	3	2	4	4	4	4	1	1	3	2	5	2	2	3	5	3	1	1	3	3	1	1	1	3	2	3	4	4	1	4	1	4	3	3	3	3	2	3	1	5	5	4	1	4	1	1	3	4	1	3	2	1	1	2	2	5	5	3	1	3	4	5	5	1	3	3	5	1	5	2	2	1	1	1	1	4	4	1	5	4	5	2	4	1	5
AT2G40100	5	1	4	2	3	4	1	1	5	2	5	1	2	1	1	5	3	2	4	3	5	2	3	4	3	5	5	3	2	4	5	5	1	4	1	4	3	3	3	4	3	1	4	1	4	3	4	1	3	3	3	2	4	1	4	5	4	3	2	1	3	3	4	4	2	2	4	1	2	3	5	2	5	5	5	3	3	5	1	3	5	5	1	5	3	4	3	5	4	1	5	4	1	5	3	5	3	4	4	3
AT1G71500	1	4	5	4	5	5	5	2	2	1	3	4	4	2	3	1	1	5	5	5	2	5	5	5	5	4	4	4	5	1	4	3	4	2	5	5	2	5	4	1	4	2	2	5	5	4	2	2	1	5	5	3	1	3	1	3	2	5	1	4	4	5	5	5	4	3	3	2	3	5	1	3	2	4	1	2	1	2	4	4	1	4	4	4	5	1	4	4	3	4	3	5	3	3	1	1	5	5	5	1
AT1G42960	3	1	3	2	3	1	1	1	5	5	5	2	3	3	1	5	2	4	4	4	4	1	1	3	2	5	2	2	3	5	3	1	1	3	3	1	1	1	3	2	3	4	4	1	4	1	4	3	3	3	3	2	3	1	5	5	4	1	4	1	1	3	4	1	3	2	1	1	2	2	5	5	3	1	3	4	5	5	1	3	3	5	1	5	2	2	1	1	1	1	4	4	1	5	4	5	2	4	1	5
AT3G26080	3	1	3	2	3	1	1	1	5	5	5	2	3	3	1	5	2	4	4	4	4	1	1	3	2	5	2	2	3	5	3	1	1	3	3	1	1	1	3	2	3	4	4	1	4	5	4	3	3	3	3	2	3	1	5	5	4	1	4	1	1	3	4	1	3	2	1	1	2	2	5	5	3	1	3	4	5	5	1	3	3	5	1	5	2	2	1	1	4	1	4	4	1	5	4	5	2	4	1	5
AT2G21530	1	5	1	1	1	2	3	5	3	1	2	5	5	2	4	4	5	3	3	4	1	3	4	2	4	2	1	1	4	2	2	2	2	1	4	2	4	2	2	5	1	5	5	3	2	3	1	4	2	4	4	5	5	5	3	1	1	4	1	3	2	2	1	3	5	4	5	2	4	4	3	1	4	2	2	1	2	3	2	5	2	1	1	3	1	5	2	2	5	5	1	2	5	2	2	2	1	2	3	2
AT4G19830	3	5	1	1	1	2	3	5	3	2	2	2	5	1	4	4	2	3	3	4	1	3	2	2	4	2	1	1	4	2	2	2	2	1	4	2	4	2	2	5	1	5	5	3	2	3	1	4	2	4	4	5	5	5	3	1	1	4	4	3	2	2	1	3	5	4	5	2	4	4	3	1	4	2	2	4	2	3	2	5	2	1	1	3	1	5	2	2	5	5	1	2	5	2	2	2	1	2	3	2
AT2G37660	5	1	4	2	3	4	1	1	5	2	5	1	2	1	1	5	3	2	4	3	5	2	3	4	3	3	5	3	2	4	5	5	1	4	1	4	3	3	3	4	3	1	4	4	4	3	5	1	3	3	3	4	4	1	4	5	4	3	2	1	3	3	4	4	2	5	4	1	2	3	5	2	5	5	5	3	3	3	1	3	5	5	1	5	3	4	3	5	4	1	5	4	1	5	3	5	3	4	4	3
AT3G10470	3	1	3	2	3	1	1	1	5	2	5	2	2	3	1	5	2	4	4	4	4	1	1	3	2	5	5	2	3	5	3	1	1	3	3	1	1	1	3	2	3	4	4	1	4	1	4	3	3	3	3	2	3	1	5	5	4	1	4	1	3	3	4	1	3	2	4	1	2	3	5	5	3	5	3	4	3	5	1	3	3	5	1	5	2	4	1	1	4	1	4	4	1	5	4	5	2	4	1	3
AT2G37230	3	1	3	2	3	1	1	1	5	5	5	2	3	3	1	5	2	4	4	4	4	1	1	3	2	5	2	2	3	5	3	1	1	3	3	1	1	1	3	2	3	4	4	1	4	1	4	3	3	3	3	2	3	1	5	5	4	1	4	1	1	3	4	1	3	2	1	1	2	2	5	5	3	1	3	4	5	5	1	3	3	5	1	5	2	2	1	1	1	1	4	4	1	5	4	5	2	4	1	5
AT1G54780	2	4	5	5	5	1	2	2	2	5	4	4	3	3	3	3	1	1	3	5	2	5	1	5	5	5	2	5	5	1	1	1	4	2	3	5	1	5	4	1	4	2	2	1	4	4	2	3	1	1	5	2	2	3	5	3	2	1	1	4	4	5	2	5	3	3	3	2	5	2	1	3	2	1	1	5	5	2	4	4	1	5	4	5	2	2	1	4	1	4	3	5	3	3	4	1	5	5	5	1
AT4G33010	5	1	4	3	1	4	3	5	5	2	3	1	2	1	1	5	3	2	5	3	5	2	3	4	3	3	5	3	1	4	5	5	5	5	1	4	3	3	3	4	4	1	4	4	4	2	5	1	3	2	1	4	4	2	4	2	3	3	1	3	5	1	2	4	2	5	2	3	1	3	4	4	5	5	5	3	3	3	3	3	4	5	3	5	3	3	3	3	2	1	2	1	1	1	3	5	3	3	3	2
AT5G19370	3	1	4	2	3	4	1	1	5	2	5	1	2	1	1	5	3	4	4	3	5	2	3	4	3	5	5	2	2	4	3	5	1	4	1	4	3	3	3	2	3	1	4	1	4	3	4	1	3	3	3	2	4	1	4	5	4	3	2	1	3	3	4	4	3	2	4	1	2	3	5	2	5	5	5	3	3	5	1	3	5	5	1	5	3	4	3	5	4	1	5	4	1	5	4	5	3	4	4	3
AT2G30695	5	1	4	2	3	4	1	1	5	2	5	1	2	1	1	5	3	2	5	3	5	2	3	4	3	3	5	3	2	4	5	5	1	4	1	4	3	3	3	4	3	1	4	4	4	3	5	1	3	3	3	4	4	1	4	5	4	3	2	1	3	3	4	4	2	5	4	1	1	3	4	2	5	5	5	3	3	3	1	3	5	5	1	5	3	4	3	5	4	1	5	4	1	5	3	5	3	4	4	3
AT5G42070	3	1	3	2	3	1	1	1	5	5	5	2	3	3	1	5	2	4	4	4	4	1	1	3	2	5	2	2	3	5	3	1	1	3	3	1	1	1	3	2	3	4	4	1	4	1	4	3	3	3	3	2	3	1	5	5	4	1	4	1	1	3	4	1	3	2	1	1	2	2	5	5	3	1	3	4	5	5	1	3	3	5	1	5	2	2	1	1	4	1	4	4	1	5	4	5	2	4	1	5
AT4G39730	3	1	3	2	3	1	1	1	5	5	5	2	3	3	1	5	2	4	4	4	4	1	1	3	2	5	2	2	3	5	3	1	1	3	3	1	1	1	3	2	3	4	4	1	4	1	4	3	3	3	3	2	3	1	5	5	4	1	4	1	1	3	4	1	3	2	1	1	2	2	5	5	3	1	3	4	5	5	1	3	3	5	1	5	2	2	1	1	1	1	4	4	1	5	4	5	2	4	1	5
AT1G07510	3	1	3	2	3	1	1	1	5	5	5	2	3	3	1	5	2	4	4	4	4	1	1	3	2	5	2	2	3	5	3	1	1	3	3	1	1	1	3	2	3	4	4	1	4	1	4	3	3	3	3	2	3	1	5	5	4	1	4	1	1	3	4	1	3	2	1	1	2	2	5	5	3	1	3	4	5	5	1	3	3	5	1	5	2	2	1	1	1	1	4	4	1	5	4	5	2	4	1	5
AT1G79040	1	4	5	4	5	5	5	3	2	1	3	4	4	2	3	1	4	5	5	5	1	4	5	5	5	4	3	4	4	1	4	3	4	2	5	5	4	5	4	1	4	2	3	5	5	4	3	2	1	5	5	3	1	5	1	4	1	5	3	4	4	5	5	5	4	3	5	2	3	5	1	3	2	4	4	2	1	1	5	4	1	4	5	4	5	1	4	3	3	2	1	5	3	3	1	1	4	5	5	1
AT2G21160	3	1	3	2	3	1	1	1	5	5	5	2	3	3	1	5	2	4	4	4	4	1	1	3	2	5	2	2	3	5	3	1	1	3	3	1	1	1	3	2	3	4	4	1	4	5	4	3	3	3	3	2	3	1	5	5	4	1	4	1	1	3	4	1	3	2	1	1	2	2	5	5	3	1	3	4	5	5	1	3	3	5	1	5	2	2	1	1	1	1	4	4	1	5	4	5	2	4	1	5
AT4G39460	3	1	3	2	3	1	1	1	5	5	5	2	3	3	1	3	2	4	4	4	4	1	1	3	2	5	2	2	3	5	1	1	1	3	3	1	1	1	3	2	3	4	4	1	4	1	4	3	3	1	3	2	3	1	5	5	4	1	4	1	1	3	4	1	3	2	1	1	2	2	5	5	3	1	3	4	5	5	1	3	3	5	1	5	2	2	1	1	1	1	4	4	1	5	4	5	2	4	1	5
AT3G26580	3	1	3	2	3	1	1	1	5	5	5	2	3	3	1	5	2	4	4	4	4	1	1	3	2	5	5	2	3	5	3	1	1	3	3	1	1	1	3	2	3	4	4	1	4	1	4	3	3	3	3	2	3	1	5	5	4	1	4	1	1	3	4	1	3	2	1	1	2	2	5	5	3	5	3	4	5	5	1	3	3	5	1	5	2	2	1	1	4	1	4	4	1	5	4	5	2	4	1	5
AT1G03160	5	1	4	2	3	4	1	1	5	2	5	1	2	1	1	5	3	2	4	3	5	2	3	4	3	3	5	3	2	4	3	5	1	4	1	4	3	3	3	2	3	1	4	4	4	3	5	1	3	3	3	4	4	1	4	5	4	3	2	1	3	3	4	4	2	5	4	1	1	3	5	2	5	5	5	3	3	3	1	3	4	5	3	5	3	4	3	5	4	1	5	4	1	5	3	5	3	4	4	3
AT2G24020	3	1	3	2	3	1	1	1	5	5	5	2	3	3	1	5	2	4	4	4	4	1	1	3	2	5	2	2	3	5	3	1	1	3	3	1	1	1	3	2	3	4	4	1	4	1	4	3	3	3	3	2	3	1	5	5	4	1	4	1	1	3	4	1	3	2	1	1	2	2	5	5	3	1	3	4	5	5	1	3	3	5	1	5	2	2	1	1	1	1	4	4	1	5	4	5	2	4	1	5
AT1G05385	3	5	1	2	3	1	1	1	5	5	2	2	3	3	1	5	2	4	4	4	4	3	2	3	2	5	2	2	3	5	2	2	1	1	4	2	1	1	3	2	3	4	4	1	4	5	4	4	2	3	4	2	3	1	3	5	4	1	4	1	1	2	1	3	3	4	1	1	2	2	5	5	3	1	3	4	5	5	2	5	3	5	1	5	1	2	2	2	4	1	4	2	1	2	4	2	1	2	1	5
AT5G52970	3	1	3	2	3	1	1	1	5	5	5	2	3	3	1	5	2	4	4	4	4	1	1	3	2	5	2	2	3	5	3	1	1	3	3	1	1	1	3	2	3	4	4	1	4	1	4	3	3	3	3	2	3	1	5	5	4	1	4	1	1	3	4	1	3	2	1	1	2	2	5	5	3	1	3	4	5	5	1	3	3	5	1	5	2	2	1	1	1	1	4	4	1	5	4	5	2	4	1	5
AT3G08920	5	1	4	2	3	4	1	1	5	2	5	1	2	1	1	5	3	2	4	3	5	2	3	4	3	3	5	3	2	4	5	5	1	4	1	4	3	3	3	4	3	1	4	4	4	3	5	1	3	3	3	4	4	1	4	5	4	3	2	1	3	3	4	4	2	5	4	1	1	3	5	2	5	5	5	3	3	3	1	3	5	5	1	5	3	4	3	5	4	1	5	4	1	5	3	5	3	4	4	3
AT1G72640	3	1	3	2	3	1	1	1	5	5	5	2	3	3	1	5	2	4	4	4	4	1	1	3	2	5	5	2	3	5	3	1	1	3	3	1	1	1	3	2	3	4	4	1	4	1	4	3	3	3	3	2	3	1	5	5	4	1	4	1	1	3	4	1	3	2	1	1	2	3	5	5	3	5	3	4	5	5	1	3	3	5	1	5	2	2	1	1	4	1	4	4	1	5	4	5	2	4	1	5
AT1G67840	1	5	1	1	1	2	3	5	3	1	2	5	5	2	4	4	5	3	3	4	1	3	4	2	4	2	1	1	4	2	2	2	2	1	4	2	4	2	2	5	1	5	5	3	2	3	1	4	2	4	4	5	5	5	3	1	1	4	1	3	2	2	1	3	5	4	5	2	4	4	3	1	4	2	2	1	2	3	2	5	2	1	1	3	1	5	2	2	5	5	1	2	5	2	2	2	1	2	3	2
AT5G13120	3	1	3	2	3	1	1	1	5	2	5	2	2	3	1	5	2	4	4	4	4	1	1	3	2	5	5	2	3	5	3	1	1	3	1	1	1	1	3	2	3	4	4	1	4	1	4	3	3	3	3	2	3	1	5	5	4	1	4	1	3	3	4	1	3	2	4	1	2	3	5	5	3	5	3	4	3	5	1	3	5	5	1	5	3	4	1	5	4	1	4	4	1	5	4	5	2	4	4	3
AT4G31390	1	4	2	4	4	5	5	2	4	1	3	3	4	5	3	1	4	5	1	1	3	4	5	1	1	1	4	4	4	3	4	3	3	2	2	5	2	2	5	1	1	5	3	5	5	2	1	5	4	5	3	3	1	2	2	2	5	2	3	4	2	1	5	2	1	1	5	5	3	5	2	3	1	4	4	1	1	1	5	1	2	3	2	4	4	1	4	3	5	3	1	3	2	4	1	4	4	1	2	2
AT4G24930	3	1	3	2	3	1	1	1	5	5	5	2	3	3	1	5	2	4	4	4	4	1	1	3	2	5	2	2	3	5	3	1	1	3	3	1	1	1	3	2	3	4	4	1	4	1	4	3	3	3	3	2	3	1	5	5	4	1	4	1	1	3	4	1	3	2	1	1	2	2	5	5	3	1	3	4	5	5	1	3	3	5	1	5	2	2	1	1	1	1	4	4	1	5	4	5	2	4	1	5
AT1G74710	3	1	3	2	3	1	1	1	5	5	5	2	3	3	1	5	2	4	4	4	4	1	1	3	2	5	2	2	3	5	3	1	1	3	3	1	1	1	3	2	3	4	4	1	4	1	4	3	3	3	3	2	3	1	5	5	4	1	4	1	1	3	4	1	3	2	1	1	2	2	5	5	3	5	3	4	5	5	1	3	3	5	1	5	2	2	1	1	4	1	4	4	1	5	4	5	2	4	1	5
AT4G18370	3	1	3	2	3	1	1	1	5	2	5	2	2	3	1	5	2	4	4	4	4	1	1	3	2	5	5	2	3	5	3	1	1	3	3	1	1	1	3	2	3	4	4	1	4	1	4	3	3	3	3	2	3	1	5	5	4	1	4	1	3	3	4	1	3	2	4	1	2	3	5	5	3	5	3	4	3	5	1	3	5	5	1	5	2	4	1	5	4	1	4	4	1	5	4	5	2	4	1	3
AT1G03090	5	1	4	2	3	4	1	1	5	2	5	1	2	1	1	5	3	2	5	3	5	2	3	4	3	3	5	3	2	4	5	5	1	4	1	4	3	3	3	4	3	1	4	4	4	3	5	1	3	3	3	4	4	1	4	5	4	3	2	1	3	3	4	4	2	5	4	1	1	3	5	2	5	5	5	3	3	3	1	3	5	5	1	5	3	4	3	5	4	1	5	4	1	5	3	5	3	4	4	3
AT3G55330	3	1	3	2	3	1	1	1	5	5	5	2	3	3	1	5	2	4	4	4	4	1	1	3	2	5	2	2	3	5	3	1	1	3	3	1	1	1	3	2	3	4	4	1	4	1	4	3	3	3	3	2	3	1	5	5	4	1	4	1	1	3	4	1	3	2	1	1	2	2	5	5	3	1	3	4	5	5	1	3	3	5	1	5	2	2	1	1	4	1	4	4	1	5	4	5	2	4	1	5
AT4G36810	4	2	5	4	2	2	2	4	1	4	1	5	1	4	5	2	4	3	2	5	3	3	5	1	1	1	3	1	4	3	4	4	2	2	2	3	2	4	1	3	5	5	5	5	1	2	1	2	5	2	1	1	5	4	1	4	2	4	5	2	2	1	3	2	1	1	2	4	4	1	4	1	1	3	4	2	1	4	3	2	2	2	2	2	4	1	4	4	3	5	2	1	2	1	5	3	4	1	3	4
AT1G16790	3	1	3	5	3	1	1	1	5	5	5	2	3	3	1	3	2	4	4	4	4	3	1	3	2	5	2	2	3	5	1	1	1	3	3	1	1	1	3	2	3	4	4	1	4	5	4	3	3	1	4	2	3	1	5	5	4	1	4	1	1	3	1	1	3	2	1	1	2	2	5	5	3	1	3	5	5	5	2	3	3	5	1	5	2	2	1	1	1	1	4	4	1	5	4	5	2	2	1	5
AT1G15140	3	1	3	2	3	1	1	1	5	5	5	2	3	3	1	5	2	4	4	4	4	1	1	3	2	5	2	2	3	5	3	1	1	3	3	1	1	1	3	2	3	4	4	1	4	1	4	3	3	3	3	2	3	1	5	5	4	1	4	1	1	3	4	1	3	2	1	1	2	2	5	5	3	1	3	4	5	5	1	3	3	5	1	5	2	2	1	1	1	1	4	4	1	5	4	5	2	4	1	5
AT1G31180	3	1	3	2	3	1	1	1	5	5	5	2	2	3	1	5	2	4	4	4	4	1	1	3	2	5	5	2	3	5	3	1	1	3	3	1	1	1	3	2	3	4	4	1	4	1	4	3	3	3	3	2	3	1	5	5	4	1	4	1	3	3	4	1	3	2	1	1	2	2	5	5	3	5	3	4	5	5	1	3	3	5	1	5	2	4	1	1	4	1	4	4	1	5	4	5	2	4	1	5
AT5G03455	3	1	3	2	3	1	1	1	5	2	5	2	2	3	1	5	2	4	4	4	4	1	1	3	2	5	5	2	3	5	3	1	1	3	3	1	1	1	3	2	3	4	4	1	4	1	4	3	3	3	3	2	3	1	5	5	4	1	4	1	3	3	4	1	3	2	4	1	2	3	5	5	3	5	3	4	3	5	1	3	3	5	1	5	2	4	1	1	4	1	4	4	1	5	4	5	2	4	1	3
AT5G52780	3	1	4	2	3	4	1	1	5	2	5	1	2	1	1	5	3	4	4	3	5	1	3	3	3	5	5	2	2	4	3	5	1	3	1	1	3	1	3	2	3	1	4	1	4	3	4	1	3	3	3	2	4	1	4	5	4	3	2	1	3	3	4	4	2	2	4	1	2	3	5	2	5	5	3	3	3	5	1	3	5	5	1	5	3	4	3	5	4	1	5	4	1	5	4	5	3	4	4	3
AT1G51110	3	1	3	5	3	1	1	1	5	5	5	2	3	3	1	3	2	4	4	4	4	1	1	3	2	5	2	2	3	5	1	1	1	3	3	1	1	1	3	2	3	4	4	1	4	5	4	3	3	1	3	2	3	1	5	5	4	1	4	1	1	3	4	1	3	2	1	1	2	2	5	5	3	1	3	4	5	5	1	3	3	5	1	5	2	2	1	1	1	1	4	4	1	5	4	5	2	4	1	5
AT3G25480	3	1	3	5	3	1	1	1	5	5	5	2	3	3	1	3	2	4	4	4	4	1	1	3	2	5	2	2	3	5	1	1	1	3	3	1	1	1	3	2	3	4	4	1	4	1	4	3	3	1	3	2	3	1	5	5	4	1	4	1	1	3	4	1	3	2	1	1	2	2	5	5	3	1	3	4	5	5	1	3	3	5	1	5	2	2	1	1	1	1	4	4	1	5	4	5	2	4	1	5
AT5G42765	3	1	3	2	3	1	1	1	5	5	5	2	3	3	1	5	2	4	4	4	4	1	1	3	2	5	5	2	3	5	3	1	1	3	3	1	1	1	3	2	3	4	4	1	4	1	4	3	3	3	3	2	3	1	5	5	4	1	4	1	1	3	4	1	3	2	1	1	2	2	5	5	3	5	3	4	5	5	1	3	3	5	1	5	2	2	1	1	4	1	4	4	1	5	4	5	2	4	1	5
AT1G16880	5	1	4	2	3	4	1	1	5	2	5	1	2	1	1	5	3	2	5	3	5	2	1	4	3	3	5	2	1	4	3	1	5	4	1	4	3	3	3	2	3	1	4	4	4	2	5	1	3	1	1	4	4	1	5	2	4	3	5	1	5	3	4	4	3	5	4	3	1	3	4	2	5	5	5	3	3	5	1	3	4	5	3	5	3	4	3	5	2	1	5	4	1	5	4	5	3	3	4	3
AT1G14345	5	1	4	2	3	4	1	1	5	2	5	1	2	1	1	5	3	2	5	3	5	2	3	4	3	3	5	3	2	4	5	5	1	4	1	4	3	3	3	4	3	1	4	4	4	3	5	1	3	3	3	4	4	1	4	5	4	3	2	1	3	3	4	4	2	5	4	1	1	3	4	2	5	5	5	3	3	3	1	3	4	5	3	5	3	4	3	5	2	1	5	4	1	5	3	5	3	3	4	3
AT1G66670	3	1	3	2	3	1	1	1	5	2	5	2	3	3	1	5	2	4	4	4	4	1	1	3	2	5	5	2	3	5	3	1	1	3	3	1	1	1	3	2	3	4	4	1	4	1	4	3	3	3	3	2	3	1	5	5	4	1	4	1	1	3	4	1	3	2	1	1	2	3	5	5	3	5	3	4	5	5	1	3	3	5	1	5	2	2	1	1	4	1	4	4	1	5	4	5	2	4	1	5
