AT2G04030	3	2	5	1	2	2	5	1	5	4	1	2	1	1	1	2	1	2	2	3	1	3	1	4	1	5	2	5	3	5	5	3	5	4	2	4	5	5	4	2	1	3	3	1	5	4	5	3	4	5	4	1	1	2	2	1	1	4	2	3	4	1	2	5	1	3	3	3	5	2	4	5	1	4	3	1	4	1	5	4	3	4	3	1	1	5	1	2	3	3	5	2	2	1	2	3	5	2	4	2
AT5G20140	4	1	3	2	3	4	4	5	3	5	3	4	2	3	4	5	5	3	5	2	3	1	5	1	5	1	3	2	5	1	1	5	3	2	2	5	3	1	3	4	3	2	2	2	1	3	1	1	3	4	5	4	4	3	1	5	5	1	1	4	1	4	3	1	3	5	3	1	3	1	1	3	4	2	5	4	5	4	2	3	1	2	4	2	3	4	4	1	4	5	4	5	5	4	5	2	1	2	3	1
AT5G62720	1	4	1	3	1	1	1	2	2	3	4	5	5	5	5	1	4	1	1	5	4	2	2	3	2	3	4	3	2	3	3	2	1	5	1	2	4	3	2	1	4	5	5	5	4	5	4	5	2	5	3	1	3	5	5	2	2	5	4	2	2	5	1	4	4	1	4	3	1	5	2	1	3	5	4	2	2	2	4	5	4	3	1	5	2	3	2	4	5	3	1	1	1	3	3	5	4	1	4	2
AT4G38100	1	4	1	3	1	1	1	2	2	3	4	5	5	4	5	1	4	1	1	5	4	2	2	3	2	3	4	3	2	3	3	2	1	5	3	1	4	3	2	1	4	5	5	5	3	5	4	5	2	5	4	1	3	5	5	2	2	5	4	2	2	5	1	4	4	1	4	3	1	5	2	5	3	5	4	2	2	2	4	5	4	3	1	5	2	3	2	4	5	3	1	1	1	3	3	5	4	1	4	2
AT5G21430	4	1	3	2	3	4	4	5	3	5	3	4	2	3	4	5	5	3	5	2	3	1	5	1	5	1	3	2	5	1	1	5	3	2	2	5	3	1	3	4	3	2	2	2	1	3	1	1	3	4	5	4	4	3	1	5	5	1	1	4	1	4	3	1	3	5	3	1	3	1	1	3	4	2	5	4	5	4	2	3	5	2	4	2	3	4	4	1	4	5	4	5	5	4	5	2	1	2	3	1
AT3G21055	2	1	3	2	3	4	4	5	3	5	3	3	2	3	4	5	3	3	4	4	3	1	5	1	5	1	3	1	5	4	1	5	3	2	2	3	3	1	3	3	3	2	2	4	1	3	1	1	3	4	5	4	2	4	4	5	5	2	1	5	1	4	4	3	3	5	1	1	3	1	1	3	4	2	5	3	3	4	2	3	5	2	5	2	3	4	4	1	4	5	4	5	5	2	5	2	1	2	3	3
AT4G23890	5	4	4	2	5	4	3	2	2	3	2	3	4	2	5	5	3	5	1	4	4	5	3	3	2	4	5	1	2	4	4	5	2	1	1	2	1	1	2	3	5	4	5	4	4	2	4	5	5	3	3	5	2	5	4	3	5	2	4	5	1	4	4	3	5	1	1	5	4	5	2	1	5	5	1	5	3	2	4	1	1	5	5	4	5	4	3	4	1	4	2	4	4	2	3	5	4	1	3	3
AT4G38380	2	1	3	2	3	4	4	5	3	5	3	4	2	3	4	5	5	3	5	2	3	1	5	1	5	1	3	2	5	1	1	5	3	2	2	5	3	1	3	4	3	2	2	2	1	3	1	1	3	4	5	4	4	3	1	5	5	1	1	4	1	4	3	1	3	5	3	1	3	1	1	3	4	2	5	4	5	4	2	3	1	2	4	2	3	4	4	1	4	5	4	5	5	4	5	2	1	2	3	1
AT4G25910	3	2	2	1	2	3	5	1	5	4	5	1	3	4	2	2	1	2	5	3	1	2	1	2	1	2	1	4	3	5	2	3	5	4	5	4	4	2	1	2	1	1	3	3	5	4	5	2	1	1	2	2	1	2	3	4	3	3	3	1	3	2	2	5	2	3	5	2	5	3	5	4	2	3	3	1	1	5	5	4	3	5	3	3	1	3	1	2	5	3	5	2	2	2	2	3	3	1	2	5
AT2G43010	1	4	4	3	5	1	3	2	2	3	2	5	5	5	5	5	4	5	1	5	4	1	3	3	2	4	5	3	2	3	4	5	1	2	1	2	1	3	2	1	5	4	5	5	4	5	4	5	2	2	3	5	3	5	5	2	2	5	4	2	1	5	5	2	5	1	4	3	4	5	2	1	3	5	1	5	2	2	4	5	1	3	2	5	2	4	2	4	1	5	2	4	4	3	3	5	4	1	3	2
AT4G25050	5	3	5	4	4	3	2	1	1	1	5	1	3	4	1	4	1	2	2	1	5	2	4	2	4	5	2	4	4	5	2	3	5	3	5	1	2	4	1	2	2	1	1	3	5	1	2	4	1	1	2	3	5	2	2	4	3	3	3	3	5	3	2	5	2	4	2	2	5	3	3	2	1	1	3	1	1	5	3	2	3	4	3	1	4	5	3	5	2	2	5	3	2	5	1	1	3	5	5	5
AT1G51350	2	1	3	2	3	4	4	5	3	5	3	4	2	3	4	5	5	3	5	2	3	1	5	1	5	1	3	2	5	1	1	5	3	2	2	5	3	1	3	4	3	2	2	2	1	3	1	1	3	4	5	4	4	3	1	5	5	1	1	4	1	4	3	1	3	5	3	1	3	1	1	3	4	2	5	4	5	4	2	3	5	2	4	2	3	4	4	1	4	5	4	5	5	4	5	2	1	2	3	1
AT1G12250	4	1	3	5	3	4	4	5	3	5	3	4	2	3	4	5	5	3	5	2	3	1	5	1	5	1	3	2	5	1	1	5	3	2	2	5	3	1	3	4	3	2	2	2	1	3	1	1	3	4	5	4	4	3	1	5	5	1	1	4	1	4	3	1	3	5	3	1	3	1	1	3	4	2	5	4	5	4	2	3	5	2	4	2	3	4	5	1	4	5	4	5	5	4	5	2	1	2	3	1
AT2G41680	3	5	1	1	2	2	5	1	4	4	1	1	4	1	3	1	2	2	3	3	1	4	1	5	1	2	1	5	3	2	3	1	5	4	3	4	5	2	4	5	2	1	3	1	3	4	5	3	1	1	4	2	1	1	3	1	4	4	5	1	3	4	2	5	2	3	5	4	5	4	3	4	2	3	3	1	4	3	1	4	2	1	3	3	1	2	1	3	3	1	3	2	2	5	4	4	2	3	2	4
AT3G15110	4	1	3	5	3	4	4	5	3	5	3	4	2	3	4	5	5	3	5	2	3	1	5	1	5	1	3	2	5	1	1	5	3	2	2	5	3	1	3	4	3	2	2	2	1	3	1	1	3	4	5	4	4	3	1	5	5	1	1	4	1	4	3	1	3	5	3	1	3	1	1	3	4	2	5	4	5	4	2	3	5	2	4	2	3	4	5	1	4	5	4	5	5	4	5	2	1	2	3	1
AT2G40400	4	1	3	2	3	4	4	5	3	5	3	4	2	3	4	5	5	3	5	2	3	1	5	1	5	1	3	2	5	1	1	5	3	2	2	5	3	1	3	4	3	2	2	2	1	3	1	1	3	4	5	4	4	3	1	5	5	1	1	4	1	4	3	1	3	5	3	1	3	1	1	3	4	2	5	4	5	4	2	3	5	2	4	2	3	4	4	1	4	5	4	5	5	4	5	2	1	2	3	1
AT5G07020	5	1	2	2	3	4	4	5	3	1	3	3	2	2	4	5	3	3	4	4	3	5	5	1	5	4	3	1	5	4	1	5	2	1	2	3	3	1	3	3	1	2	2	4	2	2	1	1	5	3	1	4	2	4	4	3	5	2	1	5	1	4	4	3	3	5	1	5	2	1	1	3	5	2	5	3	3	5	2	1	1	2	5	4	5	4	3	1	4	4	4	5	5	2	5	2	1	2	3	3
AT5G16660	4	1	4	2	5	4	3	5	3	5	3	4	2	5	4	5	5	5	5	2	3	1	5	1	5	4	5	2	5	1	4	5	3	2	2	2	1	1	3	4	5	4	2	2	4	3	1	1	3	2	5	5	4	3	1	5	5	1	1	4	1	4	5	1	5	5	4	1	4	1	1	3	4	2	1	4	5	4	2	3	1	2	2	2	3	4	4	1	1	5	4	4	4	4	5	2	1	2	3	1
AT3G14420	4	1	3	5	3	4	4	5	3	5	3	2	2	3	4	5	5	3	5	2	3	1	5	1	5	1	3	2	5	1	1	5	4	2	2	5	3	1	3	4	3	2	2	2	1	3	1	1	3	4	5	4	4	3	1	5	5	1	1	4	1	1	3	1	1	5	3	1	3	1	1	3	4	2	5	4	5	4	2	3	5	2	4	2	3	4	5	1	4	5	4	5	5	1	5	2	1	2	3	1
AT1G79230	4	1	3	5	3	4	4	5	3	5	3	4	2	3	4	5	5	3	5	2	3	1	5	1	5	1	3	2	5	1	1	5	3	2	2	5	3	1	3	4	3	2	2	2	1	3	1	1	3	4	5	4	4	3	1	5	5	1	1	4	1	4	3	1	3	5	3	1	3	1	1	3	4	2	5	4	5	4	2	3	5	2	4	2	3	4	4	1	4	5	4	5	5	4	5	2	1	2	3	1
AT2G42220	2	1	4	2	5	4	3	5	3	3	2	3	2	5	4	5	3	5	1	4	3	1	3	1	5	4	5	1	5	4	4	5	1	2	1	2	1	1	3	4	5	4	2	4	4	2	1	1	3	2	3	5	2	4	4	5	5	2	1	5	1	4	5	3	5	1	4	5	4	1	2	1	5	2	1	5	3	4	2	1	1	2	2	2	5	4	4	4	1	5	2	4	4	2	5	5	4	2	3	3
AT1G67280	4	1	3	2	3	4	4	5	3	5	3	4	2	3	4	5	5	3	5	2	3	1	5	1	5	1	3	2	5	1	1	5	3	2	2	5	3	1	3	4	3	2	2	2	1	3	1	1	3	4	5	4	4	3	1	5	5	1	1	4	1	4	3	1	3	5	3	1	3	1	1	3	4	2	5	4	5	4	2	3	5	2	4	2	3	4	4	1	4	5	4	5	5	4	5	2	1	2	3	1
AT3G47450	3	5	1	1	2	2	5	1	4	4	1	1	4	1	3	1	2	2	3	3	1	4	1	5	1	2	1	5	3	2	3	1	5	4	3	4	5	2	4	5	2	1	3	1	3	4	5	3	1	1	4	2	1	1	3	1	4	4	5	1	3	4	2	5	2	3	5	4	5	4	3	4	2	3	3	1	4	3	1	4	2	1	3	3	1	2	1	3	3	1	3	2	2	5	4	4	2	3	2	4
AT5G08540	2	1	2	2	4	4	2	3	3	1	3	3	4	2	4	5	3	4	4	4	3	5	4	1	5	4	3	1	5	4	1	5	2	1	2	3	2	1	3	3	3	2	2	4	2	2	1	2	5	3	1	4	2	4	4	3	5	2	1	5	1	4	4	3	3	5	1	5	2	1	1	3	5	2	1	3	3	5	2	1	1	5	5	4	5	1	3	1	4	4	4	5	5	2	5	2	1	2	3	3
AT3G01480	4	2	5	4	4	5	2	4	4	2	4	1	3	4	2	4	4	4	2	1	2	2	1	2	3	3	4	4	1	5	2	1	5	5	4	1	5	4	5	2	2	1	4	3	3	4	3	4	4	1	1	3	5	2	2	4	3	3	3	2	2	2	2	5	2	2	2	2	1	3	5	5	1	1	2	1	1	1	4	4	3	1	3	1	4	1	1	1	2	2	5	3	3	5	1	1	3	4	1	5
AT4G31560	1	1	4	2	5	4	3	5	3	3	2	5	2	5	4	5	5	5	1	2	3	1	3	1	5	4	5	2	5	3	4	5	1	2	1	2	1	1	3	4	5	4	2	2	4	3	1	1	3	2	3	5	3	5	1	5	5	1	1	4	1	4	5	2	5	1	4	1	4	1	2	1	4	2	1	5	2	2	2	3	1	2	2	2	3	4	4	1	1	5	2	4	4	3	5	2	4	2	3	1
AT1G54580	1	4	1	3	1	1	1	2	2	3	4	5	5	4	5	1	4	1	1	5	4	2	2	3	2	3	4	3	2	3	3	2	1	5	3	1	4	3	2	1	4	5	5	5	3	5	4	5	2	5	4	1	3	5	5	2	2	5	4	2	2	5	1	4	4	2	2	3	1	5	2	5	3	5	4	2	2	2	4	5	4	3	1	5	2	3	2	4	5	3	1	1	1	3	3	5	4	1	4	2
AT1G73530	5	2	5	4	4	3	2	1	1	2	5	1	3	4	2	4	1	2	2	1	5	2	4	2	4	5	2	4	4	5	2	3	5	3	5	1	2	4	1	2	2	1	1	3	5	1	3	4	1	1	2	3	5	2	2	4	3	3	3	3	5	3	2	5	2	4	2	2	5	3	3	2	1	1	3	1	1	5	3	2	3	4	3	1	4	5	1	5	2	2	5	3	2	5	1	1	3	5	5	5
AT5G42270	4	1	3	2	3	4	4	5	3	5	3	4	2	3	4	5	5	3	5	2	3	1	5	1	5	1	3	2	5	1	1	5	3	2	2	5	3	1	3	4	3	2	2	2	1	3	1	1	3	4	5	4	4	3	1	5	5	1	1	4	1	4	3	1	3	5	3	1	3	1	1	3	4	2	5	4	5	4	2	3	5	2	4	2	3	4	4	1	4	5	4	5	5	4	5	2	1	2	3	1
AT1G54500	2	1	3	2	5	4	3	5	3	5	3	4	2	3	4	5	5	5	5	4	3	1	3	1	5	4	5	2	5	4	1	5	3	2	2	2	3	1	3	4	3	4	2	4	4	3	1	1	3	4	5	4	2	3	1	5	5	1	1	4	1	4	5	1	3	5	1	1	3	1	1	3	4	2	1	4	5	4	2	3	1	2	4	2	3	4	4	1	4	5	4	4	4	4	5	2	4	2	3	1
AT5G35170	4	1	3	5	3	4	4	5	3	5	3	4	2	3	4	5	5	3	5	2	3	1	5	1	5	1	3	2	5	1	1	5	3	2	2	5	3	1	3	4	3	2	2	2	1	3	1	1	3	4	5	4	4	3	1	5	5	1	1	4	1	4	3	1	3	5	3	1	3	1	1	3	4	2	5	4	5	4	2	3	5	2	4	2	3	4	5	1	4	5	4	5	5	4	5	2	1	2	3	1
AT1G80030	4	1	3	5	3	4	4	5	3	5	3	4	2	3	4	5	5	3	5	2	3	1	5	1	5	1	3	2	5	1	1	5	3	2	2	5	3	1	3	4	3	2	2	2	1	3	1	1	3	4	5	4	4	3	1	5	5	1	1	4	1	4	3	1	3	5	3	1	3	1	1	3	4	2	5	4	5	4	2	3	5	2	4	2	3	4	5	1	4	5	4	5	5	4	5	2	1	2	3	1
AT1G10170	4	1	4	2	5	4	3	5	3	5	3	4	2	3	4	5	5	5	5	2	3	1	5	1	5	4	5	2	5	1	1	5	3	2	2	2	1	1	3	4	5	4	2	2	1	3	1	1	3	4	5	5	4	3	1	5	5	1	1	4	1	4	5	1	3	5	4	1	4	1	1	3	4	2	1	4	5	4	2	3	1	2	4	2	3	4	4	1	1	5	4	4	4	4	5	2	1	2	3	1
AT5G12470	4	1	3	2	3	4	4	5	3	5	3	4	2	3	4	5	5	3	5	2	3	1	5	1	5	1	3	2	5	1	1	5	3	2	2	5	3	1	3	4	3	2	2	2	1	3	1	1	3	4	5	4	4	3	1	5	5	1	1	4	1	4	3	1	3	5	3	1	3	1	1	3	4	2	5	4	5	4	2	3	5	2	4	2	3	4	4	1	4	5	4	5	5	4	5	2	1	2	3	1
AT2G20260	4	1	3	5	3	4	4	5	3	5	3	2	2	3	4	5	5	3	5	2	3	1	5	1	5	1	3	2	5	1	1	5	4	2	2	5	3	1	3	4	3	2	2	2	1	3	1	1	3	4	5	4	4	3	1	5	5	1	1	4	1	4	3	1	3	5	3	1	3	1	1	3	4	2	5	4	5	4	2	3	5	2	4	2	3	4	5	1	4	5	4	5	5	4	5	2	1	2	3	1
AT1G03600	5	3	2	4	4	5	2	3	1	1	5	1	3	2	1	3	1	4	4	1	5	5	4	2	4	5	2	4	4	5	5	4	5	3	5	1	2	5	5	3	2	3	1	3	2	1	2	2	1	3	1	3	5	2	2	4	3	3	3	3	5	3	2	5	2	4	2	2	5	3	3	2	1	1	2	1	1	5	3	2	3	4	3	4	4	1	3	5	2	4	5	3	5	5	1	1	3	5	5	5
AT5G39830	4	1	3	5	3	4	4	5	3	5	3	4	2	3	4	5	5	3	5	2	3	1	5	1	5	1	3	2	5	1	1	5	3	2	2	5	3	1	3	4	3	2	2	2	1	3	1	1	3	4	5	4	4	3	1	5	5	1	1	4	1	4	3	1	3	5	3	1	3	1	1	3	4	2	5	4	5	4	2	3	5	2	4	2	3	4	5	1	4	5	4	5	5	4	5	2	1	2	3	1
AT1G20810	1	4	1	3	1	1	1	2	2	3	4	5	5	4	5	1	4	1	1	5	4	2	2	3	2	3	4	3	2	3	3	2	1	5	3	1	4	3	2	1	4	5	5	5	3	5	4	5	2	5	4	1	3	5	5	2	2	5	4	2	2	5	1	4	4	2	2	3	1	5	2	5	3	5	4	2	2	2	4	5	4	3	1	5	2	3	2	4	5	3	1	1	1	3	3	5	4	1	4	2
AT1G14150	4	1	3	5	3	4	4	5	3	5	3	4	2	3	4	5	5	3	5	2	3	1	5	1	5	1	3	2	5	1	1	5	3	2	2	5	3	1	3	4	3	2	2	2	1	3	1	1	3	4	5	4	4	3	1	5	5	1	1	4	1	4	3	1	3	5	3	1	3	1	1	3	4	2	5	4	5	4	2	3	5	2	4	2	3	4	5	1	4	5	4	5	5	4	5	2	1	2	3	1
AT2G41330	4	1	3	5	3	4	4	5	3	5	3	4	2	3	4	5	5	3	5	2	3	1	5	1	5	1	3	2	5	1	1	5	3	2	2	5	3	1	3	4	3	2	2	2	1	3	1	1	3	4	5	4	4	3	1	5	5	1	1	4	1	4	3	1	3	5	3	1	3	1	1	3	4	2	5	4	5	4	2	3	5	2	4	2	3	4	4	1	4	5	4	5	5	4	5	2	1	2	3	1
AT3G19490	3	2	5	1	2	2	5	1	5	4	1	2	1	1	1	2	1	2	2	3	1	3	1	4	1	5	2	4	3	5	5	3	5	4	5	4	5	5	4	2	1	3	3	1	5	4	5	3	4	5	2	3	1	2	2	1	1	4	2	3	4	1	2	5	1	3	3	3	5	2	4	5	1	4	3	1	4	1	5	4	3	4	3	1	1	5	1	2	3	3	5	2	2	1	2	3	5	2	4	2
AT3G17830	3	5	1	1	2	2	5	1	4	4	1	1	4	1	3	1	2	2	3	3	1	4	1	5	4	2	1	5	3	2	3	1	5	4	3	4	5	2	4	5	2	1	3	1	3	4	5	3	1	1	4	2	1	1	3	1	4	4	5	1	3	4	2	5	2	3	5	4	5	4	3	4	2	3	3	1	4	3	1	4	2	1	3	3	1	2	1	3	3	1	3	2	2	5	4	4	2	3	2	4
AT1G17850	4	1	3	2	3	4	4	5	3	5	3	4	2	3	4	5	5	3	5	2	3	1	5	1	5	1	3	2	5	1	1	5	3	2	2	5	3	1	3	4	3	2	2	2	1	3	1	1	3	4	5	4	4	3	1	5	5	1	1	4	1	4	3	1	3	5	3	1	3	1	1	3	4	2	5	4	5	4	2	3	5	2	4	2	3	4	4	1	4	5	4	5	5	4	5	2	1	2	3	1
AT2G01140	1	4	4	3	5	1	1	2	2	3	2	5	5	5	5	1	4	1	1	5	4	2	3	3	2	3	5	3	2	3	4	2	1	5	1	2	1	3	2	1	4	4	5	5	4	5	4	5	2	2	3	5	3	5	5	2	2	5	4	2	2	5	5	2	5	1	4	3	4	5	2	1	3	5	4	5	2	2	4	5	4	3	2	5	2	3	2	4	1	3	2	4	4	3	3	5	4	1	4	2
AT1G67700	4	1	3	5	3	4	4	5	3	5	3	2	2	3	4	5	5	3	5	2	3	1	5	1	5	1	3	2	5	1	1	5	4	2	2	5	3	1	3	4	3	2	2	2	1	3	1	1	3	4	5	4	4	3	1	5	5	1	1	4	1	4	3	1	1	5	3	1	3	1	1	3	4	2	5	4	5	4	2	3	5	2	4	2	3	4	5	1	4	5	4	5	5	4	5	2	1	2	3	1
AT5G01500	4	1	3	5	3	4	4	5	3	5	3	4	2	3	4	5	5	3	5	2	3	1	5	1	5	1	3	2	5	1	1	5	3	2	2	5	3	1	3	4	3	2	2	2	1	3	1	1	3	4	5	4	4	3	1	5	5	1	1	4	1	4	3	1	3	5	3	1	3	1	1	3	4	2	5	4	5	4	2	3	5	2	4	2	3	4	4	1	4	5	4	5	5	4	5	2	1	2	3	1
AT3G57680	4	1	3	2	3	4	4	5	3	5	3	4	2	3	4	5	5	3	5	2	3	1	5	1	5	1	3	2	5	1	1	5	3	2	2	5	3	1	3	4	3	2	2	2	1	3	1	1	3	4	5	4	4	3	1	5	5	1	1	4	1	4	3	1	3	5	3	1	3	1	1	3	4	2	5	4	5	4	2	3	1	2	4	2	3	4	4	1	4	5	4	5	5	4	5	2	1	2	3	1
AT4G16155	2	1	3	2	3	4	4	5	3	5	3	4	2	3	4	5	5	3	5	2	3	1	5	1	5	1	3	2	5	1	1	5	3	2	2	5	3	1	3	4	3	2	2	2	1	3	1	1	3	4	5	4	4	3	1	5	5	1	1	4	1	4	3	1	3	5	1	1	3	1	1	3	4	2	5	4	3	4	2	3	5	2	4	2	3	4	4	1	4	5	4	5	5	4	5	2	1	2	3	1
AT1G56500	2	1	3	2	3	4	4	5	3	5	3	4	2	3	4	5	5	3	5	2	3	1	5	1	5	1	3	2	5	1	1	5	3	2	2	5	3	1	3	4	3	2	2	2	1	3	1	1	3	4	5	4	4	3	1	5	5	1	1	4	1	4	3	1	3	5	3	1	3	1	1	3	4	2	5	4	5	4	2	3	5	2	4	2	3	4	4	1	4	5	4	5	5	4	5	2	1	2	3	1
AT1G22450	4	1	3	2	3	4	4	5	3	5	3	4	2	3	4	5	5	3	5	2	3	1	5	1	5	1	3	2	5	1	1	5	3	2	2	5	3	1	3	4	3	2	2	2	1	3	1	1	3	4	5	4	4	3	1	5	5	1	1	4	1	4	3	1	3	5	3	1	3	1	1	3	4	2	5	4	5	4	2	3	5	2	4	2	3	4	4	1	4	5	4	5	5	4	5	2	1	2	3	1
AT5G53170	4	1	3	2	3	4	4	5	3	5	3	4	2	3	4	5	5	3	5	2	3	1	5	1	5	1	3	2	5	1	1	5	3	2	2	5	3	1	3	4	3	2	2	2	1	3	1	1	3	4	5	4	4	3	1	5	5	1	1	4	1	4	3	1	3	5	3	1	3	1	1	3	4	2	5	4	5	4	2	3	5	2	4	2	3	4	4	1	4	5	4	5	5	4	5	2	1	2	3	1
AT5G15250	4	1	3	5	3	4	4	5	3	5	3	4	2	3	4	5	5	3	5	2	3	1	5	1	5	1	3	2	5	1	1	5	3	2	2	5	3	1	3	4	3	2	2	2	1	3	1	1	3	4	5	4	4	3	1	5	5	1	1	4	1	4	3	1	3	5	3	1	3	1	1	3	4	2	5	4	5	4	2	3	5	2	4	2	3	4	4	1	4	5	4	5	5	4	5	2	1	2	3	1
AT3G58010	4	1	3	2	3	4	4	5	3	5	3	4	2	3	4	5	5	3	5	2	3	1	5	1	5	1	3	2	5	1	1	5	3	2	2	5	3	1	3	4	3	2	2	2	1	3	1	1	3	4	5	4	4	3	1	5	5	1	1	4	1	4	3	1	3	5	3	1	3	1	1	3	4	2	5	4	5	4	2	3	5	2	4	2	3	4	4	1	4	5	4	5	5	4	5	2	1	2	3	1
AT2G29500	4	1	3	5	3	4	4	5	3	5	3	4	2	3	4	5	5	3	5	2	3	1	5	1	5	1	3	2	5	1	1	5	4	2	2	5	3	1	3	4	3	2	2	2	1	3	1	1	3	4	5	4	4	3	1	5	5	1	1	4	1	4	3	1	3	5	3	1	3	1	1	3	4	2	5	4	5	4	2	3	5	2	4	2	3	4	5	1	4	5	4	5	5	4	5	2	1	2	3	1
AT3G60370	4	1	3	2	3	4	4	5	3	5	3	4	2	3	4	5	5	3	5	2	3	1	5	1	5	1	3	2	5	1	1	5	3	2	2	5	3	1	3	4	3	2	2	2	1	3	1	1	3	4	5	4	4	3	1	5	5	1	1	4	1	4	3	1	3	5	3	1	3	1	1	3	4	2	5	4	5	4	2	3	5	2	4	2	3	4	4	1	4	5	4	5	5	4	5	2	1	2	3	1
AT1G50460	1	1	4	2	5	4	3	5	3	3	2	5	2	5	4	5	5	5	1	5	3	1	3	1	5	4	5	3	5	3	4	5	1	2	1	2	1	1	3	4	5	4	2	5	4	3	1	1	3	2	3	5	2	5	1	5	5	1	1	4	1	4	5	2	5	1	4	1	4	1	2	1	4	2	1	5	2	2	2	3	1	2	2	2	3	4	4	4	1	5	2	4	4	3	5	5	4	2	3	1
AT2G26800	4	1	3	5	3	4	4	5	3	5	3	4	2	3	4	5	5	3	5	2	3	1	5	1	5	1	3	2	5	1	1	5	3	2	2	5	3	1	3	4	3	2	2	2	1	3	1	1	3	4	5	4	4	3	1	5	5	1	1	4	1	4	3	1	3	5	3	1	3	1	1	3	4	2	5	4	5	4	2	3	5	2	4	2	3	4	5	1	4	5	4	5	5	4	5	2	1	2	3	1
AT1G21750	1	4	4	3	5	1	1	2	2	3	2	5	5	5	5	1	4	1	1	5	4	2	3	3	2	4	5	3	2	3	4	2	1	5	1	2	1	3	2	1	5	4	5	5	4	5	4	5	2	2	3	5	3	5	5	2	2	5	4	2	2	5	5	2	5	1	4	3	4	5	2	1	3	5	1	5	2	2	4	5	4	3	2	5	2	3	2	4	1	3	2	4	4	3	3	5	4	1	4	2
AT2G44990	4	1	4	2	5	4	3	5	3	5	3	4	2	5	4	5	5	5	5	2	3	1	5	1	5	4	5	2	5	1	4	5	1	2	2	2	1	1	3	4	5	4	2	2	4	3	1	1	3	2	3	5	4	3	1	5	5	1	1	4	1	4	5	2	5	5	4	1	4	1	1	3	4	2	5	5	5	4	2	3	1	2	2	2	3	4	4	1	1	5	4	4	4	4	5	2	1	2	3	1
AT1G30510	1	1	4	2	5	4	3	5	3	3	2	5	2	5	4	5	5	5	1	2	3	1	3	1	5	4	5	3	5	3	4	5	1	2	1	2	1	1	3	4	5	4	2	2	4	3	1	1	3	2	3	5	4	5	1	5	5	1	1	4	1	4	5	2	5	1	4	1	4	1	2	1	4	2	1	5	2	4	2	3	1	2	2	2	3	4	4	4	1	5	2	4	4	3	5	5	4	2	3	1
AT3G10130	4	1	3	5	3	4	4	5	3	5	3	4	2	3	4	5	5	3	5	2	3	1	5	1	5	1	3	2	5	1	1	5	3	2	2	5	3	1	3	4	3	2	2	2	1	3	1	1	3	4	5	4	4	3	1	5	5	1	1	4	1	4	3	1	3	5	3	1	3	1	1	3	4	2	5	4	5	4	2	3	5	2	4	2	3	4	4	1	4	5	4	5	5	4	5	2	1	2	3	1
AT3G22690	4	1	3	2	3	4	4	5	3	5	3	4	2	3	4	5	5	3	5	2	3	1	5	1	5	4	3	2	5	1	1	5	3	2	2	5	3	1	3	4	3	2	2	2	1	3	1	1	3	4	5	4	4	3	1	5	5	1	1	4	1	4	3	1	3	5	3	1	3	1	1	3	4	2	5	4	5	4	2	3	1	2	4	2	3	4	4	1	4	5	4	5	5	4	5	2	1	2	3	1
AT1G54050	4	1	3	5	3	4	4	5	3	5	3	4	2	3	4	5	5	3	5	2	3	1	5	1	5	1	3	2	5	1	1	5	3	2	2	5	3	1	3	4	3	2	2	2	1	3	1	1	3	4	5	4	4	3	1	5	5	1	1	4	1	4	3	1	3	5	3	1	3	1	1	3	4	2	5	4	5	4	2	3	5	2	4	2	3	4	5	1	4	5	4	5	5	4	5	2	1	2	3	1
AT1G55370	4	1	3	2	3	4	4	5	3	5	3	4	2	3	4	5	5	3	5	2	3	1	5	1	5	1	3	2	5	1	1	5	3	2	2	5	3	1	3	4	3	2	2	2	1	3	1	1	3	4	5	4	4	3	1	5	5	1	1	4	1	4	3	1	3	5	3	1	3	1	1	3	4	2	5	4	5	4	2	3	5	2	4	2	3	4	4	1	4	5	4	5	5	4	5	2	1	2	3	1
AT4G35770	4	1	3	2	3	4	4	5	3	5	3	4	2	3	4	5	5	3	5	2	3	1	5	1	5	1	3	2	5	1	1	5	3	2	2	5	3	1	3	4	3	2	2	2	1	3	1	1	3	4	5	4	4	3	1	5	5	1	1	4	1	4	3	1	3	5	3	1	3	1	1	3	4	2	5	4	5	4	2	3	5	2	4	2	3	4	4	1	4	5	4	5	5	4	5	2	1	2	3	1
AT3G56040	5	3	2	4	4	5	2	3	1	1	2	3	4	2	1	3	3	4	4	4	5	5	4	5	5	5	2	1	5	4	5	4	2	1	2	3	2	1	5	3	1	3	1	4	2	2	1	2	5	3	1	3	5	4	4	3	5	2	3	5	5	3	4	3	3	4	1	5	2	2	2	2	5	2	2	3	3	5	3	1	3	5	5	4	5	1	3	5	2	4	5	5	5	2	1	1	1	5	5	3
AT1G27510	1	4	1	3	1	1	1	2	2	3	4	5	5	4	5	1	4	1	1	5	4	2	2	3	2	3	4	3	2	3	3	2	1	5	3	1	4	3	2	1	4	5	5	5	3	5	4	5	2	5	4	1	3	5	5	2	2	5	4	2	2	5	1	4	4	2	2	3	1	5	2	5	3	5	4	2	2	2	4	5	4	3	1	5	2	3	2	4	5	3	1	1	1	3	3	5	4	1	4	2
AT5G59250	4	1	3	2	3	4	4	5	3	5	3	4	2	3	4	5	5	3	5	2	3	1	5	1	5	1	3	2	5	1	1	5	3	2	2	5	3	1	3	4	3	2	2	2	1	3	1	1	3	4	5	4	4	3	1	5	5	1	1	4	1	4	3	1	3	5	3	1	3	1	1	3	4	2	5	4	5	4	2	3	5	2	4	2	3	4	4	1	4	5	4	5	5	4	5	2	1	2	3	1
AT1G75690	2	1	3	2	3	4	4	5	3	5	3	4	2	3	4	5	5	3	5	2	3	1	5	1	5	1	3	2	5	1	1	5	3	2	2	5	3	1	3	4	3	2	2	2	1	3	1	1	3	4	5	4	4	3	1	5	5	1	1	4	1	4	3	1	3	5	1	1	3	1	1	3	4	2	5	4	5	4	2	3	5	2	4	2	3	4	4	1	4	5	4	5	5	4	5	2	1	2	3	1
AT4G01900	1	1	4	2	5	4	3	5	3	3	2	5	2	5	4	5	5	5	1	2	3	1	3	1	5	4	5	3	5	3	4	5	1	2	1	2	1	1	3	4	5	4	2	2	4	3	1	1	3	2	3	5	4	5	1	5	5	1	1	4	1	4	5	2	5	1	4	1	4	1	2	1	4	2	1	5	2	4	2	3	1	2	2	2	3	4	4	1	1	5	2	4	4	3	5	2	4	2	3	1
AT2G18790	3	1	5	5	3	4	5	5	3	1	1	2	1	1	4	5	5	2	5	2	3	3	5	4	5	1	3	2	5	1	5	5	4	2	2	5	3	5	4	4	1	2	2	2	1	3	1	1	3	4	5	4	4	2	1	5	1	1	2	4	4	1	3	1	1	5	3	1	3	1	4	3	1	4	5	4	4	1	5	3	5	2	3	1	3	5	5	2	4	5	4	5	5	1	5	2	5	2	3	1
AT1G78915	1	4	1	3	1	1	1	2	2	3	4	5	5	5	5	1	4	1	1	5	4	2	2	3	2	3	4	3	2	3	3	2	1	5	1	1	4	3	2	1	4	5	5	5	4	5	4	5	2	5	3	1	3	5	5	2	2	5	4	2	2	5	1	4	4	1	4	3	1	5	2	1	3	5	4	2	2	2	4	5	4	3	1	5	2	3	2	4	5	3	1	1	1	3	3	5	4	1	4	2
AT3G24590	4	1	3	2	3	4	4	5	3	5	3	4	2	3	4	5	5	3	5	2	3	1	5	1	5	1	3	2	5	1	1	5	3	2	2	5	3	1	3	4	3	2	2	2	1	3	1	1	3	4	5	4	4	3	1	5	5	1	1	4	1	4	3	1	3	5	3	1	3	1	1	3	4	2	5	4	5	4	2	3	5	2	4	2	3	4	4	1	4	5	4	5	5	4	5	2	1	2	3	1
AT2G01918	1	4	4	3	5	4	3	2	2	3	2	5	5	5	5	5	5	1	1	5	4	1	3	3	2	4	5	3	2	3	4	5	1	2	1	2	1	3	2	1	5	4	5	5	4	5	4	5	2	2	3	5	3	5	5	2	2	1	4	2	1	5	5	2	5	1	4	1	4	5	2	1	3	5	1	5	2	2	4	5	1	3	2	2	2	4	2	4	1	5	2	4	4	3	3	5	4	1	3	2
AT1G52220	4	1	3	5	3	4	4	5	3	5	3	4	2	3	4	5	5	3	5	2	3	1	5	1	5	1	3	2	5	1	1	5	3	2	2	5	3	1	3	4	3	2	2	2	1	3	1	1	3	4	5	4	4	3	1	5	5	1	1	4	1	4	3	1	3	5	3	1	3	1	1	3	4	2	5	4	5	4	2	3	5	2	4	2	3	4	5	1	4	5	4	5	5	4	5	2	1	2	3	1
AT3G15360	4	1	3	2	3	4	4	5	3	5	3	4	2	3	4	5	5	3	5	2	3	1	5	1	5	1	3	2	5	1	1	5	3	2	2	5	3	1	3	4	3	2	2	2	1	3	1	1	3	4	5	4	4	3	1	5	5	1	1	4	1	4	3	1	3	5	3	1	3	1	1	3	4	2	5	4	5	4	2	3	5	2	4	2	3	4	4	1	4	5	4	5	5	4	5	2	1	2	3	1
AT1G65260	1	4	1	3	1	1	1	2	2	3	4	5	5	4	5	1	4	1	1	5	4	2	2	3	2	3	4	3	2	3	3	2	1	5	3	1	4	3	2	1	4	5	5	5	3	5	4	5	2	5	4	1	3	5	5	2	2	5	4	2	2	5	1	4	4	2	2	3	1	5	2	5	3	5	4	2	2	2	4	5	4	3	1	5	2	3	2	4	5	3	1	1	1	3	3	5	4	1	4	2
AT4G04020	4	1	3	5	3	4	4	5	3	5	3	4	2	3	4	5	5	3	5	2	3	1	5	1	5	1	3	2	5	1	1	5	3	2	2	5	3	1	3	4	3	2	2	2	1	3	1	1	3	4	5	4	4	3	1	5	5	1	1	4	1	4	3	1	3	5	3	1	3	1	1	3	4	2	5	4	5	4	2	3	5	2	4	2	3	4	4	1	4	5	4	5	5	4	5	2	1	2	3	1
AT1G32500	5	3	3	5	3	4	2	5	1	1	1	1	2	3	4	5	5	2	4	2	3	3	5	1	5	5	3	2	5	1	5	5	2	3	5	5	3	5	3	4	1	3	2	2	1	1	2	1	3	4	2	4	4	2	2	5	3	1	1	3	4	1	2	1	2	5	3	1	3	2	1	3	4	2	5	4	1	5	3	2	3	2	3	1	3	5	5	1	4	5	4	5	5	1	5	2	1	5	3	1
AT3G47060	1	4	4	2	5	4	3	2	2	3	2	5	5	5	5	5	5	5	1	5	4	1	3	3	2	4	5	3	2	3	4	5	1	2	1	2	1	3	2	1	5	4	5	5	4	5	4	5	2	2	3	5	3	5	5	2	2	1	4	2	1	5	5	2	5	1	4	1	4	5	2	1	3	5	1	5	2	2	4	5	1	2	2	5	2	4	4	4	1	5	2	4	4	3	5	5	4	1	3	2
AT2G26550	5	3	2	4	4	5	2	3	1	1	3	3	4	2	1	3	3	4	4	4	5	5	4	1	5	5	2	1	5	4	5	4	2	1	2	3	2	1	5	3	1	3	1	4	2	2	1	2	5	3	1	3	2	4	4	3	5	2	3	5	5	3	4	3	3	4	1	5	2	2	1	2	5	2	2	3	3	5	3	1	5	5	5	4	5	1	3	5	2	4	4	5	5	2	5	1	1	5	3	3
AT4G20820	4	1	3	2	3	4	4	5	3	5	3	4	2	3	4	5	5	3	5	2	3	1	5	1	5	1	3	2	5	1	1	5	3	2	2	5	3	1	3	4	3	2	2	2	1	3	1	1	3	4	5	4	4	3	1	5	5	1	1	4	1	4	3	1	3	5	3	1	3	1	1	3	4	2	5	4	5	4	2	3	1	2	4	2	3	4	4	1	4	5	4	5	5	4	5	2	1	2	3	1
AT1G74070	1	4	1	3	1	1	1	2	2	3	4	5	5	5	5	1	4	1	1	5	4	2	2	3	2	3	4	3	2	3	3	2	1	5	1	2	4	3	2	1	4	5	5	5	4	5	4	5	2	5	3	1	3	5	5	2	2	5	4	2	2	5	1	4	4	1	4	3	1	5	2	1	3	5	4	2	2	2	4	5	4	3	1	5	2	3	2	4	5	3	1	1	1	3	3	5	4	1	4	2
AT3G53560	1	4	4	3	5	1	3	2	2	3	2	5	5	5	5	5	5	5	1	5	4	1	3	3	2	4	5	3	2	3	4	5	1	2	1	2	1	3	2	1	5	4	5	5	4	5	4	5	2	2	3	5	3	5	5	2	2	1	4	2	1	5	5	2	5	1	4	3	4	5	2	1	3	5	1	5	2	2	4	5	1	3	2	5	2	4	2	4	1	5	2	4	4	3	3	5	4	1	3	2
AT5G53490	1	1	4	2	5	4	3	2	3	3	2	5	2	5	5	5	5	5	1	5	4	1	3	1	2	4	5	3	5	3	4	5	1	2	1	2	1	1	2	1	5	4	2	5	4	3	4	5	3	2	3	5	3	5	1	5	5	1	4	2	1	4	5	2	5	1	4	1	4	1	2	1	4	2	1	5	2	2	2	3	1	2	2	2	3	4	4	4	1	5	2	4	4	3	5	5	4	2	3	1
AT2G42975	4	1	3	2	3	4	4	5	3	5	3	4	2	3	4	5	5	3	5	2	3	1	5	1	5	1	3	2	5	1	1	5	3	2	2	5	3	1	3	4	3	2	2	2	1	3	1	1	3	4	5	4	4	3	1	5	5	1	1	4	1	4	3	1	3	5	3	1	3	1	1	3	4	2	5	4	5	4	2	3	5	2	4	2	3	4	4	1	4	5	4	5	5	4	5	2	1	2	3	1
AT2G20270	4	1	3	2	3	4	4	5	3	5	3	4	2	3	4	5	5	3	5	2	3	1	5	1	5	1	3	2	5	1	1	5	3	2	2	5	3	1	3	4	3	2	2	2	1	3	1	1	3	4	5	4	4	3	1	5	5	1	1	4	1	4	3	1	3	5	3	1	3	1	1	3	4	2	5	4	5	4	2	3	5	2	4	2	3	4	4	1	4	5	4	5	5	4	5	2	1	2	3	1
AT2G29180	4	1	3	5	3	4	4	5	3	5	3	2	2	3	4	5	5	3	5	2	3	1	5	1	5	1	3	2	5	1	1	5	4	2	2	5	3	1	3	4	3	2	2	2	1	3	1	1	3	4	5	4	4	3	1	5	5	1	1	4	4	1	3	1	1	5	3	1	3	1	1	3	4	2	5	4	5	4	2	3	5	2	4	2	3	4	5	1	4	5	4	5	5	1	5	2	1	2	3	1
AT3G01440	4	1	3	5	3	4	4	5	3	5	3	4	2	3	4	5	5	3	5	2	3	1	5	1	5	1	3	2	5	1	1	5	3	2	2	5	3	1	3	4	3	2	2	2	1	3	1	1	3	4	5	4	4	3	1	5	5	1	1	4	1	4	3	1	3	5	3	1	3	1	1	3	4	2	5	4	5	4	2	3	5	2	4	2	3	4	5	1	4	5	4	5	5	4	5	2	1	2	3	1
AT1G76760	4	1	3	2	3	4	4	5	3	5	3	4	2	3	4	5	5	3	5	2	3	1	5	1	5	1	3	2	5	1	1	5	3	2	2	5	3	1	3	4	3	2	2	2	1	3	1	1	3	4	5	4	4	3	1	5	5	1	1	4	1	4	3	1	3	5	3	1	3	1	1	3	4	2	5	4	5	4	2	3	5	2	4	2	3	4	4	1	4	5	4	5	5	4	5	2	1	2	3	1
AT2G26360	3	2	5	1	2	2	5	1	5	4	1	1	1	1	1	2	1	2	3	3	1	3	1	4	1	2	1	4	3	5	5	3	5	4	5	4	5	5	4	2	1	3	3	1	5	4	5	3	1	1	2	3	1	2	2	1	1	4	5	3	4	1	2	5	2	3	2	3	5	3	3	4	1	4	3	1	4	3	5	4	3	4	3	3	1	5	1	2	3	3	5	2	2	5	2	3	2	5	2	5
AT4G13670	4	1	3	5	3	4	4	5	3	5	3	4	2	3	4	5	5	3	5	2	3	1	5	1	5	1	3	2	5	1	1	5	3	2	2	5	3	1	3	4	3	2	2	2	1	3	1	1	3	4	5	4	4	3	1	5	5	1	1	4	1	4	3	1	3	5	3	1	3	1	1	3	4	2	5	4	5	4	2	3	5	2	4	2	3	4	5	1	4	5	4	5	5	4	5	2	1	2	3	1
AT2G35040	4	1	3	5	3	4	4	5	3	5	3	4	2	3	4	5	5	3	5	2	3	1	5	1	5	1	3	2	5	1	1	5	3	2	2	5	3	1	3	4	3	2	2	2	1	3	1	1	3	4	5	4	4	3	1	5	5	1	1	4	1	4	3	1	3	5	3	1	3	1	1	3	4	2	5	4	5	4	2	3	5	2	4	2	3	4	5	1	4	5	4	5	5	4	5	2	1	2	3	1
AT1G65230	5	3	2	4	4	5	2	3	1	1	2	3	4	2	1	3	3	4	4	4	5	5	4	5	5	5	2	1	5	4	5	4	2	1	2	3	2	1	5	3	1	3	1	4	2	2	1	2	5	3	1	3	5	4	4	3	5	2	3	5	5	3	4	3	3	4	1	5	2	2	2	2	5	2	2	3	3	5	3	1	3	5	5	4	5	1	3	5	2	4	5	5	5	2	1	1	1	5	5	3
AT1G03850	1	4	4	2	5	4	3	2	3	3	2	3	2	5	5	5	3	5	1	4	4	5	3	1	2	4	5	3	2	4	4	5	1	2	1	2	1	1	2	1	5	4	2	4	4	2	4	5	5	2	3	5	2	5	4	3	5	2	4	5	1	4	5	3	5	1	4	5	4	1	2	1	5	5	1	5	3	2	2	1	1	2	5	4	5	4	4	4	1	5	2	4	4	2	5	5	4	2	3	3
AT1G50250	2	1	3	2	3	4	4	5	3	5	3	4	2	3	4	5	5	3	5	2	3	1	5	1	5	4	3	2	5	1	1	5	3	2	2	5	3	1	3	4	3	2	2	2	1	3	1	1	3	4	5	4	4	3	1	5	5	1	1	4	1	4	3	1	3	5	3	1	3	1	1	3	4	2	5	4	5	4	2	3	1	2	4	2	3	4	4	1	4	5	4	5	5	4	5	2	1	2	3	1
AT2G40760	4	1	3	2	3	4	4	5	3	5	3	4	2	3	4	5	5	3	5	2	3	1	5	1	5	1	3	2	5	1	1	5	3	2	2	5	3	1	3	4	3	2	2	2	1	3	1	1	3	4	5	4	4	3	1	5	5	1	1	4	1	4	3	1	3	5	3	1	3	1	1	3	4	2	5	4	5	4	2	3	5	2	4	2	3	4	4	1	4	5	4	5	5	4	5	2	1	2	3	1
AT2G26340	1	4	4	2	5	4	3	2	2	3	2	5	5	5	5	5	3	5	1	5	4	1	3	3	2	4	5	3	2	3	4	5	1	2	1	2	1	3	2	1	5	4	5	5	4	5	4	5	3	2	3	5	2	5	4	5	2	1	4	2	1	4	5	2	5	1	4	1	4	5	2	1	3	5	1	5	2	2	4	3	1	2	2	2	2	4	4	4	1	5	2	4	4	3	5	5	4	1	3	3
AT5G08050	5	3	2	4	4	5	2	3	1	1	2	3	4	2	1	3	3	4	4	4	5	5	4	5	5	4	5	1	5	4	5	4	2	1	1	3	2	1	5	3	1	3	1	4	2	2	1	2	5	3	1	3	2	4	4	3	5	2	3	5	5	3	4	3	3	4	1	5	2	2	2	1	5	2	2	3	3	5	3	1	1	5	5	4	5	1	3	1	2	4	2	5	5	2	5	1	1	2	5	3
AT1G22020	2	1	3	2	3	4	4	5	3	5	3	4	2	3	4	5	5	3	5	2	3	1	5	1	5	4	3	2	5	1	1	5	3	2	2	5	3	1	3	4	3	2	2	2	1	3	1	1	3	4	5	4	4	3	1	5	5	1	1	4	1	4	3	1	3	5	1	1	3	1	1	3	4	2	5	4	5	4	2	3	1	2	4	2	3	4	4	1	4	5	4	5	5	4	5	2	1	2	3	1
AT5G16150	2	1	3	2	3	4	4	5	3	5	3	4	2	3	4	5	5	3	5	2	3	1	5	1	5	4	3	2	5	1	1	5	3	2	2	5	3	1	3	4	3	2	2	2	1	3	1	1	3	4	5	4	4	3	1	5	5	1	1	4	1	4	3	1	3	5	3	1	3	1	1	3	4	2	5	4	5	4	2	3	1	2	4	2	3	4	4	1	4	5	4	5	5	4	5	2	1	2	3	1
AT4G24750	1	1	4	2	5	4	3	5	3	3	2	5	2	5	4	5	5	5	1	2	3	1	3	1	5	4	5	3	5	3	4	5	1	2	1	2	1	1	3	4	5	4	2	2	4	3	1	1	3	2	3	5	3	5	1	5	5	1	1	4	1	4	5	2	5	1	4	1	4	1	2	1	4	2	1	5	2	2	2	3	1	2	2	2	3	4	4	4	1	5	2	4	4	3	5	5	4	2	3	1
AT4G01050	4	1	4	2	5	4	3	5	3	5	2	4	2	5	4	5	5	5	5	2	3	1	3	1	5	4	5	2	5	1	4	5	1	2	1	2	1	1	3	4	5	4	2	2	4	3	1	1	3	2	3	5	4	3	1	5	5	1	1	4	1	4	5	2	5	1	4	1	4	1	1	1	4	2	1	5	2	4	2	3	1	2	2	2	3	4	4	1	1	5	4	4	4	4	5	2	1	2	3	1
AT1G02560	4	1	3	5	3	4	4	5	3	5	3	4	2	3	4	5	5	3	5	2	3	1	5	1	5	1	3	2	5	1	1	5	3	2	2	5	3	1	3	4	3	2	2	2	1	3	1	1	3	4	5	4	4	3	1	5	5	1	1	4	1	4	3	1	3	5	3	1	3	1	1	3	4	2	5	4	5	4	2	3	5	2	4	2	3	4	5	1	4	5	4	5	5	4	5	2	1	2	3	1
AT1G18730	4	1	3	5	3	4	4	5	3	5	3	4	2	3	4	5	5	3	5	2	3	1	5	1	5	1	3	2	5	1	1	5	3	2	2	5	3	1	3	4	3	2	2	2	1	3	1	1	3	4	5	4	4	3	1	5	5	1	1	4	1	4	3	1	3	5	3	1	3	1	1	3	4	2	5	4	5	4	2	3	5	2	4	2	3	4	5	1	4	5	4	5	5	4	5	2	1	2	3	1
AT3G46780	2	1	3	2	3	4	4	5	3	5	3	3	2	3	4	5	3	3	5	4	3	1	5	1	5	4	3	2	5	4	1	5	3	2	2	3	3	1	3	4	3	2	2	4	1	3	1	1	3	4	5	4	2	4	4	5	5	1	1	5	1	4	4	3	3	5	1	1	3	1	1	3	4	2	5	3	3	4	2	3	1	2	5	2	3	4	4	1	4	5	4	5	5	2	5	2	1	2	3	3
AT1G79450	1	1	4	2	5	4	3	5	3	5	2	5	2	5	4	5	5	5	1	2	3	1	3	1	5	4	5	2	5	1	4	5	1	2	1	2	1	1	3	4	5	4	2	2	4	3	1	1	3	2	3	5	4	3	1	5	5	1	1	4	1	4	5	2	5	1	4	1	4	1	1	1	4	2	1	5	2	4	2	3	1	2	2	2	3	4	4	1	1	5	2	4	4	3	5	2	4	2	3	1
AT1G06690	1	1	4	2	5	4	3	5	3	3	2	5	2	5	4	5	5	5	1	2	3	1	3	1	5	4	5	2	5	3	4	5	1	2	1	2	1	1	3	4	5	4	2	2	4	3	1	1	3	2	3	5	4	5	1	5	5	1	1	4	1	4	5	2	5	1	4	1	4	1	1	1	4	2	1	5	2	4	2	3	1	2	2	2	3	4	4	1	1	5	2	4	4	3	5	2	4	2	3	1
AT1G23740	2	1	4	2	5	4	3	5	3	5	2	4	2	5	4	5	5	5	1	2	3	1	3	1	5	4	5	2	5	1	4	5	3	2	1	2	1	1	3	4	5	4	2	4	4	3	1	1	3	2	3	5	2	3	1	5	5	1	1	4	1	4	5	2	5	5	4	1	4	1	2	1	4	2	1	5	3	4	2	3	1	2	2	2	3	4	4	1	1	5	2	4	4	4	5	2	1	2	3	1
AT3G46610	5	3	2	4	4	5	2	3	1	1	5	1	3	2	1	3	1	4	4	1	5	5	4	2	4	5	2	4	4	5	5	4	2	3	5	3	2	5	1	3	2	3	1	3	2	1	2	2	5	3	2	3	5	2	2	4	3	3	3	3	5	3	2	5	2	4	2	2	5	2	3	2	1	1	2	3	1	5	3	2	3	4	3	4	4	1	3	5	2	4	5	3	5	1	1	1	3	5	5	3
AT1G29920	4	1	3	2	3	4	4	5	3	5	3	4	2	3	4	5	5	3	5	2	3	1	5	1	5	1	3	2	5	1	1	5	3	2	2	5	3	1	3	4	3	2	2	2	1	3	1	1	3	4	5	4	4	3	1	5	5	1	1	4	1	4	3	1	3	5	3	1	3	1	1	3	4	2	5	4	5	4	2	3	5	2	4	2	3	4	4	1	4	5	4	5	5	4	5	2	1	2	3	1
AT1G50450	1	4	1	3	1	1	1	2	2	3	4	5	5	4	5	1	4	1	1	5	4	2	2	3	2	3	4	3	2	3	3	2	1	5	3	1	4	3	2	1	4	5	5	5	3	5	4	5	2	5	4	1	3	5	5	2	2	5	4	2	2	5	1	4	4	2	2	3	1	5	2	5	3	5	4	2	2	2	4	5	4	3	1	5	2	3	2	4	5	3	1	1	1	3	3	5	4	1	4	2
AT2G17630	4	1	3	5	3	4	4	5	3	5	3	4	2	3	4	5	5	3	5	2	3	1	5	1	5	1	3	2	5	1	1	5	3	2	2	5	3	1	3	4	3	2	2	2	1	3	1	1	3	4	5	4	4	3	1	5	5	1	1	4	1	4	3	1	3	5	3	1	3	1	1	3	4	2	5	4	5	4	2	3	5	2	4	2	3	4	4	1	4	5	4	5	5	4	5	2	1	2	3	1
AT1G14590	1	4	4	2	5	4	3	2	2	3	2	5	5	5	5	5	5	5	1	5	4	1	3	3	2	4	5	3	2	3	4	5	1	2	1	2	1	3	2	1	5	4	5	5	4	5	4	5	3	2	3	5	3	5	5	5	2	1	4	2	1	4	5	2	5	1	4	1	4	1	2	1	3	5	1	5	2	2	4	3	1	2	2	2	2	4	4	4	1	5	2	4	4	3	5	5	4	1	3	2
AT1G54790	1	4	4	3	5	4	3	2	2	3	2	5	5	5	5	5	5	5	1	5	4	1	3	3	2	4	5	3	2	3	4	5	1	2	1	2	1	3	2	1	5	4	2	5	4	3	4	5	3	2	3	5	3	5	1	5	2	1	4	2	1	4	5	2	5	1	4	1	4	1	2	1	3	5	1	5	2	2	4	3	1	3	2	2	2	4	4	4	1	5	2	4	4	3	5	5	4	1	3	2
AT2G22360	2	1	3	2	3	4	4	5	3	5	3	4	2	3	4	5	5	3	5	2	3	1	5	1	5	1	3	2	5	1	1	5	3	2	2	5	3	1	3	4	3	2	2	2	1	3	1	1	3	4	5	4	4	3	1	5	5	1	1	4	1	4	3	1	3	5	3	1	3	1	1	3	4	2	5	4	5	4	2	3	5	2	4	2	3	4	4	1	4	5	4	5	5	4	5	2	1	2	3	1
AT4G39960	4	1	3	2	3	4	4	5	3	5	3	4	2	3	4	5	5	3	5	2	3	1	5	1	5	1	3	2	5	1	1	5	3	2	2	5	3	1	3	4	3	2	2	2	1	3	1	1	3	4	5	4	4	3	1	5	5	1	1	4	1	4	3	1	3	5	3	1	3	1	1	3	4	2	5	4	5	4	2	3	5	2	4	2	3	4	4	1	4	5	4	5	5	4	5	2	1	2	3	1
AT1G15820	4	1	3	2	3	4	4	5	3	5	3	4	2	3	4	5	5	3	5	2	3	1	5	1	5	1	3	2	5	1	1	5	3	2	2	5	3	1	3	4	3	2	2	2	1	3	1	1	3	4	5	4	4	3	1	5	5	1	1	4	1	4	3	1	3	5	3	1	3	1	1	3	4	2	5	4	5	4	2	3	5	2	4	2	3	4	4	1	4	5	4	5	5	4	5	2	1	2	3	1
AT5G52440	4	1	3	5	3	4	4	5	3	5	3	4	2	3	4	5	5	3	5	2	3	1	5	1	5	1	3	2	5	1	1	5	3	2	2	5	3	1	3	4	3	2	2	2	1	3	1	1	3	4	5	4	4	3	1	5	5	1	1	4	1	4	3	1	3	5	3	1	3	1	1	3	4	2	5	4	5	4	2	3	5	2	4	2	3	4	5	1	4	5	4	5	5	4	5	2	1	2	3	1
AT1G74880	1	4	3	3	5	1	3	2	2	3	2	5	5	5	5	1	5	1	1	5	4	1	3	3	2	4	5	3	2	3	4	2	1	5	1	2	3	3	2	1	5	4	5	5	4	5	4	5	2	2	3	4	3	5	5	2	2	1	4	2	1	5	5	2	5	1	4	1	3	5	2	1	3	5	1	5	2	2	4	5	1	3	2	2	2	4	2	4	1	5	4	4	4	3	3	5	4	1	3	2
AT3G28850	4	1	3	2	3	4	4	5	3	5	3	4	2	3	4	5	5	3	5	2	3	1	5	1	5	1	3	2	5	1	1	5	3	2	2	5	3	1	3	4	3	2	2	2	1	3	1	1	3	4	5	4	4	3	1	5	5	1	1	4	1	4	3	1	3	5	3	1	3	1	1	3	4	2	5	4	5	4	2	3	5	2	4	2	3	4	4	1	4	5	4	5	5	4	5	2	1	2	3	1
AT5G02160	1	1	4	2	5	4	3	5	3	5	2	5	2	5	4	5	5	5	1	2	3	1	3	1	5	4	5	2	5	3	4	5	1	2	1	2	1	1	3	4	5	4	2	2	4	3	1	1	3	2	3	5	4	5	1	5	5	1	1	4	1	4	5	2	5	1	4	1	4	1	1	1	4	2	1	5	2	4	2	3	1	2	2	2	3	4	4	1	1	5	2	4	4	3	5	2	4	2	3	1
AT4G33520	3	2	5	4	4	5	2	4	4	2	4	1	3	4	2	4	4	4	2	1	2	2	1	2	3	3	4	4	1	5	2	1	5	5	4	1	5	4	5	2	2	1	4	3	3	4	3	4	4	1	1	3	5	2	2	4	3	3	3	2	2	2	2	5	2	2	2	2	1	3	5	5	1	1	2	1	1	1	4	4	3	1	3	1	4	1	1	1	2	2	5	3	3	5	1	1	3	4	1	5
AT1G80380	4	1	3	5	3	4	4	5	3	5	3	2	2	3	4	5	5	3	5	2	3	1	5	1	5	1	3	2	5	1	1	5	4	2	2	5	3	1	3	4	3	2	2	2	1	3	1	1	3	4	5	4	4	3	1	5	5	1	1	4	1	4	3	1	1	5	3	1	3	1	1	3	4	2	5	4	5	4	2	3	5	2	4	2	3	4	5	1	4	5	4	5	5	4	5	2	1	2	3	1
AT5G01220	2	1	3	2	3	4	4	5	3	5	3	4	2	3	4	5	5	3	5	2	3	1	5	1	5	1	3	2	5	1	1	5	3	2	2	5	3	1	3	4	3	2	2	2	1	3	1	1	3	4	5	4	4	3	1	5	5	1	1	4	1	4	3	1	3	5	3	1	3	1	1	3	4	2	5	4	5	4	2	3	5	2	4	2	3	4	4	1	4	5	4	5	5	4	5	2	1	2	3	1
AT2G27290	4	1	3	5	3	4	4	5	3	5	3	4	2	3	4	5	5	3	5	2	3	1	5	1	5	1	3	2	5	1	1	5	3	2	2	5	3	1	3	4	3	2	2	2	1	3	1	1	3	4	5	4	4	3	1	5	5	1	1	4	1	4	3	1	3	5	3	1	3	1	1	3	4	2	5	4	5	4	2	3	5	2	4	2	3	4	4	1	4	5	4	5	5	4	5	2	1	2	3	1
AT2G37400	1	4	1	3	1	1	1	2	2	3	4	5	5	4	5	1	4	1	1	5	4	2	2	3	2	3	4	3	2	3	3	2	1	5	3	1	4	3	2	1	4	5	5	5	3	5	4	5	2	5	4	1	3	5	5	2	2	5	4	2	2	5	1	4	4	2	2	3	1	5	2	5	3	5	4	2	2	2	4	5	4	3	1	5	2	3	2	4	5	3	1	1	1	3	3	5	4	1	4	2
AT4G28025	2	1	4	2	5	4	3	5	3	5	2	3	2	5	4	5	3	5	4	4	3	5	3	1	5	4	5	1	5	4	4	5	2	1	1	3	1	1	3	3	5	4	2	4	4	2	1	1	5	3	3	5	2	4	4	3	5	2	1	5	1	4	4	3	5	5	1	5	2	1	2	1	5	2	1	3	3	4	2	1	1	5	5	4	5	4	4	1	1	4	2	4	4	2	5	2	1	2	3	3
AT3G15840	2	1	3	2	3	4	3	5	3	5	3	4	2	3	4	5	5	5	5	2	3	1	5	1	5	4	5	2	5	1	1	5	3	2	2	5	3	1	3	4	3	2	2	2	1	3	1	1	3	4	5	4	2	3	1	5	5	1	1	4	1	4	3	1	3	5	1	1	3	1	1	3	4	2	1	4	3	4	2	3	1	2	4	2	3	4	4	1	4	5	4	5	5	4	5	2	1	2	3	1
AT4G37925	4	1	3	5	3	4	4	5	3	5	3	2	2	3	4	5	5	3	5	2	3	1	5	1	5	1	3	2	5	1	1	5	4	2	2	5	3	1	3	4	3	2	2	2	1	3	1	1	3	4	5	4	4	3	1	5	5	1	1	4	1	4	3	1	1	5	3	1	3	1	1	3	4	2	5	4	5	4	2	3	5	2	4	2	3	4	5	1	4	5	4	5	5	4	5	2	1	2	3	1
AT4G27700	4	1	3	5	3	4	4	5	3	5	1	2	1	3	4	5	5	3	5	2	3	1	5	4	5	1	3	2	5	1	1	5	4	2	2	5	3	5	3	4	1	2	2	2	1	3	1	1	3	4	5	4	4	3	1	5	5	1	2	4	1	1	3	1	1	5	3	1	3	1	4	3	4	2	5	4	4	4	2	3	5	2	4	2	3	4	5	1	4	5	4	5	5	1	5	2	1	2	3	1
AT5G23890	4	1	4	2	3	4	4	5	3	5	3	4	2	3	4	5	5	3	5	2	3	1	5	1	5	1	5	2	5	1	1	5	3	2	2	2	1	1	3	4	5	4	2	2	1	3	1	1	3	4	5	5	4	3	1	5	5	1	1	4	1	4	5	1	3	5	4	1	4	1	1	3	4	2	5	4	5	4	2	3	1	2	4	2	3	4	4	1	4	5	4	4	4	4	5	2	1	2	3	1
AT2G30950	4	1	3	2	3	4	4	5	3	5	3	4	2	3	4	5	5	3	5	2	3	1	5	1	5	1	3	2	5	1	1	5	3	2	2	5	3	1	3	4	3	2	2	2	1	3	1	1	3	4	5	4	4	3	1	5	5	1	1	4	1	4	3	1	3	5	3	1	3	1	1	3	4	2	5	4	5	4	2	3	5	2	4	2	3	4	4	1	4	5	4	5	5	4	5	2	1	2	3	1
AT5G19500	4	1	3	2	3	4	4	5	3	5	3	4	2	3	4	5	5	3	5	2	3	1	5	1	5	1	3	2	5	1	1	5	3	2	2	5	3	1	3	4	3	2	2	2	1	3	1	1	3	4	5	4	4	3	1	5	5	1	1	4	1	4	3	1	3	5	3	1	3	1	1	3	4	2	5	4	5	4	2	3	5	2	4	2	3	4	4	1	4	5	4	5	5	4	5	2	1	2	3	1
AT1G44575	5	3	2	4	4	5	2	3	1	1	2	3	4	2	1	3	3	4	4	4	5	5	4	5	5	5	2	1	5	4	5	4	2	1	2	3	2	1	5	3	1	3	1	4	2	2	1	2	5	3	1	3	5	4	4	3	5	2	3	5	5	3	4	3	3	4	1	5	2	2	2	2	5	2	2	3	3	5	3	1	3	5	5	4	5	1	3	5	2	4	5	5	5	2	1	1	1	5	5	3
AT4G13010	4	1	3	2	3	4	4	5	3	5	3	4	2	3	4	5	5	3	5	2	3	1	5	1	5	1	3	2	5	1	1	5	3	2	2	5	3	1	3	4	3	2	2	2	1	3	1	1	3	4	5	4	4	3	1	5	5	1	1	4	1	4	3	1	3	5	3	1	3	1	1	3	4	2	5	4	5	4	2	3	5	2	4	2	3	4	4	1	4	5	4	5	5	4	5	2	1	2	3	1
AT2G40100	4	1	4	2	3	4	3	5	3	5	3	4	2	5	4	5	5	3	5	2	3	1	5	1	5	1	5	2	5	1	4	5	3	2	2	5	1	1	3	4	5	4	2	2	4	3	1	1	3	2	3	5	4	3	1	5	5	1	1	4	1	4	5	1	5	5	3	1	4	1	1	3	4	2	5	4	5	4	2	3	1	2	2	2	3	4	4	1	4	5	4	4	4	4	5	2	1	2	3	1
AT1G71500	5	3	2	4	4	5	2	3	1	1	2	3	4	2	1	3	3	4	4	4	5	5	4	5	5	5	2	1	5	4	5	4	2	1	2	3	2	1	5	3	1	3	1	4	2	2	1	2	5	3	1	3	5	4	4	3	5	2	3	5	5	3	4	3	3	4	1	5	2	2	2	2	5	2	2	3	3	5	3	1	3	5	5	4	5	1	3	5	2	4	5	5	5	2	1	1	1	5	5	3
AT1G42960	1	1	4	2	5	4	3	5	3	3	2	5	2	5	4	5	5	5	1	2	3	1	3	1	5	4	5	3	5	3	4	5	1	2	1	2	1	1	3	4	5	4	2	2	4	3	1	1	3	2	3	5	3	5	1	5	5	1	1	4	1	4	5	2	5	1	4	1	4	1	2	1	4	2	1	5	2	2	2	3	1	2	2	2	3	4	4	4	1	5	2	4	4	3	5	5	4	2	3	1
AT3G26080	1	1	4	2	5	4	3	5	3	3	2	5	2	5	4	5	5	5	1	5	3	1	3	1	5	4	5	3	5	3	4	5	1	2	1	2	1	1	3	4	5	4	2	5	4	3	1	1	3	2	3	5	3	5	1	5	5	1	4	4	1	4	5	2	5	1	4	1	4	1	2	1	4	2	1	5	2	2	2	3	1	2	2	2	3	4	4	4	1	5	2	4	4	3	5	5	4	2	3	1
AT2G21530	1	4	1	3	1	1	1	2	2	3	4	5	5	4	5	1	4	1	1	5	4	2	2	3	2	3	4	3	2	3	3	2	1	5	3	1	4	3	2	1	4	5	5	5	3	5	4	5	2	5	4	1	3	5	5	2	2	5	4	2	2	5	1	4	4	2	2	3	1	5	2	5	3	5	4	2	2	2	4	5	4	3	1	5	2	3	2	4	5	3	1	1	1	3	3	5	4	1	4	2
AT4G19830	4	1	3	5	3	4	4	5	3	5	3	4	2	3	4	5	5	3	5	2	3	1	5	1	5	1	3	2	5	1	1	5	3	2	2	5	3	1	3	4	3	2	2	2	1	3	1	1	3	4	5	4	4	3	1	5	5	1	1	4	1	4	3	1	3	5	3	1	3	1	1	3	4	2	5	4	5	4	2	3	5	2	4	2	3	4	5	1	4	5	4	5	5	4	5	2	1	2	3	1
AT2G37660	4	1	3	5	3	4	4	5	3	5	3	4	2	3	4	5	5	3	5	2	3	1	5	1	5	1	3	2	5	1	1	5	3	2	2	5	3	1	3	4	3	2	2	2	1	3	1	1	3	4	5	4	4	3	1	5	5	1	1	4	1	4	3	1	3	5	3	1	3	1	1	3	4	2	5	4	5	4	2	3	5	2	4	2	3	4	5	1	4	5	4	5	5	4	5	2	1	2	3	1
AT3G10470	4	1	3	2	3	4	4	5	3	5	3	4	2	3	4	5	5	3	5	2	3	1	5	1	5	1	3	2	5	1	1	5	3	2	2	5	3	1	3	4	3	2	2	2	1	3	1	1	3	4	5	4	4	3	1	5	5	1	1	4	1	4	3	1	3	5	3	1	3	1	1	3	4	2	5	4	5	4	2	3	5	2	4	2	3	4	4	1	4	5	4	5	5	4	5	2	1	2	3	1
AT2G37230	4	1	3	2	3	4	4	5	3	5	3	4	2	3	4	5	5	3	5	2	3	1	5	1	5	1	3	2	5	1	1	5	3	2	2	5	3	1	3	4	3	2	2	2	1	3	1	1	3	4	5	4	4	3	1	5	5	1	1	4	1	4	3	1	3	5	3	1	3	1	1	3	4	2	5	4	5	4	2	3	1	2	4	2	3	4	4	1	4	5	4	5	5	4	5	2	1	2	3	1
AT1G54780	2	1	3	2	3	4	4	5	3	5	3	3	2	3	4	5	3	5	4	4	3	5	5	1	5	4	3	1	5	4	1	5	2	1	2	3	3	1	3	3	3	2	2	4	1	2	1	1	3	4	5	4	2	4	4	5	5	2	1	5	1	4	4	3	3	5	1	5	2	1	1	3	5	2	5	3	3	4	2	3	1	2	5	4	5	4	4	1	4	4	4	5	5	2	5	2	1	2	3	3
AT4G33010	4	1	5	5	3	4	5	5	3	5	1	2	1	3	4	5	5	3	5	2	3	3	5	4	5	1	3	2	5	1	1	5	4	2	2	5	3	5	3	4	1	2	2	2	1	3	1	1	3	4	5	4	4	3	1	5	1	1	2	4	4	1	3	1	1	5	3	1	3	1	4	3	4	2	5	4	4	1	2	3	5	2	3	2	3	4	5	1	4	5	4	5	5	1	5	2	5	2	3	1
AT5G19370	4	1	3	5	3	4	4	5	3	5	3	4	2	3	4	5	5	3	5	2	3	1	5	1	5	1	3	2	5	1	1	5	3	2	2	5	3	1	3	4	3	2	2	2	1	3	1	1	3	4	5	4	4	3	1	5	5	1	1	4	1	4	3	1	3	5	3	1	3	1	1	3	4	2	5	4	5	4	2	3	5	2	4	2	3	4	4	1	4	5	4	5	5	4	5	2	1	2	3	1
AT2G30695	4	1	4	2	3	4	3	5	3	5	3	4	2	5	4	5	5	5	5	2	3	1	5	1	5	1	5	2	5	1	4	5	3	2	2	5	1	1	3	4	5	4	2	2	4	3	1	1	3	2	5	5	4	3	1	5	5	1	1	4	1	4	5	1	5	5	3	1	4	1	1	3	4	2	5	4	5	4	2	3	1	2	2	2	3	4	4	1	4	5	4	4	4	4	5	2	1	2	3	1
AT5G42070	4	1	3	5	3	4	4	5	3	5	3	4	2	3	4	5	5	3	5	2	3	1	5	1	5	1	3	2	5	1	1	5	3	2	2	5	3	1	3	4	3	2	2	2	1	3	1	1	3	4	5	4	4	3	1	5	5	1	1	4	1	4	3	1	3	5	3	1	3	1	1	3	4	2	5	4	5	4	2	3	5	2	4	2	3	4	4	1	4	5	4	5	5	4	5	2	1	2	3	1
AT4G39730	2	1	4	2	5	4	3	5	3	5	3	4	2	5	4	5	5	5	5	2	3	1	5	1	5	4	5	2	5	1	4	5	3	2	2	2	1	1	3	4	5	4	2	2	4	3	1	1	3	4	3	5	4	3	1	5	5	1	1	4	1	4	5	2	5	5	4	1	4	1	1	3	4	2	1	5	5	4	2	3	1	2	2	2	3	4	4	1	1	5	4	4	4	4	5	2	1	2	3	1
AT1G07510	4	1	3	2	3	4	4	5	3	5	3	4	2	3	4	5	5	3	5	2	3	1	5	1	5	1	3	2	5	1	1	5	3	2	2	5	3	1	3	4	3	2	2	2	1	3	1	1	3	4	5	4	4	3	1	5	5	1	1	4	1	4	3	1	3	5	3	1	3	1	1	3	4	2	5	4	5	4	2	3	5	2	4	2	3	4	4	1	4	5	4	5	5	4	5	2	1	2	3	1
AT1G79040	5	3	2	4	4	5	2	3	1	1	2	3	4	2	1	3	3	4	4	4	5	5	4	5	5	5	2	1	4	4	5	4	2	1	2	3	2	1	5	3	1	3	1	4	2	2	1	2	5	3	1	3	5	4	4	3	5	2	3	5	5	3	4	3	3	4	1	5	2	2	2	2	5	2	2	3	3	5	3	1	3	5	5	4	5	1	3	5	2	4	5	5	5	2	1	1	1	5	5	3
AT2G21160	1	4	1	3	1	1	1	2	2	3	4	5	5	4	5	1	4	1	1	5	4	2	2	3	2	3	4	3	2	3	3	2	1	5	3	1	4	3	2	1	4	5	5	5	3	5	4	5	2	5	4	1	3	5	5	2	2	5	4	2	2	5	1	4	4	2	2	3	1	5	2	5	3	5	4	2	2	2	4	5	4	3	1	5	2	3	2	4	5	3	1	1	1	3	3	5	4	1	4	2
AT4G39460	4	1	3	2	3	4	4	5	3	5	3	4	2	3	4	5	5	3	5	2	3	1	5	1	5	1	3	2	5	1	1	5	3	2	2	5	3	1	3	4	3	2	2	2	1	3	1	1	3	4	5	4	4	3	1	5	5	1	1	4	1	4	3	1	3	5	3	1	3	1	1	3	4	2	5	4	5	4	2	3	5	2	4	2	3	4	4	1	4	5	4	5	5	4	5	2	1	2	3	1
AT3G26580	4	1	3	2	3	4	4	5	3	5	3	4	2	3	4	5	5	3	5	2	3	1	5	1	5	1	3	2	5	1	1	5	3	2	2	5	3	1	3	4	3	2	2	2	1	3	1	1	3	4	5	4	4	3	1	5	5	1	1	4	1	4	3	1	3	5	3	1	3	1	1	3	4	2	5	4	5	4	2	3	5	2	4	2	3	4	4	1	4	5	4	5	5	4	5	2	1	2	3	1
AT1G03160	4	1	3	5	3	4	4	5	3	5	3	2	2	3	4	5	5	3	5	2	3	1	5	1	5	1	3	2	5	1	1	5	4	2	2	5	3	1	3	4	3	2	2	2	1	3	1	1	3	4	5	4	4	3	1	5	5	1	1	4	1	4	3	1	1	5	3	1	3	1	1	3	4	2	5	4	5	4	2	3	5	2	4	2	3	4	5	1	4	5	4	5	5	4	5	2	1	2	3	1
AT2G24020	1	1	4	2	5	4	3	5	3	3	2	5	2	5	5	5	5	5	1	5	3	1	3	1	2	4	5	3	5	3	4	5	1	2	1	2	1	1	3	4	5	4	2	5	4	3	1	5	3	2	3	5	3	5	1	5	5	1	4	4	1	4	5	2	5	1	4	1	4	1	2	1	4	2	1	5	2	2	2	3	1	2	2	2	3	4	4	4	1	5	2	4	4	3	5	5	4	2	3	1
AT1G05385	1	1	4	2	5	4	3	5	3	3	2	5	2	5	4	5	5	5	1	2	3	1	3	1	5	4	5	2	5	1	4	5	1	2	1	2	1	1	3	4	5	4	2	2	4	3	1	1	3	2	3	5	4	5	1	5	5	1	1	4	1	4	5	2	5	1	4	1	4	1	1	1	4	2	1	5	2	4	2	3	1	2	2	2	3	4	4	1	1	5	2	4	4	3	5	2	4	2	3	1
AT5G52970	4	1	3	2	3	4	4	5	3	5	3	4	2	3	4	5	5	3	5	2	3	1	5	1	5	1	3	2	5	1	1	5	3	2	2	5	3	1	3	4	3	2	2	2	1	3	1	1	3	4	5	4	4	3	1	5	5	1	1	4	1	4	3	1	3	5	3	1	3	1	1	3	4	2	5	4	5	4	2	3	5	2	4	2	3	4	4	1	4	5	4	5	5	4	5	2	1	2	3	1
AT3G08920	4	1	3	5	3	4	4	5	3	5	3	2	2	3	4	5	5	3	5	2	3	1	5	1	5	1	3	2	5	1	1	5	4	2	2	5	3	1	3	4	1	2	2	2	1	3	1	1	3	4	5	4	4	3	1	5	5	1	1	4	1	1	3	1	1	5	3	1	3	1	1	3	4	2	5	4	4	4	2	3	5	2	4	2	3	4	5	1	4	5	4	5	5	1	5	2	1	2	3	1
AT1G72640	4	1	3	5	3	4	4	5	3	5	3	4	2	3	4	5	5	3	5	2	3	1	5	1	5	1	3	2	5	1	1	5	3	2	2	5	3	1	3	4	3	2	2	2	1	3	1	1	3	4	5	4	4	3	1	5	5	1	1	4	1	4	3	1	3	5	3	1	3	1	1	3	4	2	5	4	5	4	2	3	5	2	4	2	3	4	5	1	4	5	4	5	5	4	5	2	1	2	3	1
AT1G67840	1	4	3	3	5	1	3	2	2	3	2	5	5	5	5	1	5	1	1	5	4	1	3	3	2	3	5	3	2	3	4	2	1	5	1	2	3	3	2	1	5	4	5	5	4	5	4	5	2	2	3	4	3	5	5	2	2	1	4	2	2	5	5	2	5	1	4	3	3	5	2	1	3	5	1	5	2	2	4	5	1	3	2	5	2	4	2	4	1	3	4	4	4	3	3	5	4	1	3	2
AT5G13120	4	1	3	5	3	4	4	5	3	5	3	4	2	3	4	5	5	3	5	2	3	1	5	1	5	1	3	2	5	1	1	5	3	2	2	5	3	1	3	4	3	2	2	2	1	3	1	1	3	4	5	4	4	3	1	5	5	1	1	4	1	4	3	1	3	5	3	1	3	1	1	3	4	2	5	4	5	4	2	3	5	2	4	2	3	4	5	1	4	5	4	5	5	4	5	2	1	2	3	1
AT4G31390	5	3	5	4	4	3	2	1	1	1	5	1	3	4	1	4	1	2	2	1	5	2	4	2	4	5	2	4	4	5	2	3	5	3	5	1	2	4	1	2	2	1	1	3	5	1	2	4	1	1	2	3	5	2	2	4	3	3	3	3	5	3	2	5	2	4	2	2	5	3	3	2	1	1	3	1	1	5	3	2	3	4	3	1	4	5	1	5	2	2	5	3	2	5	1	1	3	5	5	5
AT4G24930	1	1	4	2	5	4	3	5	3	3	2	5	2	5	4	5	5	5	1	2	3	1	3	1	5	4	5	2	5	3	4	5	1	2	1	2	1	1	3	4	5	4	2	2	4	3	1	1	3	2	3	5	4	5	1	5	5	1	1	4	1	4	5	2	5	1	4	1	4	1	2	1	4	2	1	5	2	4	2	3	1	2	2	2	3	4	4	1	1	5	2	4	4	3	5	2	4	2	3	1
AT1G74710	4	1	3	5	3	4	4	5	3	5	3	4	2	3	4	5	5	3	5	2	3	1	5	1	5	1	3	2	5	1	1	5	3	2	2	5	3	1	3	4	3	2	2	2	1	3	1	1	3	4	5	4	4	3	1	5	5	1	1	4	1	4	3	1	3	5	3	1	3	1	1	3	4	2	5	4	5	4	2	3	5	2	4	2	3	4	5	1	4	5	4	5	5	4	5	2	1	2	3	1
AT4G18370	1	1	4	2	5	4	3	5	3	5	2	5	2	5	4	5	5	5	1	2	3	1	3	1	5	4	5	2	5	1	4	5	1	2	1	2	1	1	3	4	5	4	2	2	4	3	1	1	3	2	3	5	4	3	1	5	5	1	1	4	1	4	5	2	5	1	4	1	4	1	1	1	4	2	1	5	2	4	2	3	1	2	2	2	3	4	4	1	1	5	2	4	4	3	5	2	1	2	3	1
AT1G03090	1	4	1	3	1	1	1	2	2	3	4	5	5	4	5	1	4	1	1	5	4	2	2	3	2	3	4	3	2	3	3	2	1	5	3	1	4	3	2	1	4	5	5	5	3	5	4	5	2	5	4	1	3	5	5	2	2	5	4	2	2	5	1	4	4	2	2	3	1	5	2	5	3	5	4	2	2	2	4	5	4	3	1	5	2	3	2	4	5	3	1	1	1	3	3	5	4	1	4	2
AT3G55330	4	1	3	2	3	4	4	5	3	5	3	4	2	3	4	5	5	3	5	2	3	1	5	1	5	1	3	2	5	1	1	5	3	2	2	5	3	1	3	4	3	2	2	2	1	3	1	1	3	4	5	4	4	3	1	5	5	1	1	4	1	4	3	1	3	5	3	1	3	1	1	3	4	2	5	4	5	4	2	3	5	2	4	2	3	4	4	1	4	5	4	5	5	4	5	2	1	2	3	1
AT4G36810	3	5	1	1	2	2	5	1	4	4	1	1	4	1	3	1	2	2	3	3	1	4	1	5	1	2	1	5	3	2	3	1	5	4	3	4	5	2	4	5	2	1	3	1	3	4	5	3	1	1	4	2	1	1	3	1	4	4	5	1	3	4	2	5	2	3	5	4	5	4	3	4	2	3	3	1	4	3	1	4	2	1	3	3	1	2	1	3	3	1	3	2	2	5	4	4	2	3	2	4
AT1G16790	2	1	3	2	3	4	4	5	3	5	3	3	2	3	4	5	3	5	5	4	3	1	5	1	5	4	3	2	5	4	1	5	3	2	2	5	3	1	3	4	3	2	2	4	1	3	1	1	3	4	5	4	2	4	4	5	5	1	1	5	1	4	4	3	3	5	1	1	3	1	1	3	4	2	5	3	3	4	2	3	1	2	5	2	3	4	4	1	4	5	4	5	5	2	5	2	1	2	3	1
AT1G15140	4	1	4	2	5	4	3	5	3	5	3	4	2	5	4	5	5	5	5	2	3	1	5	1	5	4	5	2	5	1	4	5	3	2	2	2	1	1	3	4	5	4	2	2	4	3	1	1	3	2	5	5	4	3	1	5	5	1	1	4	1	4	5	1	5	5	4	1	4	1	1	3	4	2	1	4	5	4	2	3	1	2	2	2	3	4	4	1	4	5	4	4	4	4	5	2	1	2	3	1
AT1G31180	1	4	4	3	5	1	3	2	2	3	2	5	5	5	5	1	4	1	1	5	4	1	3	3	2	4	5	3	2	3	4	2	1	5	1	2	1	3	2	1	5	4	5	5	4	5	4	5	2	2	3	5	3	5	5	2	2	5	4	2	2	5	5	2	5	1	4	3	4	5	2	1	3	5	1	5	2	2	4	5	4	3	2	5	2	3	2	4	1	3	2	4	4	3	3	5	4	1	4	2
AT5G03455	4	1	3	2	3	4	4	5	3	5	3	4	2	3	4	5	5	3	5	2	3	1	5	1	5	1	3	2	5	1	1	5	3	2	2	5	3	1	3	4	3	2	2	2	1	3	1	1	3	4	5	4	4	3	1	5	5	1	1	4	1	4	3	1	3	5	3	1	3	1	1	3	4	2	5	4	5	4	2	3	5	2	4	2	3	4	4	1	4	5	4	5	5	4	5	2	1	2	3	1
AT5G52780	1	1	4	2	5	4	3	5	3	3	2	5	2	5	4	5	5	5	1	2	3	1	3	1	5	4	5	3	5	3	4	5	1	2	1	2	1	1	3	1	5	4	2	2	4	3	1	1	3	2	3	5	3	5	1	5	5	1	4	4	1	4	5	2	5	1	4	1	4	1	2	1	4	2	1	5	2	2	2	3	1	2	2	2	3	4	4	4	1	5	2	4	4	3	5	5	4	2	3	1
AT1G51110	4	1	3	2	3	4	4	5	3	5	3	4	2	3	4	5	5	3	5	2	3	1	5	1	5	1	3	2	5	1	1	5	3	2	2	5	3	1	3	4	3	2	2	2	1	3	1	1	3	4	5	4	4	3	1	5	5	1	1	4	1	4	3	1	3	5	3	1	3	1	1	3	4	2	5	4	5	4	2	3	5	2	4	2	3	4	4	1	4	5	4	5	5	4	5	2	1	2	3	1
AT3G25480	2	1	3	2	3	4	4	5	3	5	3	3	2	3	4	5	3	5	5	4	3	1	5	1	5	4	3	1	5	4	1	5	3	2	2	3	3	1	3	4	3	2	2	4	1	2	1	1	3	4	5	4	2	4	4	5	5	1	1	5	1	4	4	3	3	5	1	1	3	1	1	3	4	2	5	3	3	4	2	3	1	2	5	2	3	4	4	1	4	5	4	5	5	2	5	2	1	2	3	3
AT5G42765	4	1	3	2	3	4	4	5	3	5	3	4	2	3	4	5	5	3	5	2	3	1	5	1	5	1	3	2	5	1	1	5	3	2	2	5	3	1	3	4	3	2	2	2	1	3	1	1	3	4	5	4	4	3	1	5	5	1	1	4	1	4	3	1	3	5	3	1	3	1	1	3	4	2	5	4	5	4	2	3	5	2	4	2	3	4	4	1	4	5	4	5	5	4	5	2	1	2	3	1
AT1G16880	3	3	5	1	2	3	2	1	5	4	5	1	3	4	1	2	1	2	2	1	1	2	1	2	4	5	2	4	4	5	5	3	5	3	5	4	5	5	1	2	1	1	1	1	5	1	2	2	1	1	2	3	5	2	2	4	3	3	3	3	5	3	2	5	2	4	2	2	5	3	3	2	1	1	3	1	1	3	3	2	3	4	3	1	4	5	1	2	3	3	5	3	2	5	2	1	3	5	5	5
AT1G14345	4	1	3	5	3	4	4	5	3	5	3	4	2	3	4	5	5	3	5	2	3	1	5	1	5	1	3	2	5	1	1	5	4	2	2	5	3	1	3	4	3	2	2	2	1	3	1	1	3	4	5	4	4	3	1	5	5	1	1	4	1	4	3	1	1	5	3	1	3	1	1	3	4	2	5	4	5	4	2	3	5	2	4	2	3	4	5	1	4	5	4	5	5	4	5	2	1	2	3	1
AT1G66670	4	1	3	5	3	4	4	5	3	5	3	4	2	3	4	5	5	3	5	2	3	1	5	1	5	1	3	2	5	1	1	5	3	2	2	5	3	1	3	4	3	2	2	2	1	3	1	1	3	4	5	4	4	3	1	5	5	1	1	4	1	4	3	1	3	5	3	1	3	1	1	3	4	2	5	4	5	4	2	3	5	2	4	2	3	4	5	1	4	5	4	5	5	4	5	2	1	2	3	1
