parent	child
0	1024
0	1025
0	1026
0	2051
0	2052
0	1537
0	1538
0	5647
0	5648
0	5649
0	5650
0	3587
0	5652
0	533
0	534
0	1535
0	537
0	538
0	4280
0	2047
0	4141
0	4142
0	4143
0	4145
0	4147
0	4148
0	4149
0	1536
0	5044
0	6072
0	4668
0	5181
0	5182
0	5183
0	5184
0	4673
0	4674
0	6070
0	183
0	3003
0	6225
0	6226
0	6227
0	6228
0	6229
0	6230
0	6231
0	6232
0	6233
0	6234
0	3163
0	3164
0	186
0	3167
0	3168
0	5051
0	3173
0	4796
0	3005
0	3006
0	532
0	6079
0	6268
0	6269
0	6270
0	6271
0	6272
0	6273
0	6274
0	643
0	644
0	646
0	648
0	649
0	650
0	3726
0	655
0	3729
0	3730
0	3731
0	3733
0	5782
0	5783
0	5784
0	5785
0	6298
0	5787
0	6301
0	3001
0	6303
0	6305
0	1186
0	2211
0	1189
0	1190
0	1191
0	1192
0	2217
0	2218
0	1707
0	1708
0	6317
0	6318
0	6319
0	6320
0	6321
0	2226
0	6323
0	4276
0	4277
0	5303
0	5304
0	4281
0	5306
0	4795
0	188
0	189
0	4798
0	4799
0	4800
0	4801
0	5305
0	3300
0	3301
0	3302
0	3304
0	3305
0	2046
0	5307
0	6316
0	5417
0	767
0	768
0	769
0	770
0	771
0	772
0	773
0	774
0	4908
0	4909
0	6275
0	4910
0	185
0	5423
0	2844
0	2845
0	2847
0	2848
0	2850
0	2851
0	4913
0	3881
0	3883
0	3884
0	3885
0	3886
0	4911
0	5419
0	305
0	4914
0	308
0	309
0	4407
0	4408
0	4409
0	4410
0	4411
0	4415
0	1350
0	1351
0	1352
0	1353
0	1354
0	1355
0	1357
0	1358
0	2385
0	1874
0	1875
0	1878
0	1879
0	1880
0	1881
0	3727
0	1886
0	6075
0	3434
0	3435
0	3437
0	3439
0	3440
0	3442
0	886
0	887
0	888
0	889
0	891
0	892
0	893
0	6067
0	6297
0	306
0	1704
0	5049
0	5531
0	5532
0	5533
0	5535
0	6299
0	421
0	424
0	4009
0	4011
0	4012
0	6066
0	5043
0	6302
0	5046
0	5047
0	4282
0	3002
0	4539
0	5530
0	4541
0	4542
0	2214
0	3008
0	6304
0	1187
0	4797
0	3575
0	5421
0	419
0	2045
0	5420
0	5045
0	2384
0	3579
0	1702
0	1022
0	2216
0	1703
0	2540
0	2543
0	2544
0	2545
0	2546
0	187
0	3576
0	3577
0	1019
0	1020
0	1533
0	1534
2051	1724
2051	1900
2052	2064
2052	1890
2052	2059
2055	2086
2056	2085
2059	1765
2059	1896
2059	2123
2059	1936
2059	2130
5570	5611
5570	5461
2064	2134
2067	1905
2067	2098
2067	2093
5125	5165
4911	4960
4911	4897
4911	4715
4911	4937
4911	4461
4911	4845
4911	4567
2085	2096
5127	5156
4143	4016
4143	4158
2098	2141
4147	4019
4147	4150
4149	4024
4149	4229
4150	4060
4152	4182
4152	3639
5812	5716
5812	5831
5813	5834
5814	5867
5814	5859
5814	5719
2123	1961
2123	1808
2123	1489
2123	1655
4026	3904
4026	4045
6225	6252
2130	2144
2130	2138
2130	1965
6228	6259
6229	6240
6229	6237
5817	5832
6233	6244
2144	1977
2144	2146
5156	5168
5156	5179
2146	1980
5186	5200
6246	6267
6247	6263
6253	6265
6255	6260
6258	6266
3091	3099
2409	2416
2409	2251
4914	4920
6268	6259
6268	6252
3434	3306
3434	3452
6270	6238
6272	6281
6272	6276
6272	6284
6272	6255
6273	6243
6274	6290
6274	6261
6275	6246
6276	6264
6281	6292
6281	6253
6284	6257
6284	6291
5051	4923
5051	5054
2413	2442
2413	2428
6290	6261
4546	4560
4546	4425
6292	6262
6298	1023
6299	6307
6299	6259
6301	6314
6302	6281
6302	6308
6302	6311
6304	6309
6304	6255
6305	6312
4857	4865
4857	4868
2211	2220
6309	6290
2214	2056
2214	2222
6311	6265
2216	2059
2216	2228
2216	2221
2217	2227
2218	1900
6316	6306
6317	6307
6318	6308
6319	6291
6320	6310
6321	6312
6323	6314
2228	1926
2228	2279
4277	4152
4277	4299
4277	4293
4277	4294
183	219
4280	4296
4280	4292
185	190
186	193
187	213
189	202
190	207
2239	2085
193	197
197	204
197	205
4294	4298
200	206
202	224
202	211
204	218
206	221
207	226
4306	4330
211	217
211	222
2262	2289
217	227
218	225
221	270
222	228
222	230
225	229
227	252
228	254
229	234
230	241
230	240
230	253
4334	4360
240	255
241	247
247	274
247	251
2298	2325
251	267
253	262
255	299
255	277
262	271
267	297
267	284
274	295
5533	5620
5533	5604
5509	5524
4148	4062
6072	6088
6072	6081
6072	6092
6072	5494
295	302
299	303
302	304
305	190
306	313
308	193
308	310
309	314
309	202
310	316
310	197
4407	4292
4407	4296
4407	4425
4407	4461
4407	4436
4408	4284
313	200
314	320
314	321
314	202
314	323
314	315
316	204
4415	4440
4415	4293
4415	4301
320	345
320	219
321	224
4418	4294
4418	4430
323	211
323	327
325	213
4307	4334
327	336
327	222
4425	4439
4430	4458
4430	4306
336	222
336	343
343	355
343	230
4440	4449
4440	4229
4440	4369
2398	2239
2398	2407
2400	2241
4449	4369
4449	4229
355	361
355	241
2404	2408
2404	2413
2407	2423
2408	2439
361	365
361	247
4458	4330
4458	4491
3815	3822
365	251
365	375
2416	2259
2416	2436
2416	2438
375	267
2428	2437
2436	2289
2438	2447
2439	2445
2447	2455
2455	2467
2455	2485
5530	5425
5189	4961
5189	5218
5189	4936
5189	5208
4899	4907
4899	4903
419	426
419	310
421	441
424	320
424	434
424	443
424	314
426	442
426	316
434	440
434	323
4299	4307
4299	4182
436	325
2485	2505
2485	2487
2487	2504
442	450
443	345
443	219
4541	4544
4541	4546
4541	4292
4541	4425
4541	4461
4541	4567
4542	4296
4542	4436
4542	4548
4544	4562
4544	4564
450	454
454	459
2504	2513
2505	2521
459	468
4560	4568
4560	4440
4560	4583
4562	4589
2467	2477
5425	5434
4567	4461
4568	4449
4568	4595
4568	4596
2521	2531
4573	4590
5541	5000
5541	4868
5541	5629
2540	2548
2540	2398
2543	2564
2544	2409
2544	2550
2545	2404
2545	2551
4595	4480
2548	2565
2548	2407
4597	3821
4597	4622
2550	1961
2550	1963
2550	1808
2550	1489
2550	1655
2550	2556
2550	1791
2551	2408
2551	2582
3839	3880
2556	1961
2556	1963
2556	1808
2556	1489
2556	2580
2556	1655
2556	1791
3840	3855
2565	2575
2565	2423
4618	4625
6231	6243
6231	6246
4622	4655
532	546
532	426
533	551
534	544
537	436
538	434
538	542
2587	2627
2587	2445
6234	6261
6234	6255
542	553
2593	2650
546	441
546	555
546	550
4643	4656
2596	2637
2596	2455
550	562
551	604
553	564
555	450
555	559
4654	4661
559	454
559	566
566	459
5215	5099
4673	4677
4674	4548
4674	4687
4677	4701
6241	6253
5282	5288
2637	2485
2637	2663
6244	6258
3855	3868
604	626
4539	4433
6226	6241
2663	2673
2663	2505
6237	6247
2673	2521
4863	4884
643	661
646	658
646	542
648	544
648	653
649	546
649	660
650	686
653	663
655	684
655	551
658	553
658	667
658	670
660	666
660	555
666	696
666	675
666	559
667	690
667	751
670	564
670	695
675	689
675	566
3868	3879
690	698
698	726
4796	4687
4797	4677
4797	4806
4798	4809
4800	4897
4800	4715
4800	4461
4800	4845
4800	4567
4801	4804
4801	4439
4804	4830
4806	4813
4809	4818
2850	2887
4593	4643
4593	4654
726	750
5241	5272
4451	4480
3194	3199
4830	4834
4830	4838
2853	1793
2853	1965
2853	2879
4834	4885
4838	4857
4838	4863
750	757
757	759
759	766
4564	4573
767	818
767	686
768	661
769	653
769	783
770	656
770	798
771	776
771	784
771	658
771	780
772	795
773	804
774	660
776	820
780	667
780	807
784	802
784	670
4884	4899
2845	2863
798	801
2847	2409
2847	2853
2847	2877
2848	904
802	695
2851	2860
807	690
807	815
4596	4618
4910	4923
4910	4806
4910	4918
815	698
815	819
4913	4916
819	826
820	842
4918	4928
4918	4813
4920	5020
2873	2907
826	834
4923	4926
2877	2883
4926	4953
2879	2884
4928	4936
4928	4824
834	854
2883	2927
2884	2894
4936	4961
4936	4962
4936	4838
4937	4897
4937	5041
2894	2929
3896	3904
3214	3065
4953	5032
4953	4966
4960	4973
4961	5000
4961	4857
4961	4868
4962	4970
4962	4863
4966	5030
4970	4863
2927	2967
5212	5092
5212	5269
2929	2970
6291	6260
886	904
887	776
887	905
887	924
888	903
889	938
889	780
889	911
891	795
892	783
893	896
893	804
893	1002
893	686
893	818
896	913
903	907
907	918
911	919
911	807
918	965
919	935
919	815
924	936
924	820
4813	4824
5030	5036
935	960
938	1004
3229	3267
3229	3247
5043	5022
5044	4916
5045	5052
5047	4918
5047	5055
3001	904
3002	1724
3003	3010
3003	3018
3003	2863
3005	3013
3006	3016
3006	2860
3006	3055
5055	4928
5055	5065
3010	3022
3010	2863
965	996
3016	3028
3016	2877
5065	4960
5065	5090
5065	5094
5065	5100
3018	3038
3018	2887
4589	4593
4589	4597
4589	3817
3022	3047
4439	4451
3028	3032
3028	3029
3028	2877
5079	5096
5079	4953
3032	2883
3032	3051
3038	3091
4330	4389
5627	5643
5627	5644
5627	5511
3198	3051
3198	3214
5096	5125
5096	4966
3051	3065
5288	5301
3923	3957
3923	3782
3582	3605
1019	938
1019	1030
1020	1032
1020	896
1022	795
1022	1031
1024	1028
1024	1029
1024	903
1025	904
1026	905
1026	1157
1028	907
1028	1037
1029	1043
1030	1096
1030	1004
1030	1002
1030	1036
1030	686
1030	818
1030	938
1032	1040
1032	1049
1032	913
1033	924
1033	1045
1036	1002
1036	818
1036	1042
1037	1077
1037	918
2221	2067
2221	2251
1040	1056
1040	919
1042	1002
1042	1073
1042	818
1045	1080
1045	1057
1045	924
1049	1104
3099	3108
6297	6277
6297	6310
1056	1089
1056	935
1057	936
1057	1078
3108	3127
5218	5000
5218	5100
5218	5274
5218	5270
5832	5845
2226	2272
3639	3645
5168	5178
1073	1161
6240	6264
6240	6257
6240	6262
1077	1093
1077	965
1078	1105
5182	5052
5182	5245
5183	5186
5183	5189
5183	5054
5183	5191
5184	5022
5184	5190
1089	960
1089	1106
1089	1146
1093	965
1093	1126
5191	5199
5199	5076
5199	5204
1105	1134
1106	1172
5204	5212
3583	3598
5208	5090
5208	5215
3163	1724
3164	3176
3164	3170
3164	3010
4282	4286
4282	4158
3168	3016
3168	3175
3173	1963
3173	3181
1126	1136
3175	3177
3175	3179
3175	3028
3176	3194
3176	3022
3177	3197
3177	3029
3179	3032
3179	3196
3179	3191
3181	3195
1134	1182
1136	1154
1136	996
3188	3241
3188	3091
3584	3596
3191	3051
3191	3198
2580	2586
2580	2590
2580	2438
1146	1166
3195	3245
3196	3229
3199	3055
2241	2086
1166	1170
3608	3639
1170	1184
3267	3270
5272	5282
5274	5302
2586	2596
2586	2652
2586	2447
1184	1185
1186	1157
1186	1238
1187	1196
1187	1028
1189	1030
1191	1031
1192	1033
1192	1198
1192	1049
3241	3099
1196	1233
1196	1037
3245	3248
1198	1202
1198	1045
2222	2064
2222	2259
2222	2239
3248	3268
1202	1234
1202	1212
1202	1045
5303	5313
5303	5186
5305	5314
5306	4961
5306	5218
5306	5190
5306	5319
5307	5312
5307	5191
1212	1057
1212	1235
1212	1223
4298	4318
5312	5317
5312	5199
5313	5200
5313	5325
2251	2098
2251	2262
5317	5323
5317	5245
3270	3298
1223	1258
1223	1263
5323	5356
5323	5245
5323	5358
5325	5353
4301	4369
4301	4229
1233	1250
1233	1077
1234	1080
1234	1308
1235	1265
1235	1078
1238	1157
1250	1093
1250	1286
3300	3170
3300	3310
3304	3188
3304	3308
3304	3038
3304	2887
3305	3312
3305	3176
3305	3306
3305	3307
1263	1300
3312	3316
1265	1296
1265	1105
2259	2134
3316	3355
3319	3322
3319	3194
3320	3195
3320	3342
3320	3367
3322	3199
3322	3343
5381	5390
5381	5389
5381	5270
1286	1126
2863	2873
5388	5396
3342	3352
3342	3229
1296	1331
1296	1134
3352	3393
3352	3229
5355	5000
5355	5274
5355	5381
5355	5270
5402	5407
3355	3380
5090	4962
5090	5099
5396	5403
3367	3370
3367	3397
3367	3245
5417	5492
3370	3248
3370	3394
5421	5432
5423	5425
5423	5461
5423	5313
1331	1182
3380	3385
4318	4343
5432	5435
3385	3396
5434	5325
5435	5462
3727	3741
3727	3582
4409	4299
3394	3268
3394	3399
1350	1049
1350	1402
1350	1374
1352	1501
1353	1196
1353	1390
1354	1362
1357	1361
1357	1198
1358	1238
1361	1376
1361	1202
5461	5496
5462	5494
6227	6238
1374	1409
1374	1474
1376	1234
3427	3433
3437	3307
3437	3510
3437	3448
1390	1233
1390	1406
3439	3449
3439	3310
3440	3446
3442	3312
3442	3445
3442	3461
5492	5507
3445	3492
3445	3460
3445	3316
3446	3479
5353	5388
1402	1416
3452	3480
3452	3319
3306	3177
3306	3319
1406	1250
1406	1445
1409	1479
5506	5510
3307	3320
3307	3179
5511	5525
1416	1525
5356	5379
5356	5245
5494	5511
5494	5509
5494	5527
5358	5269
5531	5536
5531	5204
5532	5539
5535	5538
5535	5541
5535	5461
5536	5212
5536	5573
5538	5577
5538	5570
5538	5435
3492	3498
3492	3355
1445	1459
1445	1286
2289	2298
2289	2141
5020	5033
3498	3506
3506	3512
3506	3380
1459	1483
3512	3380
3512	3518
3518	3385
3518	3532
1474	1489
5573	5624
3532	3560
3532	3396
4141	4157
6277	6247
5611	5496
5611	5626
5611	5645
5611	5622
5165	5030
5787	5814
5787	5686
5032	5039
1525	1532
5622	5506
5622	5627
3575	3602
3575	3445
3576	3446
3577	3448
3577	3583
5626	5641
5626	5509
3579	3584
3579	3608
3579	3197
3579	3582
1533	1555
1533	1501
1535	1360
1536	1361
1536	1546
1537	1362
1538	1474
1538	1542
1538	1489
1538	1655
1538	1049
1538	1402
1538	1374
3587	3642
3587	3510
1542	1565
5641	5524
1546	1560
1546	1376
5643	5525
3596	3606
3598	3653
5647	5536
5647	5686
5648	5538
5648	5685
5648	5679
5649	5539
5649	5716
3602	3623
1555	1501
1555	1591
5652	5620
3605	3619
3606	3480
3606	3673
1565	1576
1565	1584
1565	1402
6066	5180
3619	3636
3619	3646
3623	3625
3623	3492
1576	1416
1576	1630
5679	5729
5679	5570
5679	5726
1584	1656
6067	6083
6067	6108
6067	5718
6067	6086
5685	5577
5685	5718
5686	5719
1591	1501
4281	4284
4281	4157
3642	3510
5645	5527
3646	3666
3653	3676
5834	5848
5100	5000
5100	4973
4009	3755
5731	5764
5390	5402
5049	4920
5049	5076
1630	1653
5729	5738
1653	1657
1656	1680
1656	1669
1657	1679
6098	6115
2325	2354
5763	5645
5200	5241
5200	5079
5054	4926
5054	5079
5102	5163
4011	4019
3726	3654
1679	1681
1679	1691
1679	1525
1681	1692
3730	3746
3730	3461
3733	3591
5782	5812
5782	5716
5784	5731
5784	5604
5784	5744
5784	5820
5785	5817
5785	5813
1691	1532
1691	1701
3741	3748
3741	3605
3744	3602
3746	3608
3746	3777
5403	5416
3748	3760
3748	3605
1702	1724
1703	1709
1704	1721
1704	1542
1704	1710
1707	1546
1708	1555
1708	1767
1709	1718
1710	1728
1710	1565
3760	3619
3760	3781
3760	3815
5726	5611
5726	5763
1718	1732
5819	5843
5819	5726
1728	1738
1728	1565
3777	3642
3777	3820
3777	3510
3777	3782
3399	3410
6091	5510
1732	1764
3781	3798
3781	3646
3782	3817
3782	3645
1738	1576
1738	1793
1738	1787
4286	4306
5650	5731
5650	5604
5650	5541
5650	5744
5843	5763
5843	5863
5845	5855
3798	3666
3798	3830
1764	1776
1765	1474
1765	1489
1765	1655
1765	1791
3817	3821
2582	2587
2582	2439
3820	3840
3820	3835
3822	3839
1776	1796
5076	5092
1787	1630
1787	1814
1787	1823
1791	1474
1791	1489
1791	1808
1791	1809
1791	1655
5419	4961
5419	5218
5419	5319
1796	1813
1809	1819
1814	1653
1814	1822
1822	1657
1822	1851
3881	3735
3881	3755
3883	3888
3883	3744
3884	3891
3884	3739
2354	2383
3886	3890
3886	3642
3886	3510
3888	3744
3888	3900
3888	3901
3890	3896
3890	3748
3890	3903
3891	3897
1851	1864
1851	1853
1851	1679
1853	1681
1853	1863
3903	3760
3903	3924
3903	3919
1863	1692
1864	1873
1864	1691
3919	3777
3919	3923
1873	1701
1874	1709
1875	1905
1875	1890
1875	1710
3924	3781
1879	1721
1879	1883
1881	1908
1881	1926
1881	1765
1883	1721
1883	1901
1886	1899
1890	1896
4411	4418
4411	4286
3729	3584
3729	3739
1896	1936
1896	1944
1896	1738
1899	1922
1901	1929
6269	6277
6269	6237
3957	3962
3957	3958
3957	3815
3958	3998
3962	3976
3962	3822
3962	3975
5099	4970
5099	5127
1926	1961
1926	1963
1926	1767
1926	1808
1926	1489
1926	1655
1926	1791
3393	3267
3393	3398
3976	3839
3976	3999
1929	1940
5783	5819
5783	5679
1936	1965
1936	1793
1940	1958
1944	1787
1944	1975
3999	4008
4293	4301
4293	3639
3739	3596
3398	3408
1958	1970
4008	3880
1961	1978
1961	1655
1963	1977
1963	1809
4012	4024
4012	4017
4012	4062
4012	3891
4016	3953
4017	3896
4017	4026
4017	4059
4019	4060
1975	1984
1975	1814
1977	1819
1977	1980
1978	2007
1978	1655
1984	2011
1984	1822
6081	6091
6086	6098
6088	6109
5496	5506
6092	6102
4045	4051
5863	5763
3625	3498
6102	6110
2007	2016
2590	2593
2011	1851
2011	2014
4060	4083
2014	2025
2014	1853
2384	2409
2384	2404
2384	2221
2384	2398
4909	5022
2385	2400
2025	2043
2025	1863
3410	3427
5319	4960
5319	5218
5319	5094
5319	5355
5319	5100
2045	2056
2046	1883
2046	2067
2047	2055
