parent	child
114074	115083
114074	115845
82197	82861
113016	113485
113016	113523
113016	115100
113017	113481
113017	113525
6796	6916
173154	173457
173154	173449
173154	174221
173154	173446
173154	174193
6795	6915
6795	7062
57487	57545
57487	57770
6790	6973
57486	57547
98318	98721
32017	32563
80594	81070
166733	166957
88020	88147
12019	12107
12019	12254
12019	12108
12019	12273
12019	13312
12018	12273
12018	12254
166739	166991
166739	167171
12016	12273
12016	12254
12011	12107
12011	12273
12011	12254
12011	12108
113574	113980
113576	113942
135694	136026
125400	126221
125400	126235
128122	129045
128122	129322
128122	128844
125403	126219
125404	125598
125404	125921
125405	125916
125405	125867
125405	125840
125405	125870
125405	125919
125406	125878
125406	125872
49308	49554
70663	70992
70665	71254
70665	70992
70665	70816
90319	90764
71828	72191
175265	175386
175267	175400
175269	175398
13058	13313
148633	148778
137643	137713
137643	137708
132120	134024
169029	170002
169029	169307
169020	169297
97938	98318
97938	98307
156037	156396
97933	98275
97937	98828
15285	16779
109661	110059
109661	110061
15282	16450
123039	124407
126607	126734
126601	126733
126609	126721
125941	126265
69418	69998
69418	69687
125944	126257
24709	24998
155409	155474
182596	183219
182596	183175
390	1098
394	1043
394	551
184500	184555
93682	93886
93682	94215
5845	5920
165614	165796
165614	165788
165345	165398
165611	165793
165611	166033
165611	166625
166831	168683
181621	182149
128461	129143
134152	134257
134403	134496
57086	57445
6214	6348
6810	6914
6810	7296
15702	15847
15702	15790
9754	10078
9751	9898
29375	29685
51849	53122
51849	52573
168694	168760
168695	168766
168691	168754
137324	137515
137323	137499
137323	137373
108454	108686
690	753
690	953
690	1254
696	1099
28358	28539
28358	28541
698	754
28353	28520
28353	28526
28353	28539
28353	28541
28422	28554
28422	28551
86933	87662
130400	130704
130401	130684
23264	23529
23264	23718
136320	136999
136322	137324
113579	113980
113579	113942
87904	88267
177486	177578
24582	24762
115906	117207
27398	27674
173172	174209
87001	88412
87001	87687
253	293
182434	183208
182434	182619
81191	81323
81191	81483
81191	81360
153713	153933
153713	153842
81198	81341
81198	81360
120148	120935
120148	120517
120149	120915
120149	120438
120419	121178
121545	121686
111255	111388
125391	125921
125393	125822
125393	125807
125393	125881
125393	125873
152194	152232
152197	155504
170914	172144
118962	119767
118962	119771
118962	119525
118962	119628
188440	188618
44221	44682
44220	44682
44220	44442
44220	44470
44220	44354
44220	44430
44220	44436
44222	44442
44224	44682
44224	44442
44226	44461
44226	44465
44226	44464
44229	44331
44228	44352
44228	44334
33528	33723
33524	33717
33524	33731
33520	33706
87126	87467
156637	157161
137662	137765
137667	137767
136131	136341
15112	15143
15112	15148
15112	15157
29120	29327
109640	110045
109640	109827
109641	110048
109641	109830
109648	110083
26608	26963
123054	124426
126660	127083
126660	127100
61036	61355
61036	61895
23384	23924
23384	23887
74934	75275
23386	23741
23386	23924
23386	25008
23386	24120
23386	23638
23386	23887
23386	24739
23386	23632
23388	23472
81567	82088
81566	82090
89236	89750
188382	188495
5864	6795
5860	6006
116351	116906
116359	116909
172183	172539
172183	173093
23924	24118
23924	24112
152855	153057
152854	153059
152858	153070
6186	6297
6184	6250
6181	6796
90295	90466
155888	156138
48782	49673
176455	176626
176450	176625
6236	6303
6233	6294
36583	36668
71188	71632
71188	71792
8868	9273
9749	10087
184925	185833
184925	185041
184923	185043
184920	185037
184920	185822
814	828
814	962
815	923
187718	188039
37982	38855
31313	31395
110770	111214
5673	5693
5673	5686
5679	5686
5679	6024
160451	162192
160451	161375
126347	126532
130428	130699
35276	35734
35275	35763
35275	35950
23718	24004
155673	155807
130689	131016
130689	130823
165794	166298
165794	166618
130681	130828
130681	130996
151997	152128
130684	131016
130684	130823
32588	32759
115924	116360
115924	116260
115925	116345
115925	116322
115925	116321
115925	116317
131083	131965
6751	6909
56476	56526
56476	56544
56476	56524
56476	56537
56476	56535
56476	56530
56475	56537
56475	56544
56475	56535
56475	56530
56475	56526
16217	16262
16214	16259
182417	183183
182413	182596
230	880
230	696
230	451
230	550
230	543
230	776
230	403
230	250
230	512
230	255
188117	188152
188115	188161
153843	154769
153843	154947
162364	162829
52573	53123
17161	17413
60442	60756
83618	84057
57432	57752
57437	57752
935	1006
33723	34770
33723	34845
33720	34771
44209	44682
44209	46069
44209	44343
44209	48459
44209	44470
44209	44354
44209	44430
44209	44349
44209	44436
44207	44281
44205	45248
44205	45249
44205	45247
44204	44282
44201	44272
129143	129710
179811	179938
179811	179929
179817	179929
179815	179937
26992	27670
81446	81667
71795	72016
71795	71819
71793	71825
69915	70555
34519	35753
119007	120494
119007	120433
119007	120496
107050	109641
107050	109630
44977	45225
111586	112923
111584	112923
155192	155421
155192	155243
123383	123988
28894	29181
28895	29360
28895	29348
165301	165372
116371	117435
145038	145490
25362	26978
23907	24124
23908	24089
23908	24112
86843	87747
81814	81941
81814	81958
81816	81957
148447	148729
148447	148633
80147	80568
75797	76074
70565	70629
70567	70641
93823	94822
93825	94826
93829	94102
176434	177486
6251	6643
6250	6642
6255	6625
6254	6622
118989	119424
118989	120417
118989	120402
15286	16427
8885	9155
8885	8940
8885	9350
8885	9735
8885	9153
8885	9346
8885	9347
8885	9349
8885	9152
8885	9116
8885	9016
8885	8941
8885	8933
8885	9723
8886	9116
8883	8941
8883	8940
8883	9350
8883	9723
8883	9153
8883	9347
8883	9116
8883	8934
8883	9016
8883	8930
8883	8931
8883	8933
5702	5751
40049	40271
40049	40291
40048	40541
40048	40271
137499	137551
137369	137510
137490	137538
137365	137560
137365	137512
108416	108944
94759	96068
110759	111209
126582	126712
114230	114343
188488	188626
126608	126784
126363	126608
180174	180332
23228	23361
23228	23369
23229	23384
23229	23364
121645	122625
150801	152136
150801	151092
109232	109704
50848	51246
19489	19858
177626	178534
23274	23845
177628	178534
130042	130190
114094	115106
114094	115853
130040	130778
217	230
211	227
28981	30215
117549	117680
219	228
6084	6236
6082	6214
119778	119848
119774	119832
119774	120229
119777	119831
119771	119831
119771	120097
119773	120100
186884	186954
183294	183710
183294	183716
183294	183709
183294	183708
183294	183705
183294	183702
184733	185753
184733	185030
94288	95764
94288	94877
134322	134518
134322	134717
134322	134710
134322	134514
134322	134515
134322	134403
134322	134476
134322	134508
165511	166026
165511	166024
165511	166090
17413	17665
187972	188191
130008	130182
152404	152672
152404	152664
152404	152676
152404	152523
152404	152526
152404	152681
125605	125944
113047	113507
113047	113262
148384	148430
175571	175713
175571	175690
124517	125400
124517	125386
124517	125252
124517	125394
175575	175713
175574	175690
124519	125393
124519	125394
124519	125253
124519	125252
124518	125253
80462	81442
80460	81446
80468	82211
186676	186727
186677	186728
33706	35742
33706	34519
168798	169030
168798	169020
168798	169028
168793	169029
168793	169030
168793	169033
168793	169034
168791	168831
168790	169014
168797	169898
168796	169031
176378	176661
15157	16437
79857	80579
109420	111702
109420	112957
175398	175672
29932	31315
29932	30546
29932	30936
33565	34474
33565	33981
33565	33985
33565	33952
33569	33996
30030	30250
88502	90359
39288	39545
154940	155232
145946	148384
154947	155242
129836	130039
170707	170914
170707	172161
5826	5915
5828	5929
87884	88489
130769	131059
74798	75043
181640	181809
51169	51584
181648	181702
16069	16167
198	217
198	219
120229	121517
191	209
191	208
191	207
86826	87481
86826	87476
74536	74806
74536	74798
74536	74805
74532	74769
74533	75049
74533	75047
74533	74715
74530	74680
74538	74680
9155	9265
6271	6472
6271	6602
6271	6604
6271	6484
6271	6607
6276	6481
6276	6605
6276	6484
6278	6479
29647	30151
29647	30642
141281	141414
16248	16669
9731	9763
9735	9906
9735	10090
152231	154111
152232	153071
152232	153068
152232	152313
152232	152320
63297	63345
152234	153727
141753	142017
108653	108754
108655	112641
175148	175200
102301	102611
175140	175194
175143	175197
102309	102335
108431	108653
87065	88486
183343	183748
183343	184219
183342	183463
87068	87884
87068	88506
188131	188175
188133	188190
126560	128473
30215	30480
156138	156644
129625	129676
23201	23512
136341	136989
136340	137133
136340	136945
87477	87743
87477	87741
87476	87743
87476	87741
87476	87740
87476	87583
6479	6574
6478	6577
30936	31312
126741	127551
6713	6814
9902	10039
119635	119858
119635	119809
119635	120153
100274	100509
100274	100813
100274	100821
130973	132901
24460	24710
24460	24729
24463	24517
110083	110184
155763	155897
155760	156037
25758	25965
184752	185047
184752	185776
184752	185753
130395	130680
162328	163437
130390	130689
162324	162612
172601	173163
167201	167392
96133	96826
57746	58378
17436	17721
17430	17717
113065	113226
113063	113498
113060	113245
113060	113237
162182	162239
70155	72118
113068	114187
124539	124829
124539	124821
124538	124812
172277	172562
172277	172558
124532	125166
44715	44839
155232	155423
155232	155508
44718	44839
125959	128566
125959	126132
125487	126248
134706	134820
134706	134828
134706	134979
187553	187594
58921	59932
29181	29327
165466	166975
165466	165614
165466	165604
165466	168386
39514	39726
39513	39637
131965	132026
131965	132138
28589	28904
28589	28894
28589	28769
28580	28910
106948	107406
318	768
318	765
31982	32563
31982	32573
311	442
311	550
311	355
311	403
311	439
311	371
311	365
311	361
31988	32573
315	390
315	403
315	394
127554	127710
127555	127622
127555	127713
127551	127620
127551	127711
162466	162629
25323	25537
447	489
23413	23873
23413	24095
23413	23917
173076	173185
173077	173172
173074	173172
109002	109681
51182	51788
51182	51492
115197	115887
155489	155544
155488	155543
109719	110012
109719	110042
109719	110124
109719	110063
82324	82842
166612	166836
46381	46605
46381	46608
166618	167635
96069	97922
96069	97283
7298	7471
16427	16606
16427	16780
173409	174212
16423	16678
6297	6806
6297	7520
6294	6647
6294	6802
86802	87108
152210	152397
152210	152404
185890	185981
166963	167395
166963	167201
184940	185053
116269	116371
2031	2051
175120	175175
175127	175195
175125	175179
94406	95764
183323	183590
183329	183536
89062	89199
89062	93163
188114	188186
129316	129585
129316	129396
129317	129574
129317	129409
129318	129586
15340	15878
15340	15754
6455	6501
6455	6551
50801	51077
50801	51210
50804	51077
88332	89721
120498	121212
69916	70551
81444	82209
81442	81671
81442	82197
81443	81810
152316	152721
152316	152720
82861	82886
172621	173077
172621	173193
141180	141229
141184	141483
141184	141481
186951	187242
113005	113295
113005	113350
113007	116274
113007	116247
113007	113509
113007	113498
113007	115130
113007	113505
113006	113484
113008	113296
953	1041
953	1038
130041	131488
130041	130774
130046	130082
130047	130088
124558	125361
124558	125185
125971	129711
125971	128171
125971	129675
80428	82211
80428	81443
6333	8060
59725	59854
41014	41216
134721	134964
10455	10630
176625	176787
172832	173147
30217	30480
30217	31629
172837	173155
594	784
594	743
172585	172840
172585	173074
172585	173143
24272	24315
72909	73243
72909	73233
125307	125405
130721	131096
130721	131024
130721	131023
130721	131093
130720	131138
130720	130984
25656	25963
25300	26608
25300	25537
155359	155498
155359	155550
361	450
16197	16361
16197	16324
16197	16466
88108	88967
88108	89179
121203	122638
152587	155427
16444	16826
16444	17161
162284	162364
124969	125566
124969	126318
128009	128122
125566	125803
177800	178351
75620	75687
75622	75720
116240	116366
116241	116367
79867	80541
79867	80573
116245	116363
79865	80573
79865	80150
79864	80549
79864	80573
141797	141883
141797	141893
141797	141886
79868	80573
56951	57091
2015	2046
2017	2044
2016	2044
58627	58921
33482	33560
33482	33565
33481	33630
58623	58913
58623	58900
58628	58900
58628	58911
33488	33569
120915	124418
120915	123383
120917	123159
175109	175169
175100	175177
93889	94290
183300	183710
183300	183702
183300	183709
186150	186215
137122	137370
137123	137365
129660	129709
129662	129694
40286	40543
40286	40538
450	586
450	637
450	724
450	519
450	733
450	732
450	815
451	501
453	586
453	594
453	580
453	637
109701	111083
86774	87008
86771	87001
86770	86921
86770	86935
86773	87009
86772	87007
187681	188120
187681	187748
187686	187745
187686	188127
187686	188114
173193	173409
100509	101064
180432	180794
188799	189006
28958	30030
28958	31982
28958	30237
28958	31972
28958	30217
28958	30215
28958	32017
93277	93550
73241	73428
73243	73436
87672	88411
87672	87904
87670	87776
87670	88265
87670	88414
87670	87819
113021	113484
113021	113506
134827	134908
122329	122758
776	884
125196	125511
152397	152676
152397	152681
152397	152672
152397	152664
152397	152526
107424	109718
107424	108914
107422	109718
107422	108914
125198	125512
79863	80541
79863	80573
79863	80549
153067	153725
94052	94586
125225	125559
125227	125558
79866	80150
79866	80541
79866	80573
137713	141093
137710	138007
137714	137998
28549	28907
28549	29662
28549	28868
28549	28870
28549	29375
28543	28815
58477	59017
179894	180760
179898	180136
179899	180432
108393	108655
106904	107299
106904	107247
132291	133306
132291	134056
72928	73244
58625	58913
58625	58898
188638	188697
33484	33573
23638	23953
188634	188678
23632	23907
87823	88261
87823	88147
117680	117854
355	436
74806	75803
16600	16766
6124	6300
121225	121679
121226	121691
182263	183183
182263	182417
81322	81495
69762	69997
69762	70728
184988	185850
134198	134274
134198	134276
94032	94829
70078	70489
33465	33821
33465	33815
33465	33829
33465	33832
108943	109420
108944	109431
33460	33542
33460	33524
33460	33522
33460	33544
134990	135132
122758	122864
122756	122862
87008	87666
120417	121234
183184	183236
81199	81328
174787	175040
174787	175119
15381	15530
169290	169981
144790	144814
144790	148434
174431	174787
86759	87484
86759	87496
86759	87495
147040	148358
183720	183815
137505	137537
107246	108137
107247	108249
107244	108139
470	706
476	690
476	578
28759	28958
28759	28966
172558	172832
93258	93383
93259	93385
89179	89477
89179	89209
93788	93963
19155	19468
93780	94653
93780	93977
93786	94052
93786	94653
56581	56724
145116	146658
96150	96827
93431	94812
23845	24713
23845	24771
87583	87739
181767	182263
293	696
130088	130432
130088	130431
130088	130412
130088	130451
130089	130401
130089	130428
130089	130420
130089	130395
130089	130452
130084	130696
130084	130681
130085	130400
130085	130395
130085	130390
130085	130451
130082	130433
130082	130395
130082	130420
130082	130434
188989	189025
188986	189047
166026	166186
166024	166180
167990	168354
63117	63446
63117	63458
107401	109007
107402	108909
107402	109724
107406	109007
8940	9015
125462	126263
84057	85324
26978	27688
102155	102569
152195	152234
125465	126266
1997	2017
1997	2016
1996	2017
1996	2016
1999	2015
59850	60442
555	777
555	706
551	567
550	690
550	578
58455	58625
58455	62255
94787	96050
94782	96071
94839	95256
87618	87819
183536	183665
183536	183846
126265	126691
126265	126699
126263	126741
188618	188691
136028	136220
136028	136129
136026	136123
23616	24770
23616	23838
136024	136126
6574	6735
87776	88341
74715	75044
88497	90356
88494	90363
110126	111088
110124	110759
110124	110770
110123	110782
110123	110766
371	427
110129	111141
110129	111136
88146	88967
88146	89179
81341	81816
159166	159246
141201	141279
184612	184971
184612	184687
184612	184948
119525	119778
70010	71252
70010	70567
70010	70717
11978	12019
144046	144756
134978	135077
134979	135130
118927	122076
185872	185983
185872	185981
185879	185959
185879	186176
185879	185968
185879	186191
185879	185966
185878	186704
185878	186705
185878	185949
185878	186697
185878	186676
185878	186677
152721	152855
152720	155281
152720	152854
152720	154083
163198	164219
7326	7723
71632	71729
71632	71793
71634	71721
168676	168739
7062	7295
7060	7169
6965	7299
124851	125372
124851	125196
124851	125359
124851	125198
110800	110979
180612	180766
124855	125236
124855	125059
183709	184568
183709	183818
183708	183816
183705	183813
183702	183824
183702	184559
129959	130127
129959	130135
129959	130132
81230	81330
72620	73435
72628	73653
172571	173144
172571	173145
81425	82209
81425	81517
61355	61934
51592	52400
100813	100937
114697	115483
101149	102301
101145	102301
82083	83407
82089	82766
181702	181838
120560	123978
25137	25322
64101	64693
64101	64691
75851	76091
75851	76103
166595	166836
80483	81442
94380	96142
94380	96149
12107	12273
12108	13058
12108	12273
97269	98309
97261	98304
107462	108403
107462	108393
107463	108256
107463	108361
107460	112943
107460	112940
107460	108251
107460	112954
107460	108380
107466	107866
107466	109002
107467	107840
9346	9754
9347	9751
9348	9749
9349	9727
121165	121545
121165	121341
41215	41464
41215	41975
41213	41649
41211	41976
44681	44894
44681	44891
44680	44894
44686	45257
159957	160439
44684	44764
26957	27688
26957	27670
28501	28692
160694	161107
160691	160946
94813	96846
94812	96052
94763	96056
102171	103254
28349	32219
28349	31982
28349	31988
28349	32017
28349	32015
28349	30272
28349	28961
28349	28726
28349	30237
28349	32008
28349	30069
28349	30298
28349	32003
28349	31972
28349	31974
28349	29147
28349	28759
28349	31620
186704	186740
186705	186747
186700	186748
23673	23999
23677	23998
23677	24751
126248	129636
126248	127278
126716	127717
126716	127332
126711	127334
126711	127335
126711	127703
169314	170060
169314	170034
87753	88151
25967	26400
25967	26321
29634	29921
29639	29842
29639	30088
129546	129605
23493	23873
23493	23917
23493	23908
23493	24095
100156	100448
100156	100758
100151	100331
100150	100274
100158	100448
100158	100443
110142	111089
110145	111139
189018	189055
189014	189054
189016	189049
189010	189037
69507	73508
69506	69621
69506	69626
69509	70244
69509	71369
25639	25967
155518	155566
38991	40050
184670	185803
38993	40030
38994	40048
38995	40030
38996	40049
184678	184804
184679	184802
81360	81816
81360	81567
96056	96856
96050	97259
96050	96808
96050	96860
96050	97255
96052	96830
130127	130305
130127	130207
70035	70717
70035	71252
152523	152678
152527	152587
141483	141587
141483	143062
141481	141587
134959	135129
81941	82779
81940	82779
118942	119774
118942	119768
118947	119522
118947	119295
148519	148936
125092	125383
80541	81071
45745	45981
134047	134092
138096	139529
45743	46070
63097	63118
63097	63338
63097	63115
63097	63117
121595	121694
63099	63335
63098	63334
108909	109730
108904	110024
108904	110052
108903	109648
175290	175571
175290	175575
175290	175569
175290	175565
175290	175389
10206	10667
129397	129558
174212	174366
182094	182618
182095	182243
182095	182434
115108	115929
115106	115938
115106	115883
187668	187719
187661	187875
131060	131481
131060	131484
28717	28918
28715	28834
28712	28833
439	472
439	479
439	547
170060	170319
136945	137119
177594	177628
23707	24012
93218	93528
93219	93508
93219	93425
93219	93525
93210	93720
93210	93788
93210	93781
93593	93674
93212	93431
93212	93511
93212	94813
93212	93428
93212	94141
93212	94807
93212	93448
5707	5758
5707	6181
5707	5775
5707	5768
5707	5771
5707	5772
5707	5761
5707	5776
93214	94837
93215	94837
93216	93780
93216	93781
93216	93786
93216	93788
93216	94837
93217	94837
60319	60750
185037	185822
28868	29191
23804	25582
23805	25582
15786	16242
120503	120724
120503	121208
88265	88966
88267	89070
116906	117622
116900	117216
98733	99009
98733	99739
116909	117211
90598	92872
90598	92302
95512	100072
63821	63880
63821	64101
107447	108897
45248	45534
45248	45521
45249	45804
184800	184988
45534	45806
45534	45808
184802	185855
184802	185854
184804	185847
184804	185607
45247	45519
125289	125573
125289	127828
182150	183261
94607	96140
79874	80541
70202	72611
70759	72628
163437	164216
163435	163812
163435	165409
28528	28706
28522	28717
28522	28712
28522	28697
28526	28701
28526	28715
113992	115195
128844	129011
87659	88494
87657	87890
519	706
29386	29640
29386	29645
29929	30544
29384	29429
29926	30547
512	880
621	780
28389	28522
28389	28512
28389	28543
28389	28540
624	772
126221	126354
126221	126366
126221	126573
126224	126584
126224	126609
87739	88029
87739	88038
179929	180092
179912	180174
35115	36180
35115	36665
35115	35770
115845	116041
115845	116232
100136	100366
100136	100330
126734	127785
126732	127784
126732	127338
117191	117630
159216	160367
141244	141298
141246	141381
141247	141857
38970	39153
69780	70010
96071	96795
96071	96858
93557	94288
93557	93889
93557	94406
93556	94288
93556	94406
186879	186955
186879	186951
125873	126224
124479	125105
124479	125092
124479	125106
124479	125093
124479	125094
124472	124986
124470	127830
124470	125995
124470	127097
124471	124984
124476	125403
124476	125418
124477	125386
124474	124971
124475	125093
124475	125092
124475	125094
188809	188995
80032	80412
80032	80453
80033	80450
80033	80428
80039	80456
80039	80412
80039	80416
15717	15845
120402	121235
113507	114167
113507	114069
71094	71795
71094	71634
183298	183720
183298	183716
183298	183708
183298	183705
183298	183702
183298	183709
115123	116229
115124	115884
115124	115924
115124	116229
115124	116260
1038	1284
1038	1127
113976	115904
113976	115197
1037	1122
1037	1125
129919	130084
137569	137604
108256	108943
108256	108416
108251	108422
108251	108454
108251	108688
170002	170707
170003	172062
136965	137122
15493	16071
15493	16069
126691	127555
93766	94165
126698	127554
126698	128053
126699	127555
126699	128039
144809	145032
155236	155438
82777	82891
82776	82902
82776	86744
82776	82880
25179	25592
6648	6968
6642	6965
6643	6784
56526	56909
166089	166607
125116	125225
125116	125230
152317	152858
125114	125356
125114	125227
125114	125199
45512	45788
163080	163492
96846	97933
96846	98301
113606	114697
28540	28717
34845	35010
30542	30718
142408	143134
15792	16214
15791	16217
15790	16244
87679	88410
29419	29634
29413	29917
29417	29931
29414	29932
29414	30148
29671	32620
113523	115227
113523	115084
129585	129660
129586	129658
117605	118851
131747	132266
126204	126584
126204	126365
126204	126353
126209	126582
159234	159386
3856	3875
3857	3867
3855	3876
165477	165606
165476	165611
165470	165610
3858	3876
82906	83106
86764	86933
124981	125570
124981	125101
124981	126318
124986	125268
124986	125280
124984	125295
124984	125289
86761	87002
5918	5953
5915	5944
5915	5992
5915	6347
5915	6349
5915	6501
5915	6346
5915	6038
5915	6455
5915	6331
5915	6333
79881	80605
79880	81184
79882	81437
79882	80478
79885	79984
79886	79983
79889	80045
79889	80415
79888	80333
79888	79986
183824	184559
101420	102171
24901	25169
24908	25185
124450	124847
124450	124846
124450	124558
6073	6172
166743	166940
166743	166957
90363	90749
162629	162822
125386	126209
121667	122309
142650	143120
24012	24296
24012	24437
122862	124390
122864	124417
743	785
187629	188132
187620	187672
187620	187671
130922	134011
130922	131057
1057	1993
1057	1159
172284	172585
172281	172571
33821	34059
33820	34080
33820	34059
33828	34059
86902	87494
111115	111588
34474	34804
34472	34806
34472	34799
23590	23805
93703	94215
5747	5754
27688	28259
127369	129650
129930	130011
129930	130008
129931	129988
129931	130062
130374	130807
130807	130922
16091	16379
98774	99740
127895	129010
127894	129010
16324	16464
184597	184670
184596	184678
184595	184665
184594	184663
184594	184665
97283	98317
184599	184661
184599	184679
184598	184663
97284	98291
97284	98308
153068	153726
153068	153721
81228	81337
81229	81336
124847	125359
124846	125372
124846	125359
81220	81324
125138	125462
125138	125473
125138	125332
125139	125472
125139	125333
125139	125465
46376	46608
125137	125408
134271	134564
96860	97269
96860	97239
160367	160694
160367	161106
160365	160691
185974	186409
185971	186030
880	922
880	905
884	920
134496	134712
113485	115937
113485	115227
113484	115194
113484	115925
113484	115218
113481	115937
113481	115108
113481	115200
113481	115218
179696	179756
179698	179752
87696	88332
168354	168718
185803	185846
74805	75056
74805	75046
175931	176257
115083	115868
115083	115939
15516	15684
88413	89069
88410	89062
115884	116240
115883	116241
115883	116044
111702	111957
111702	112620
173093	173886
107306	108994
119522	119770
119522	119636
5680	5693
5680	5690
5680	5695
38930	39140
38930	39142
38934	39031
38934	39047
38934	39083
38935	39085
38935	39026
93511	93816
93511	93823
93511	93829
93511	93795
69294	69477
69291	69474
125830	126204
166186	166595
166186	166575
166180	166575
93385	94406
166985	167396
70184	72933
86993	87370
86993	88485
141176	141227
141176	141197
141173	141228
141171	141244
141171	141246
141171	141285
141171	141286
141171	141238
141178	141197
141179	141244
141179	141246
141179	141197
141179	141238
121687	122881
125304	125391
9045	9153
134024	134073
768	895
44452	44684
137618	137650
137618	137643
137616	137672
766	899
766	894
765	1158
765	943
24315	24644
175585	176321
175585	175920
130420	130693
106791	106863
106791	106844
106791	106870
106791	107045
106796	106938
106796	106948
106794	106936
106794	106971
111139	111584
188206	188382
188205	188237
188209	188694
188209	188287
180785	180915
93728	93956
5768	6011
5768	5837
5768	5833
5768	5826
5768	5828
5768	6501
5768	5831
5768	5845
5768	6623
5768	5846
5768	6039
5768	6455
5768	5918
5768	6251
5768	6030
5768	6069
5768	6255
23579	23873
93720	93963
93720	94230
5761	5846
5761	5845
5761	6069
5761	5873
5761	6039
5761	5918
5761	6251
5761	6623
5761	6255
91588	91962
44442	44734
44442	44674
91583	91963
181838	182855
6602	6819
6605	6735
6605	6713
6607	6819
6607	6830
98755	100033
50607	50801
50607	50804
154769	154940
69463	69623
50608	50804
86923	87663
86923	87672
119424	120486
119424	120405
124829	124882
124829	124886
124829	124878
124820	125114
124822	125116
124822	124873
124826	124882
124826	124886
46605	47581
129030	129380
129030	129317
162456	162616
134253	134792
134252	134370
134257	134322
134257	134283
57167	57432
57167	57437
57168	57429
96805	97955
96808	98295
96808	97290
173981	175199
20781	20970
90750	91588
90752	91563
90757	91293
125152	125425
125152	125971
185959	186036
125156	125432
125159	125485
125159	125465
58382	62255
58380	58626
58380	58627
186032	186700
186032	186150
186030	186712
186030	186716
186037	186736
45806	46381
45806	46376
79986	81212
79986	81233
79986	81220
79986	81229
80333	81212
80333	81214
98274	98731
129011	129385
129010	129397
129010	129384
15754	15882
15754	15896
178369	178752
33633	34023
97239	98309
163492	164162
15534	15702
15532	15717
15532	15714
15515	15687
33461	33542
33461	33544
115208	115916
115208	115901
39031	39223
177607	177891
177607	178369
28328	28520
28328	28831
28328	28501
28328	28836
28328	29386
28329	32219
28329	31982
28329	31988
28329	32017
28329	32015
28329	30069
28329	28444
28329	28767
28329	30272
28329	28762
28329	28486
28329	28961
28329	28580
28329	28394
28329	30237
28329	28476
28329	28474
28329	28590
28329	30298
28329	32003
28329	28349
28329	31972
28329	31974
28329	29147
28329	29143
28329	32008
28329	28759
28329	31620
28326	32219
28326	31988
28326	31974
28326	30272
28326	32008
28326	29143
28326	28888
28326	30069
28326	30298
121152	121335
28323	28437
28323	29151
28323	28472
28323	31993
28323	28888
28323	28450
28323	28586
94373	96142
69851	70135
69850	70240
165431	168692
165431	165461
165432	168692
53634	53690
73436	73668
73435	73675
38913	38993
38914	38991
38917	38995
110059	110177
110059	110178
110056	110176
183867	184376
56713	57167
56710	56745
56711	56746
56711	56734
25010	25574
25010	25655
115882	116245
125812	126225
128822	129011
155599	155668
155599	155678
124498	125403
124498	125418
118905	119464
188869	188990
117207	117591
117200	117599
6038	6195
6038	6501
6033	6195
6033	6287
6031	6195
6030	6278
6030	6478
57445	57747
57445	57751
57441	57752
90321	90757
23565	23873
63016	63297
5758	6011
5758	6015
5758	6030
5758	6455
5758	6104
141153	141187
141153	141184
141154	141247
141157	141202
141157	141250
141159	141251
118858	118896
24050	25656
24050	24738
125361	125959
41464	41650
86798	87107
137631	137652
137631	137706
137631	137667
137634	137768
86792	86992
137636	137729
137636	137664
86790	86975
111388	111680
175219	175269
175219	175271
175219	175267
179779	179899
179778	179897
179772	179908
179772	181385
179772	181517
179772	179905
179772	181573
179771	179908
179771	181385
179771	181517
179771	179905
179771	181573
179777	179898
179777	179894
179775	179868
175217	175269
175217	175265
175217	175267
106807	106955
106807	106895
106770	109640
29153	29332
29153	29276
29151	29278
23887	24118
109635	109815
109631	109817
109630	110048
109639	110056
109639	109829
15254	15352
32219	32433
166575	166827
166575	166836
6625	6659
6622	6657
6623	6790
6623	6798
131138	131973
100611	101145
26599	27398
26599	26958
24739	25639
24739	25245
50621	50817
50621	50848
155438	155501
69621	69916
153842	154060
69626	69916
124804	124882
124804	124868
124804	124886
124804	124884
159048	159216
159048	160365
49101	49330
79901	80481
96331	96838
162470	162824
96773	96946
15355	15393
69996	70665
96826	98774
96827	98743
141893	142020
121187	121551
121188	121595
125170	125497
125171	125462
15352	15381
15352	15786
15352	15791
15352	16224
15352	15530
41107	41213
41104	41211
176260	177500
83100	83820
115223	115906
28304	28437
28304	28422
28304	28472
28304	28450
28304	28586
28300	28410
28301	28412
28308	28528
28309	28708
164162	164334
131851	132265
165419	165466
165418	165476
165418	165472
91264	91592
56483	56713
114069	115113
86757	87005
130452	130717
87484	87584
155601	158952
155601	155689
155603	155673
130182	130518
120448	120917
183845	183984
183846	183996
173147	175130
173144	173990
173144	173812
173145	173981
173145	173807
173143	173455
87002	87440
87002	88511
98309	99012
98309	98722
98308	98722
82210	82776
98304	98752
98301	98764
262	289
262	282
88016	88142
6015	6114
6015	6271
88019	88131
88019	89083
9265	9395
9265	9346
121533	121682
152635	152832
125432	125985
128119	129318
128119	129030
128119	128822
75049	75620
94143	94751
75043	75797
75043	75622
75044	75615
125918	126259
175271	175654
175271	175407
175277	175571
175277	175568
175277	175574
175277	175389
70498	70759
123978	124447
33515	34792
33516	33706
71728	71815
71729	71825
71725	71828
71721	71823
71721	71816
159071	159173
159071	159207
159071	159179
175099	175159
137650	137710
137650	137714
86935	87679
86934	88412
86934	87672
156644	157213
89199	89433
23536	24002
23536	23707
188537	188608
126613	126735
175897	176450
97942	98285
97943	98278
34547	35115
34547	35340
111680	111862
34549	35123
27196	27400
27196	27398
35949	36178
16071	16169
69424	70003
69424	69688
69424	69998
100365	101232
100365	100611
100366	100472
100366	101232
100366	100504
24713	24919
24713	24908
24710	24995
50644	50824
184531	184581
141300	141391
184532	184582
119464	119776
69395	69673
165609	165792
165609	165794
165606	165792
165604	165788
75720	76074
52391	52642
96795	97296
96795	97252
146658	147441
32433	32580
87365	88487
134160	134256
134160	134317
6806	7089
6806	7326
15714	15789
107398	108912
107398	109713
93781	93963
93781	94508
8831	9273
8831	8878
8831	8886
8831	8883
8831	8885
8831	8850
8833	8871
8833	8870
8833	8865
8832	8850
59929	60319
187745	188127
187745	188114
187748	188120
187748	187972
169606	170003
169608	170019
95592	95644
95592	95670
108139	108244
183592	183880
183592	183867
88966	89185
88966	89075
88967	89084
88967	89183
130475	130573
130473	130595
130473	130721
188760	188878
188761	188877
28985	29296
5992	6501
5992	6195
5992	6331
5992	6333
137635	137662
181808	182094
181809	182095
181807	182237
181805	182251
177499	177557
119004	120496
119004	121226
173163	173446
6784	6975
246	253
32008	32563
16244	16673
51850	52503
51850	52573
16242	16423
119858	120150
81184	82324
119856	120148
121551	121688
125308	125411
135681	136024
134379	134552
134370	134485
24090	25323
24090	25300
24090	25123
125419	125840
125419	125918
125419	125919
125418	126212
125415	125812
125415	125914
125415	125806
125414	125605
125411	125870
125411	125913
125411	125872
187996	188099
94161	94763
94165	94782
94165	94759
44255	44341
188976	189056
44253	44341
44253	44357
44258	44415
89607	90321
44430	44715
44430	44677
44436	44718
44436	44679
169033	169608
169033	169606
169034	169290
97922	98274
154471	155358
154471	155489
154470	155488
15290	16450
154474	155359
182618	183184
182619	183256
110979	111207
155474	155572
119449	120486
119449	120493
159080	159173
159080	159179
159080	159166
184513	184570
184511	184565
184510	184564
119445	120394
119444	120396
119444	120419
5873	6810
5873	6039
116322	117221
145005	145946
145005	145116
120097	120560
120097	120228
120098	120559
181637	181805
181639	181807
181639	181808
181639	182413
181638	181805
183950	184019
166827	166950
6195	6285
94020	94780
155892	157172
155892	157174
57092	57489
57090	57486
57091	57441
57091	57437
15845	17430
15845	16444
29348	29668
29348	29661
137998	138609
137998	138865
29340	29671
8850	8886
8850	9273
168686	168749
168680	168742
168683	168763
164213	165301
164211	164438
164211	165158
83149	84297
40541	41216
40541	41107
40541	41014
40542	40993
63446	63821
110782	111092
200	219
63118	63447
125394	125830
125394	125812
125395	125867
125395	125859
125395	125851
125395	125870
142021	142411
188708	188809
188708	188808
188708	188869
188708	188998
188708	189003
188708	188986
188708	188871
188708	188872
188709	188809
188709	188808
188709	188871
188709	188869
188709	188986
188709	189003
188709	188872
188703	188915
188707	189007
93591	93708
93591	93691
93590	93703
111136	111612
131772	132281
131096	131970
115916	118843
115916	118858
131093	131979
131093	131970
39020	39241
57798	58566
57798	58477
228	250
228	246
227	262
16220	17103
16224	16431
16224	16441
16225	16442
16225	16675
119832	120443
119831	120101
158354	158949
119781	119833
120150	120444
120153	120448
120405	121230
153725	154468
153725	155574
153726	154088
153726	154671
153727	154066
154111	154369
154111	155480
154111	155482
49554	50333
130696	131003
152678	152847
152672	152776
94102	94750
102569	102788
70109	70498
162171	162229
113529	115223
33731	33908
0	188754
0	188752
0	93255
0	93256
0	93250
0	93252
0	93258
0	93259
0	100166
0	100164
0	100165
0	100163
0	100160
0	56581
0	184531
0	184532
0	184537
0	179771
0	179777
0	175215
0	177317
0	175217
0	172174
0	80594
0	69777
0	63021
0	188989
0	188986
0	33474
0	33472
0	70241
0	44244
0	63113
0	80573
0	173949
0	118930
0	118931
0	185862
0	118933
0	118934
0	87659
0	19155
0	1997
0	1996
0	1999
0	1998
0	106774
0	8833
0	33506
0	33505
0	33500
0	106770
0	106805
0	106772
0	87102
0	72632
0	72634
0	188435
0	188436
0	50417
0	50414
0	125121
0	188760
0	188761
0	69255
0	69254
0	93221
0	93220
0	93222
0	177496
0	181573
0	107050
0	184500
0	165589
0	44222
0	93682
0	165345
0	25127
0	162246
0	162244
0	86773
0	184612
0	184613
0	181620
0	181621
0	121332
0	188998
0	25540
0	188997
0	79889
0	96948
0	11973
0	118927
0	75264
0	75260
0	75263
0	185879
0	185878
0	44221
0	44220
0	175255
0	44255
0	44257
0	44251
0	44253
0	168675
0	168676
0	44258
0	44259
0	44227
0	44226
0	44323
0	168695
0	168692
0	168691
0	20065
0	158968
0	15455
0	106939
0	124519
0	23604
0	23606
0	129959
0	28501
0	72620
0	23264
0	188289
0	93239
0	100148
0	100149
0	100141
0	100142
0	100143
0	100145
0	100146
0	100147
0	181385
0	120385
0	129843
0	189008
0	159080
0	184513
0	184510
0	189002
0	189003
0	119445
0	25137
0	155503
0	141170
0	184605
0	184602
0	181637
0	181633
0	181639
0	181638
0	63044
0	80483
0	57078
0	107462
0	107460
0	96953
0	152194
0	152195
0	152197
0	172367
0	118952
0	118950
0	118951
0	118956
0	118957
0	118954
0	118958
0	118959
0	162164
0	44686
0	26957
0	11964
0	11965
0	44223
0	168668
0	44224
0	11962
0	11963
0	44229
0	44228
0	33459
0	33528
0	33524
0	33520
0	33521
0	33522
0	168686
0	168680
0	94813
0	80039
0	56565
0	106790
0	15111
0	15113
0	15112
0	87637
0	129728
0	15598
0	23670
0	23673
0	23677
0	87753
0	61036
0	177586
0	188708
0	188709
0	188703
0	93593
0	188707
0	100157
0	100156
0	100150
0	93207
0	93206
0	93204
0	93202
0	93201
0	100158
0	177477
0	120399
0	189018
0	189016
0	189011
0	189013
0	69509
0	39020
0	177613
0	69329
0	69321
0	69322
0	69324
0	38994
0	172188
0	38996
0	227
0	172183
0	119781
0	63073
0	63072
0	63071
0	90295
0	58040
0	118941
0	118942
0	118947
0	70109
0	80549
0	26940
0	26946
0	63097
0	63099
0	63098
0	44230
0	184925
0	184920
0	152189
0	162823
0	187714
0	94807
0	37982
0	15106
0	15107
0	15105
0	186717
0	186719
0	119014
0	5673
0	5674
0	5675
0	119012
0	119013
0	5678
0	5679
0	162470
0	177594
0	177596
0	184499
0	23715
0	188715
0	188714
0	188716
0	93218
0	93219
0	100127
0	93210
0	93211
0	93212
0	93214
0	93215
0	93216
0	93217
0	19164
0	155690
0	151997
0	69300
0	100151
0	93208
0	177601
0	177605
0	56476
0	56475
0	155529
0	100159
0	93362
0	162216
0	96048
0	63069
0	148451
0	148457
0	148455
0	148458
0	80157
0	80150
0	90465
0	134129
0	134128
0	134121
0	134120
0	134123
0	134122
0	134125
0	134124
0	134127
0	134126
0	129752
0	25337
0	118971
0	118972
0	118996
0	118995
0	118992
0	118993
0	118990
0	118991
0	33720
0	182150
0	63087
0	70202
0	70203
0	44209
0	44207
0	168820
0	44205
0	44204
0	44202
0	44201
0	44200
0	33542
0	33544
0	179701
0	28520
0	179678
0	144763
0	144764
0	28413
0	179812
0	179813
0	179810
0	179811
0	179816
0	179817
0	179815
0	26993
0	26992
0	29386
0	183592
0	129961
0	129960
0	119003
0	119002
0	119001
0	119007
0	119006
0	119004
0	188490
0	33499
0	3874
0	115844
0	23230
0	23233
0	23235
0	100136
0	100138
0	5711
0	23835
0	76825
0	177630
0	56469
0	203
0	155538
0	25165
0	25362
0	119767
0	86843
0	25381
0	172185
0	148447
0	148446
0	186879
0	167250
0	80147
0	69303
0	159031
0	124478
0	124479
0	124472
0	124473
0	124470
0	124471
0	124476
0	124477
0	124474
0	124475
0	162153
0	118968
0	188809
0	184831
0	80032
0	80033
0	118962
0	118961
0	118966
0	118965
0	113055
0	118980
0	118989
0	118988
0	125293
0	124507
0	124504
0	124505
0	124500
0	124501
0	124509
0	116020
0	83420
0	116029
0	44218
0	44219
0	134116
0	44210
0	44211
0	44213
0	44214
0	44215
0	44216
0	44217
0	179664
0	179669
0	168787
0	168783
0	183298
0	183292
0	183294
0	179809
0	179807
0	179806
0	129772
0	129773
0	129770
0	129771
0	26989
0	26983
0	129918
0	129919
0	34076
0	183588
0	88511
0	188488
0	144777
0	15493
0	144778
0	23228
0	23229
0	150801
0	144809
0	168789
0	19489
0	162456
0	177626
0	79985
0	119777
0	119771
0	119773
0	86813
0	19646
0	74525
0	74524
0	184733
0	148479
0	74523
0	162304
0	162305
0	90448
0	159023
0	165511
0	58016
0	124468
0	124461
0	124460
0	124465
0	124467
0	124466
0	80040
0	181658
0	113047
0	162630
0	187930
0	187932
0	152229
0	152226
0	124518
0	152224
0	152225
0	100170
0	80462
0	80460
0	134104
0	184917
0	184916
0	134109
0	168798
0	179659
0	168793
0	168791
0	179657
0	168797
0	168796
0	176378
0	187610
0	187613
0	187612
0	187614
0	187619
0	187618
0	87071
0	179905
0	39288
0	179908
0	141164
0	106850
0	106855
0	106857
0	129836
0	172527
0	172526
0	184936
0	188234
0	23589
0	100112
0	100110
0	189052
0	56402
0	155499
0	3856
0	3857
0	3855
0	3850
0	3851
0	3858
0	28304
0	28305
0	86762
0	28301
0	181645
0	69253
0	181640
0	69257
0	69256
0	69258
0	181648
0	119747
0	79881
0	79880
0	79883
0	121331
0	79885
0	79886
0	86821
0	79888
0	86825
0	86827
0	86826
0	74536
0	74532
0	74533
0	74530
0	74531
0	148461
0	74538
0	74539
0	101420
0	162318
0	70099
0	124450
0	124451
0	144770
0	187691
0	124520
0	124521
0	124524
0	124525
0	124526
0	152231
0	185982
0	148481
0	184923
0	162328
0	93766
0	175148
0	175140
0	175143
0	179769
0	184598
0	168743
0	187629
0	187620
0	87065
0	183342
0	129754
0	129755
0	129756
0	129757
0	129750
0	129751
0	87068
0	87069
0	172284
0	172285
0	172281
0	188131
0	188132
0	33825
0	33827
0	33821
0	33820
0	179914
0	33829
0	33828
0	23201
0	5747
0	103655
0	103654
0	50380
0	23373
0	119635
0	3847
0	155763
0	155760
0	25358
0	181653
0	181652
0	69249
0	69481
0	69482
0	56503
0	56500
0	56507
0	56506
0	56505
0	56504
0	79892
0	121327
0	184751
0	184752
0	184597
0	184596
0	184595
0	184594
0	162324
0	184599
0	172601
0	56617
0	56615
0	155567
0	125138
0	152331
0	70081
0	70087
0	70155
0	93850
0	162188
0	113065
0	113064
0	113063
0	113062
0	113060
0	162185
0	186
0	184
0	188
0	189
0	152206
0	162614
0	152202
0	185882
0	185883
0	185880
0	185881
0	185884
0	124539
0	124538
0	124537
0	172271
0	172277
0	124532
0	124530
0	2024
0	185974
0	179780
0	125310
0	187553
0	44446
0	179690
0	179694
0	179696
0	179698
0	129741
0	129747
0	129746
0	155600
0	155603
0	33832
0	106784
0	106786
0	106787
0	106780
0	124533
0	106788
0	106789
0	74558
0	74559
0	118926
0	188219
0	188210
0	188211
0	87468
0	188213
0	188214
0	188215
0	23563
0	185872
0	103660
0	129923
0	129920
0	129926
0	129928
0	28831
0	28836
0	119629
0	184375
0	39242
0	93740
0	5680
0	38930
0	93190
0	25325
0	93196
0	38934
0	173076
0	56515
0	56516
0	56510
0	51184
0	51182
0	69475
0	119010
0	69470
0	119011
0	69294
0	69291
0	5676
0	155575
0	159073
0	155579
0	159071
0	159076
0	159074
0	162191
0	113012
0	113013
0	113010
0	113011
0	113016
0	113017
0	113014
0	86807
0	86802
0	152210
0	70184
0	185890
0	124548
0	124549
0	124543
0	124540
0	124546
0	124547
0	124545
0	184940
0	141176
0	141174
0	141172
0	141173
0	2031
0	141171
0	141178
0	141179
0	175127
0	148478
0	137618
0	137616
0	137617
0	179686
0	183323
0	183329
0	175585
0	168679
0	188117
0	188440
0	188115
0	50376
0	106793
0	106791
0	24268
0	106796
0	106794
0	188206
0	188205
0	188209
0	160742
0	28335
0	28334
0	28331
0	28330
0	28333
0	28332
0	165422
0	165420
0	165421
0	165426
0	165427
0	165425
0	165428
0	25333
0	93213
0	93189
0	38904
0	181549
0	56563
0	120498
0	56564
0	69260
0	69264
0	69469
0	69463
0	56708
0	56703
0	56702
0	141182
0	141180
0	155588
0	155580
0	125796
0	113005
0	113004
0	113007
0	113006
0	113009
0	113008
0	130041
0	130046
0	130047
0	162296
0	162297
0	162293
0	86818
0	86819
0	57168
0	20781
0	124551
0	79856
0	79857
0	79854
0	79853
0	79850
0	2002
0	2003
0	141167
0	141160
0	141163
0	141162
0	2009
0	141169
0	185957
0	152177
0	175134
0	44463
0	44460
0	44465
0	112997
0	112991
0	112992
0	112998
0	183318
0	179768
0	175228
0	33633
0	175227
0	175226
0	175221
0	175220
0	179762
0	24272
0	33815
0	106768
0	106769
0	106814
0	106767
0	106810
0	106811
0	106812
0	106813
0	183448
0	106830
0	23542
0	23547
0	124517
0	177607
0	28328
0	28329
0	28326
0	28323
0	69851
0	69850
0	165431
0	165430
0	165432
0	177506
0	165434
0	159475
0	39221
0	39225
0	38919
0	38913
0	38914
0	38915
0	38917
0	172580
0	172584
0	93265
0	93264
0	93266
0	93261
0	93260
0	93263
0	93262
0	186810
0	186812
0	56710
0	56711
0	151929
0	25010
0	159054
0	134102
0	155599
0	155595
0	155596
0	124498
0	134105
0	124496
0	124497
0	113038
0	113035
0	113037
0	172122
0	162284
0	113580
0	63019
0	63018
0	63015
0	63017
0	63016
0	79863
0	79862
0	79867
0	79866
0	79865
0	79864
0	79868
0	141153
0	141154
0	141157
0	141159
0	2011
0	2013
0	33487
0	33485
0	33484
0	33482
0	33481
0	33488
0	175109
0	175104
0	175103
0	86798
0	137631
0	137632
0	137633
0	137634
0	86792
0	137636
0	86790
0	183302
0	183300
0	175218
0	175219
0	179779
0	179778
0	175210
0	179772
0	175212
0	175213
0	175214
0	179776
0	179775
0	109812
0	179799
0	183277
0	183275
0	106808
0	183270
0	106803
0	106807
0	106773
0	86774
0	86771
0	86770
0	106971
0	86772
0	186774
0	186777
0	28313
0	28312
0	28311
0	187687
0	28314
0	69848
0	69849
0	69843
0	69844
0	69847
0	168790
0	159461
0	175170
0	129845
0	129847
0	188796
0	188799
0	129848
0	56497
0	185128
0	26599
0	93279
0	93277
0	74545
0	74544
0	74543
0	186805
0	74540
0	74549
0	159048
0	168776
0	168770
0	79901
0	79902
0	79905
0	79907
0	113028
0	80227
0	113023
0	113021
0	96773
0	96774
0	141897
0	79879
0	79874
0	79872
0	79873
0	124481
0	124480
0	125171
0	33490
0	44269
0	33498
0	44267
0	175113
0	175111
0	38935
0	175114
0	168712
0	86785
0	86786
0	86787
0	175207
0	79882
0	137711
0	147073
0	71738
0	28549
0	137620
0	158958
0	144788
0	144786
0	144787
0	15466
0	86767
0	86764
0	86765
0	28300
0	86763
0	106904
0	86761
0	28308
0	28309
0	86768
0	86769
0	187699
0	72109
0	130524
0	165382
0	188634
0	165384
0	165419
0	165418
0	165412
0	165417
0	165416
0	165414
0	50383
0	50382
0	50381
0	129850
0	50385
0	50384
0	50389
0	50433
0	56488
0	56483
0	16042
0	56487
0	56484
0	56485
0	163836
0	185118
0	100351
0	100350
0	100355
0	69438
0	93249
0	155608
0	155605
0	93240
0	155601
0	93246
0	183844
0	183845
0	184522
0	86979
0	86978
0	165362
0	86991
0	86993
0	19163
0	162466
0	172146
0	162269
0	162264
0	162262
0	94032
0	70078
0	152635
0	70206
0	33465
0	33461
0	33460
0	57998
0	121152
0	94141
0	118905
0	120416
0	8822
0	8823
0	8821
0	8824
0	86796
0	33515
0	33516
0	137635
0	86791
0	175099
0	158947
0	181517
0	23536
0	72604
0	23539
0	178596
0	144790
0	86757
0	86759
0	72116
0	23194
0	23195
0	27196
0	50428
0	50427
0	50421
0	50423
0	50392
0	50393
125383	126213
125381	125822
125381	125807
125381	125922
125381	125873
125381	125920
152189	152561
94577	96140
28333	28389
1120	1258
1122	1255
1125	1167
1127	1257
15106	15148
15106	15157
15107	15340
15107	15143
15107	15146
15107	15147
15105	15141
15105	15144
119014	119316
119010	119747
131668	132120
119012	119316
107045	107244
44902	45258
136126	137115
136126	136965
136123	136991
126651	127086
136129	136340
136129	137123
111579	112966
127830	129662
184499	184553
28888	29153
165420	165475
165420	165470
165420	165609
69687	70009
69688	69996
89225	89434
116340	117191
116345	117213
130207	130473
148451	148519
148451	148517
148457	148532
80157	80588
94780	96071
80150	80583
134129	134252
134121	134253
134121	134594
134123	134313
134123	134261
134123	134316
134123	134160
134123	134181
134123	134535
134123	134508
134122	134252
134125	134152
134125	134250
134125	134249
134125	134160
134124	134252
134124	134250
134124	134249
134127	134313
134127	134261
134127	134316
134127	134160
134127	134535
134127	134508
134126	134250
134126	134249
93816	94840
63792	64079
6249	6648
118996	120510
118996	120414
118996	120402
118996	119449
118996	119424
118992	119442
118990	120395
118991	119442
118991	119097
118991	119354
118991	119444
121740	122359
63531	63784
8871	8957
8878	8941
8878	8940
8878	9350
8878	9723
8878	9153
8878	9347
8878	9116
8878	9016
184936	185026
828	962
30250	32432
184938	185051
108686	108944
108688	108943
157213	157428
158939	159003
58566	59174
58566	59017
28413	28607
28697	28835
110766	111092
188490	188630
126350	126601
126352	126613
180136	180429
23230	23386
23233	23388
23235	23357
155668	155805
177630	177800
115938	116340
115938	116351
115938	116261
115937	116359
115937	116345
115937	117200
100597	101149
39047	39243
203	211
207	222
207	265
209	226
209	229
208	224
208	229
88076	89326
88077	88542
119768	119832
119768	120445
119767	120098
81498	81833
81498	81819
106810	106897
81493	81841
81493	81819
81495	81825
81495	81841
130699	131016
44218	44457
44218	44452
44218	44442
126262	126691
126262	126716
126262	126699
23619	23841
113509	115925
113509	115124
113509	115218
113509	115194
920	1006
113505	115123
113505	115925
113506	115925
923	960
33717	33909
175565	175690
175568	175690
175569	175714
124509	125163
124509	124809
124509	125165
83420	83618
118954	119519
80456	81444
80456	81425
44219	44442
128171	128461
80453	81444
80453	81425
80450	82211
44210	46069
44210	44682
44210	44349
44210	48459
44211	46069
44211	44682
44211	44349
44211	48459
44213	46069
44213	48459
44214	44427
44214	44332
44214	44351
44215	44460
44216	44457
44216	44452
44216	44442
784	1268
784	961
785	1126
785	962
9394	9916
168789	168837
163206	164211
175386	175640
39545	39659
39545	39639
39541	39663
39541	39726
39542	39659
39542	39589
179807	179929
179806	179929
26989	27670
34076	34532
183583	184511
183583	184373
183583	184558
183588	183916
183588	184589
137767	138026
154952	155236
154952	155192
50333	50366
30522	30718
129821	129931
124882	125152
124886	125152
124884	125156
5837	5907
5831	5925
5831	5922
103254	106749
87895	88312
87891	88497
116360	116915
79984	81198
116365	117428
116365	117549
116364	117338
130770	133305
51176	51849
51176	51850
51170	51592
51170	52987
93383	94406
81805	81955
81805	81940
74525	74663
74524	74663
185607	185790
80605	81438
98152	98405
98405	98523
95403	95508
9727	9762
9723	9894
9723	9908
113262	114167
113262	114074
187930	188108
187931	188125
187932	188133
152229	152316
152229	152340
152229	152317
152226	152317
152224	152317
152224	153071
152225	152317
152225	153068
152225	152313
152225	153071
134102	134271
134102	134198
184917	185029
184916	185831
184916	185042
184916	185848
40050	40537
179659	179718
179657	179716
137371	137561
40273	40543
137374	137505
137374	137545
28472	28892
28472	28888
28476	28732
28476	28913
28474	28726
108403	108431
48497	49314
87071	88502
87071	87891
169996	170914
169997	170914
169997	170709
175713	176455
175714	175897
175714	176648
188120	188187
188127	188169
126594	126732
47581	47878
106830	107102
137488	137574
23741	24045
141162	141201
88512	89169
51788	52642
51788	52391
51788	52633
8060	8441
489	586
489	580
489	594
35009	35275
161375	162171
44282	44977
16779	17109
117558	117680
16776	17106
69254	69446
69254	69395
69257	69424
69256	69424
119747	119858
119747	119809
25747	26962
186036	186175
45808	46372
57751	58380
93448	93825
57752	58377
124692	124868
124692	124884
129605	129686
905	1017
186215	186536
58913	59330
124520	125137
124521	125307
124521	125415
124521	125381
124521	125308
124524	125304
124525	125140
124526	125139
44764	45101
188915	189059
188915	188979
80478	82208
80477	81430
125922	126259
125921	126262
125920	126258
134716	134827
134717	134833
134717	134826
134717	135073
134717	134963
134710	134831
134710	134987
134710	134823
134711	134824
134711	134832
134711	134964
81342	81814
8934	9024
8930	9023
8931	9021
8933	9017
8933	9018
172840	173154
15143	15354
15143	15256
15143	15254
15141	15354
15141	15786
15141	15530
15141	15256
15141	15254
15141	15508
15141	16224
15141	15791
15141	15513
15141	15515
15141	15290
15141	15282
15146	15240
15146	15354
15146	15256
15146	15254
15147	15534
15147	15531
15147	15240
15147	15256
15147	15254
15147	15354
15147	15792
15147	15790
15147	15516
15147	16225
15144	15354
15144	15534
15144	15786
15144	15531
15144	15530
15144	15256
15144	15254
15144	15508
15144	15792
15144	15791
15144	15790
15144	15513
15144	16225
15144	15515
15144	16224
15144	15516
15148	15285
15148	15286
126784	127369
31993	32772
31993	32575
130719	131096
130719	131024
130719	131023
130719	131093
130719	131107
130719	131006
130712	134047
130712	131668
130717	131005
130717	131083
23978	24463
181658	181767
181658	182409
23976	24496
23977	24455
127784	127894
127784	128009
155492	155563
25537	25747
88131	89083
166621	167635
166625	166985
166625	167393
166625	166963
44750	45745
44750	45743
44750	45177
44750	45992
57562	57801
16431	16667
16437	16607
16437	16776
93850	94161
93850	94026
111092	111572
111092	111557
186	227
186	200
186	198
184	213
184687	184969
184687	185218
141296	141375
141296	141398
141296	141397
152206	152384
185882	185971
185883	186704
185883	186705
185883	185949
185883	186697
185883	186676
185883	186677
185880	185959
185880	185961
185881	185964
185881	185959
185881	185961
185881	185971
185884	186176
185884	185968
185884	186191
185884	186720
185884	185966
185884	185955
185884	185957
125559	125988
182352	183266
5833	5924
88026	88108
88026	88146
70555	70770
70555	70771
70556	70770
70551	70989
141747	142021
141747	141895
141746	143135
29296	29396
168598	168694
168592	168717
33908	34547
33909	34549
28450	28589
28450	28578
188108	188182
188109	188155
89075	89224
106812	106903
106812	106930
91287	91583
129636	129688
129630	129665
15684	16220
15687	16220
129322	129579
126318	127096
79983	81198
79983	81191
79983	81199
28906	29181
28906	29120
116367	116927
28904	29181
28904	29093
126315	128850
79985	80414
79985	81229
6916	7065
6916	7286
15354	15387
15354	15383
87466	88077
34483	34806
175040	175115
87468	87747
87468	88076
50817	51203
35020	35276
9916	10206
9916	10455
184376	184505
119624	120149
184373	184536
39083	39239
93740	94020
69909	70556
69908	70556
23917	24090
23917	24114
166298	166621
130387	130770
130387	131060
57770	58379
162192	162248
113010	113579
113010	113576
113010	113571
113010	113574
113011	113529
113011	113491
960	1606
57489	57746
124548	124981
124548	124966
124549	124981
124549	124967
124543	124832
124543	124822
124540	124829
124540	124804
124540	124826
124547	124981
124545	124969
127364	129669
80418	81424
80418	81232
173886	175203
173886	175209
80412	81425
80416	81425
80417	81429
80417	81230
80414	81432
80415	81436
80415	81228
95764	96362
129135	129712
29191	29362
28815	28921
98269	98755
30040	30233
50376	50908
24268	24315
24268	24362
157428	158157
108361	108416
160742	161007
106959	111563
106959	110133
106959	107394
106959	108904
106959	107422
106959	110129
106955	107402
106954	107398
106950	107437
106950	107447
180092	180629
180092	180628
180092	180612
180092	180603
305	442
305	439
305	403
305	550
305	394
23953	24050
23953	24738
23953	25002
94822	96143
74562	76479
74562	74934
166600	166733
166600	166831
166600	166743
166600	166836
166607	166739
6114	6276
6111	6283
125795	126347
125796	126345
7286	7379
57545	58894
57545	59846
57545	59725
57547	62255
57547	58381
57547	58382
16450	16605
16450	17107
81667	82089
162293	162366
86818	87126
125570	125804
128011	128119
152776	153713
152776	153264
152776	153326
113226	113976
79856	80579
56948	57064
56948	57086
2002	2025
2003	2027
2003	2029
108997	109701
108994	109232
11988	12019
11988	12011
11980	12016
11980	12018
175130	175183
175134	175188
53247	53682
183318	183583
27400	27674
137115	137374
137119	137371
179780	179909
179780	179912
129650	129708
129658	129695
79862	80157
79862	80150
79862	80541
79862	80573
79862	80549
442	476
115195	115895
109718	110126
109718	110142
109718	110145
109718	110123
87440	87696
87440	88512
109713	110123
109713	110142
109713	111115
110877	111255
28921	29413
24455	24514
24456	24993
24456	24725
82785	82906
82782	82881
82782	86741
26321	26389
172580	173064
93261	93557
93261	93383
93262	93385
93262	93556
75803	76076
73233	73427
185042	185831
185042	185848
185041	185833
117591	118877
117590	118895
117599	118860
124814	125114
124814	124916
134105	134271
113038	113248
130050	130094
113037	113248
943	1057
134283	134518
134283	134717
134283	134710
134283	134535
134283	134514
134283	134515
134283	134508
134824	134978
134826	134984
134535	134742
134820	134990
134823	134959
36180	36583
44720	44913
176321	177581
176321	177584
169898	170000
586	730
44981	45865
44981	45229
580	784
580	698
119097	121165
119097	121158
119097	121150
137708	138006
28732	28909
28554	29162
28554	28895
28554	28896
108380	108422
108380	108454
106971	107463
132281	134097
72916	73241
72916	73827
72915	73420
155190	155244
155190	155409
130539	130712
132026	132511
93674	94215
131481	131749
129845	130042
129845	130032
131482	132291
131482	131747
131484	132288
131484	131772
129843	130040
131488	131851
131488	132292
129848	129922
74769	75597
74769	75595
82669	82785
81424	81814
81424	82207
81424	81566
82663	82777
82663	82857
9894	10089
137370	137557
137370	137488
9898	10080
74545	77027
74543	74562
173455	175120
24993	25601
173457	174428
24995	25603
124971	125280
124971	125289
187995	188192
166957	168598
166957	167990
166957	167179
166957	168346
166957	168347
166950	168732
365	453
365	447
94044	94579
2068	2083
2068	2076
33490	33618
175113	175182
175115	175156
62196	62958
137133	137369
137133	137323
40291	40542
152340	154111
152340	152720
152340	152724
6172	6249
6172	6290
188125	188184
30038	30300
72611	73435
72611	72916
88506	90319
15393	15532
15466	16197
86767	89083
86767	88019
86767	86918
86767	87495
86767	86904
159737	160451
159737	159957
86762	86923
86763	86934
174423	175100
174428	175125
86768	87665
86768	86897
86769	86932
86769	86916
86769	86902
126532	126654
187691	188109
95256	96150
34770	35009
34771	35020
180429	180589
180429	181535
28766	28980
28767	28985
28767	28980
24439	24760
28762	28964
28762	28973
28761	28981
24437	24756
24437	24760
24437	24582
89169	89206
89169	89236
93795	94577
93246	93850
94215	94381
96147	96831
93425	93865
93425	96133
96140	96331
93428	94143
289	696
289	305
289	315
282	311
282	318
282	305
119628	119848
154060	154770
154060	154771
82852	83150
82852	82887
82853	83149
82857	82891
135131	135681
135130	135694
134518	134721
134514	134706
134515	134711
125989	126560
125988	129135
117312	118649
163020	163198
98275	98747
98273	98760
6303	6802
98278	98823
125185	125367
152384	152527
63457	63792
107439	109006
121150	121336
107437	108898
40993	41104
121158	121346
121158	121687
8957	9095
71252	71707
71253	71707
71253	71728
71254	71715
71254	71797
706	778
564	706
86791	86990
82881	83100
28578	28906
94840	96147
94840	95592
175652	175931
175652	175926
175652	175924
175654	175928
175654	175929
175657	175927
93782	93963
89750	90111
72933	73243
30088	30542
30088	30522
130518	130973
110133	111145
110133	111136
23194	23619
23194	23616
23195	23274
23195	23294
188626	188670
59330	59730
59330	59929
87819	88108
127278	127687
153710	153843
88489	89607
88484	89611
107394	109718
107394	109713
107394	108914
100165	100254
100165	100260
100165	100266
179776	179893
120724	121203
121235	121667
121235	121645
121234	121563
121234	121550
121234	121678
121234	121534
81336	81816
81337	81814
81337	81805
141238	141296
141238	141300
141238	141298
25592	25758
69772	70010
69772	70035
69772	71253
69777	71725
69777	70008
75615	75709
56909	56969
138609	138864
2042	2068
2042	2071
134181	134320
134181	134972
134181	134321
134181	134535
134181	134379
134181	137546
134181	134508
116232	116364
94026	94787
116234	116365
33474	33825
33474	33827
33474	33828
33474	33820
33472	33542
33472	33524
33472	33522
33472	33544
134987	135131
134984	135078
80573	81067
128053	129622
185862	186723
185862	186724
118934	119774
118934	119768
183277	183343
183275	183307
48411	48777
138864	141124
172367	172621
174221	174423
6971	7298
72634	72909
72634	72915
180626	180768
180629	180767
180628	180766
180628	180785
188435	188638
188436	188609
118958	119363
183716	183834
131059	131482
137515	137569
137510	137571
137512	137536
403	548
403	551
28961	31972
28961	31982
28961	30040
28961	30038
28961	32017
28961	30237
28961	30243
28961	31620
28966	30215
23968	24499
81438	82079
81438	81959
81437	82083
81437	82210
81436	81814
81436	81805
81432	81816
81432	81567
93221	93595
93220	93508
93220	93425
93222	93431
93222	94141
93222	94813
93222	93448
93222	94807
51077	51475
94230	94373
94230	94380
23873	24022
165589	166089
165589	166090
155242	155425
155242	155511
120559	124045
25123	27399
130094	130420
25127	25383
75842	76091
188998	189051
188990	189039
188997	189033
188995	189050
117338	117558
117338	117432
86821	87466
86821	87116
70729	70992
70728	71057
86825	87477
121178	121344
121178	121533
142017	142414
142017	142408
26962	28296
26962	27692
125253	125395
125252	125406
44323	44902
94826	96143
94829	96069
106939	107439
106938	107401
106930	107466
106936	107435
106936	107467
543	766
543	624
548	690
548	570
548	574
23606	23833
94750	96151
126258	126728
126259	126698
126259	126711
126259	126597
126259	126614
126259	126616
136031	136131
136031	136225
87743	88043
87741	88034
87741	88027
87740	88038
87740	88027
87747	88075
129558	129624
100148	100338
100149	100337
100141	100365
100145	100336
100145	100525
100146	100525
100147	100525
100147	100330
181385	181542
189008	189061
189008	189026
189007	189048
189002	189041
189003	189053
154671	155578
154671	155557
155502	155547
155501	155561
184605	185128
184605	184830
184605	185118
184605	184831
184605	184833
159173	159234
159173	159236
159173	159240
159173	159243
153482	154474
159179	159241
159179	159240
159179	159243
130136	130720
70003	70663
70003	70729
130135	130539
130132	130596
130131	130420
130131	130484
130131	130207
70009	70565
57078	57799
57078	57798
125881	126233
57070	58894
57070	59846
57070	57487
57070	59725
175400	175657
175407	175652
134964	135074
134963	135076
118952	119048
118951	119522
118956	119358
118956	119097
185804	185859
185808	185855
118959	119521
69445	69627
130039	130769
11964	11988
11964	11978
11964	11980
11965	11978
11963	11978
33459	33825
33459	33827
33981	34309
33985	34309
33985	34472
33985	34483
30987	31313
111141	111612
87637	88484
187658	187718
180603	180761
187657	187876
24738	25656
153326	153710
137538	137591
106895	111563
106895	110133
106895	108904
106895	107424
106895	110129
106897	108903
28726	28911
427	519
427	555
427	621
427	564
427	470
172562	172837
93208	94837
93207	93786
93207	94837
93206	93728
93206	93782
93206	93777
93204	93590
93201	93591
127622	128062
127620	128052
51584	52392
120396	121178
120396	121227
120395	121225
120395	121188
120394	120802
172698	175187
120399	120833
120399	120830
116915	117307
130305	130475
82090	82852
82090	82663
69321	69448
69321	69506
69324	69445
69623	71368
69627	69916
69627	69915
69627	69909
98722	100014
16826	17436
93977	94607
6349	7724
173807	175167
9350	9731
45258	49382
45521	45808
113980	115214
113980	115208
182149	182352
182149	182505
90726	91287
162829	163080
44349	44680
44349	44573
162823	163202
162823	164213
44343	44720
44343	44681
44341	44711
94807	96049
132265	134055
186717	186763
87625	88016
87625	88026
87625	87819
186719	186773
29917	30548
126728	127335
28394	32219
28394	31982
28394	28762
28394	31988
28394	32017
28394	32015
28394	30272
28394	28961
28394	28726
28394	30237
28394	32008
28394	30069
28394	30298
28394	32003
28394	31972
28394	31974
28394	29147
28394	28759
28394	31620
126721	127336
126721	129633
169307	169996
169307	169997
129574	129630
6501	6751
129579	129625
35123	35766
179823	180482
117630	118847
179822	181559
115853	116033
115853	116269
39142	39238
110178	110801
114187	114500
110176	112985
110170	110877
110171	111678
110171	110800
115868	116037
115868	116234
153933	155518
184661	184800
184663	185808
184663	185807
184663	185804
184663	184792
141279	141507
5924	6124
5924	6084
5924	6082
5925	6124
5925	6186
5925	6184
5925	5972
5925	6084
5925	6082
5925	6233
5920	5946
5920	6251
5920	6069
5920	6255
5920	6623
5922	6186
5922	6084
5922	6184
5922	6082
5922	6233
5929	6347
5929	6346
5929	6349
5929	6124
5929	6331
5929	6084
5929	6082
96048	97261
96048	97942
96048	96805
96825	98733
96825	97943
81958	82669
81957	82853
118971	119777
118971	119624
118971	119773
118972	119748
118972	119777
118972	119624
118972	119773
134055	134081
48459	49308
48459	48782
168820	169314
108914	109661
108914	109719
179701	179755
9015	9723
9015	9350
9015	9045
9015	9153
9015	9347
9016	9043
9016	9048
9017	9280
9017	9276
123988	124449
129380	129546
9018	9059
9018	9280
9018	9276
129385	129654
129384	129617
129384	129558
63338	63457
63334	63456
63335	63531
119316	120502
144763	148376
144763	145005
144763	145946
144764	147040
144764	148183
144764	148184
144764	148376
144764	145944
115113	115882
187672	187873
187671	187874
129961	130050
129961	130134
129961	130093
129960	130136
129960	130131
129960	130133
129960	130056
137551	137601
28708	29639
106870	107306
106870	107246
181535	181589
93777	94508
93777	94044
93777	94501
93777	94654
93777	93963
5711	5753
5711	5748
5711	5755
144814	145038
120373	121187
74680	74946
74680	74944
23835	23968
23835	24456
23835	23977
23833	23968
23832	23978
23832	23976
23832	24460
28870	29340
188039	188105
100821	100896
93956	94503
16379	16600
187875	187993
187876	187996
187876	187994
187873	187995
28918	29647
97252	97938
97255	98273
166090	166600
166090	166612
141398	141747
153057	153482
141397	141797
124878	125226
184833	185532
48814	49733
125295	125573
125295	125802
96858	97252
96858	97284
96853	97284
96853	97252
96853	98269
58378	58455
58378	58627
58378	58628
58378	58623
58379	59846
94751	96067
58377	58892
142411	142650
142411	143132
142414	142631
129772	129905
129771	129905
50820	51019
50820	51210
50820	51216
50820	51077
29931	30549
29422	29926
179937	180626
72191	72450
31629	32432
31629	31981
29640	29929
31620	31995
3867	3903
126212	126607
126212	126362
126212	126350
126213	126363
126218	126584
126218	126593
126218	126358
126219	126594
126219	126364
126219	126352
159207	159241
159207	159243
160946	161105
24644	24901
165461	166975
165461	168386
141250	141281
96068	96795
96068	96853
5907	5944
5907	6501
5907	5992
5907	6111
5907	6038
5907	6455
5907	6331
5907	6333
5907	6033
5907	6031
16169	16357
16169	16361
16169	16324
96067	97297
96067	96825
56745	57090
56746	57075
56742	57073
56742	57092
119636	119856
24919	25185
24919	25179
124468	124814
124468	124820
124465	124855
124467	124856
124466	124851
80040	80468
80040	80428
80045	80418
80045	80477
16780	17108
125598	125941
162630	162820
162630	163020
45992	48814
125332	125404
125333	125414
24002	24439
753	1037
754	1120
187610	187715
187610	187681
187610	187686
187613	187681
187612	187714
187612	188131
187612	187691
187612	188115
187614	187931
187614	187681
187619	187668
187619	187658
187618	187661
187618	187657
137571	137607
137574	137592
129905	130016
122304	122667
122309	122667
186697	186746
115130	116247
172527	172693
172526	172698
89477	90598
188237	188537
23589	23804
51019	51217
91573	91966
136220	136322
23361	24095
23361	23908
23361	23887
23361	23924
23361	23917
23361	23493
23361	23413
23361	23579
23361	23565
136225	136320
23364	23924
23364	23887
23369	24095
23369	23908
23369	23887
23369	23924
23369	23917
23369	23493
23369	23413
23369	23579
127785	128011
127785	127895
98764	100018
88256	89718
121336	121740
69673	69908
86918	87625
124856	125198
86916	87618
86916	87670
153070	154470
153071	154471
81233	81338
81233	81326
81232	81342
125101	125795
184751	184938
9280	9394
157172	158354
157172	158160
157175	159000
157174	158130
157174	158939
52633	53247
94653	95512
185982	186408
185981	186192
90764	91295
134485	134791
113498	115123
113498	115925
113498	114094
113491	115223
87662	88394
87662	87895
87663	88411
87663	87899
87666	87823
87666	88020
87666	87746
15789	16248
129754	129930
129751	129930
129751	129821
129752	129930
168347	168592
162822	164213
162822	163206
178351	178523
162820	163435
76479	77613
175928	176434
175929	176260
175926	176430
175927	176258
175924	176435
119295	120503
115895	117312
100472	101145
50380	50615
50380	50621
50380	50644
26400	26523
5693	5720
5693	5707
5693	5709
5693	5702
5693	5703
32432	32588
110061	110178
130484	130719
79892	80417
64691	64757
125822	126203
61934	62194
134908	137490
45177	45512
130451	130723
162612	163023
162614	163019
162616	162803
100350	100495
134011	134067
188	191
125310	125419
121679	122304
121678	122304
121678	122326
113248	113619
113248	113606
113245	114230
119358	121165
119358	121150
119358	121158
772	899
772	935
772	896
119354	121165
119354	120373
155605	158952
125558	129707
125558	125989
128039	129629
180915	181023
155600	155689
174193	174431
86786	87119
24499	24989
33832	34073
33832	34078
24496	24709
122326	122737
124533	125159
124533	125170
106789	106954
106789	106959
106789	106950
170034	171164
35734	35949
5751	6181
5751	5776
5755	5860
23563	24015
27670	28259
27670	28277
91592	91985
129923	130089
129922	130374
129920	130085
28833	29417
28831	29419
28836	29384
28834	29414
28835	29422
2025	2042
39243	39541
39242	39542
98742	100063
134476	134716
50615	50848
125955	127786
125955	126132
69470	69507
154770	154952
154770	154945
154771	155190
75595	75851
75595	75842
97297	97957
97290	97959
86932	87679
81214	81322
81214	81493
81214	81498
98307	98742
81071	83410
53122	53634
122667	123054
120802	121182
90749	91573
185968	186034
125121	125467
152320	153067
185964	186038
185966	186033
185961	186173
185961	186037
185961	186736
894	935
436	564
436	733
436	519
436	470
436	732
436	724
155807	155892
155807	156035
155805	155888
87687	88413
87687	88256
40538	41215
40538	41015
40538	40991
1257	1331
28486	29147
28486	28726
28335	28375
28335	28543
28335	28754
28334	28543
28334	28374
28334	28754
28331	28766
28331	28767
28331	28761
28331	28754
28332	28358
28332	28353
28332	28541
28332	28501
28332	29386
28332	28520
28332	28831
28332	28836
28332	28526
159241	159737
159243	159375
165422	165477
89084	89225
165421	165477
93211	93431
93211	93511
93211	93428
93211	94141
93211	94807
93211	93448
93211	93524
73427	73668
73420	73651
38904	38970
73428	73673
110045	110170
110048	110171
5946	6069
5944	6195
5944	6501
5944	6333
101232	102301
101236	102155
101236	102309
101236	102301
93508	94839
93508	96133
56708	56951
183815	183950
56703	57070
56703	56746
56702	57094
56702	56948
56702	56742
183818	184568
125804	126660
125804	126315
125806	126218
125807	126218
125802	126656
125803	126651
135074	136031
135074	135608
135076	136028
188878	188976
188872	189014
188872	189010
117211	117590
117213	117605
117216	117611
90359	90750
90359	90726
90356	90752
90356	90749
90356	90731
184792	184989
40030	40273
40030	40286
118843	118882
113350	113992
44281	44981
125372	125957
121694	122331
121691	122434
121691	122329
121691	122756
138006	138096
138007	140405
138007	138865
138007	138609
112992	113074
112992	113068
179769	179823
179769	179822
70992	71094
175227	175290
175226	175290
175226	175269
175226	175277
71715	71812
33815	34079
33815	34075
94508	95403
106768	109639
106768	109631
106814	108997
106767	109635
106767	109818
106767	109629
94503	95625
143132	144046
143134	144736
89434	90114
89434	89668
89433	90122
180794	181556
5771	6249
5771	5831
5771	5845
5771	6623
5771	5846
5771	6039
5771	6073
5771	5918
5771	6251
5771	6619
5771	6068
5771	6069
5771	6255
5771	6254
23542	23590
23542	23605
23542	23832
5772	5864
5772	6039
5772	7063
5772	5873
5775	6011
5775	6015
5775	6030
5775	6455
5775	6104
127332	129687
29147	29212
29143	29212
29143	29274
109629	112983
109629	109816
177500	177558
15240	15355
50907	51169
39221	39511
50908	51170
39223	39514
39225	39513
6619	6799
6619	6971
100336	100507
100331	100509
100331	100813
100331	100821
100330	100457
100330	101070
100330	100507
50637	50820
29360	29668
29360	29670
61895	62196
159054	160365
141375	141753
141375	141746
28907	29361
87467	88077
96838	98391
96831	98999
96830	98765
96830	97937
141883	144041
185949	186032
125140	125387
148778	149232
48777	49101
41649	41974
176258	177499
176258	176436
111083	111559
111083	111579
111089	111586
111088	111584
93963	94503
72604	72909
28311	30090
69848	70117
69849	70106
69843	70111
69844	70108
69847	70124
165158	165389
160439	162182
170319	171149
56497	58016
56497	57998
56497	58040
56497	61036
56497	56565
127100	127364
87496	87585
87496	87732
87495	87620
87495	87599
87494	87592
186805	186884
120100	120204
120100	124043
120101	120226
130190	130387
82209	82861
82209	82782
82208	82861
56724	59850
56724	57562
9273	9902
9276	9348
58894	59846
58894	59725
124481	124692
124480	125096
125359	125958
125359	125955
724	811
724	813
138026	138410
168712	168769
168717	168777
86785	87119
86787	87120
186038	186712
156396	157175
156396	156637
185532	185775
71738	71817
730	814
733	803
733	811
732	812
732	804
23539	23604
23539	23835
23539	23589
23529	24005
89185	89224
89183	89225
155483	155545
97957	98152
97959	98307
155281	155520
50383	50535
50383	50520
50383	50561
50382	50536
50382	50607
50382	50630
50382	50637
50382	50642
50381	50630
50381	50517
50381	50642
50381	50625
50381	50639
50381	50646
50381	50557
50385	50642
50384	50535
50384	50608
50389	51185
16042	16091
16042	16145
131107	131732
100351	100597
100351	100497
100351	101236
100355	100597
100355	101236
162297	162382
69438	69780
69438	69772
69438	69762
155425	155506
155427	155502
155421	155492
155423	155483
184522	184576
86978	87365
86978	87657
86975	88496
116317	116900
183996	184530
183996	184567
122625	123039
125163	125488
125166	125460
125165	125487
90731	91264
108912	109728
44677	44812
44677	44814
44677	48411
44677	44809
44677	48497
44674	45745
44674	44764
44674	45992
44674	44750
6830	8805
6830	7060
129045	129316
129045	129380
70816	71188
8823	8828
8823	8829
8823	8831
8823	8832
8828	8868
8829	8850
27399	27673
30642	30987
158949	159011
178596	178869
28375	28754
28374	28754
69264	69741
69264	69418
72116	72615
72118	72916
72118	72928
50392	51176
50392	50907
