parent	child
165282	168542
165281	168542
165281	165311
116195	117063
131597	132116
127470	127902
82999	84147
28997	29062
99999	100187
99998	100188
57295	57597
57295	57601
99991	100215
99995	100186
99995	100375
99997	100180
99997	100375
99996	100375
270	302
270	295
270	291
277	291
277	663
277	299
100015	100104
100015	100110
100015	100116
121529	122154
121528	122176
121528	122154
168883	169458
168883	169456
168884	169140
124359	125013
124359	124659
124359	125015
134346	134562
125408	125839
125408	129557
125409	125838
70666	71038
172943	173736
106620	109490
118804	119369
118806	119208
118806	118947
118801	119372
118802	118898
118808	119213
118809	119371
106720	107156
106720	107096
61205	61784
129455	129536
29767	30398
56574	59700
56574	57412
23051	23362
109992	110939
109995	110989
129981	130334
129981	130270
129981	130057
129230	129396
129985	130389
129235	129504
129234	129467
129234	129408
82058	82711
82059	82711
82059	82632
173305	174970
173307	174278
107097	108099
107096	107987
107094	107989
110632	110942
181488	181655
181489	182263
181489	181658
181489	181657
117063	117455
117061	117440
162042	162098
181487	181655
187981	188025
184449	184511
184449	184529
184448	184513
180282	180644
50670	50869
50670	50927
50670	51066
50670	51060
184445	184515
184444	184513
184444	184515
184447	184520
184446	184528
126463	126585
110942	111407
110942	111422
141333	141437
141333	142912
159091	159587
159093	159225
16064	16109
5846	6044
5846	6350
5846	6178
5846	6180
16067	16112
166835	167246
44527	48261
44527	44659
44527	44662
44527	44664
44527	48347
44524	44614
44524	45842
44524	45595
44524	44600
185712	186573
185712	186574
130251	130534
130250	130554
93358	95983
93358	94689
122608	122714
141596	142985
57291	57602
122606	122712
124728	125076
45656	46226
45656	46231
45658	46222
63147	63195
176475	176637
179629	179749
179628	179747
179625	179718
179627	179748
179627	179744
179626	179743
179621	179758
179621	181367
179621	179755
179621	181235
179621	181423
70348	70609
179622	179758
179622	181367
179622	179755
179622	181235
179622	181423
9752	9889
26812	28146
26812	27542
108106	108793
108106	108266
168526	168589
24559	24848
162930	163342
691	780
691	778
28428	28756
699	779
699	771
28351	28542
175747	176300
144640	144664
144640	148284
79706	80429
79707	80429
183144	183552
183144	183559
183144	183555
183144	183558
183144	183560
183144	183566
183148	183552
183148	183555
183148	183558
183148	183559
183148	183570
183148	183566
23263	23723
23263	23767
23263	23945
109270	111552
109270	112807
155655	155738
177480	177650
97133	98167
97134	98141
97134	98158
107287	108748
107289	108856
96623	96796
255	270
255	277
98592	99913
81191	81666
81192	81664
120410	123828
121541	122284
121541	122179
121541	122606
121544	122181
125646	126195
125645	126197
141100	141131
134368	134571
1094	1224
152190	152574
152190	152570
152190	153961
141129	141357
69171	69356
69171	69298
69174	69295
58232	62105
58230	58477
58230	58476
168204	168568
175248	175522
106641	106713
106641	106895
106641	106720
106641	106694
87290	88362
87290	87546
172217	172471
106644	106821
106644	106786
106646	106798
106646	106788
113335	115077
113335	115787
113334	115775
113334	115068
113334	115044
69523	69758
108844	109082
108847	109551
129435	129510
129436	129508
137848	138459
137848	138715
23079	23214
23079	23234
23078	23219
23078	23211
28993	29124
28993	29062
50471	50698
50471	50667
86652	86958
61784	62044
184462	184821
184462	184798
184462	184537
50698	51096
110965	111438
24769	25035
24769	25029
23386	23557
23386	23852
23389	23685
23389	23439
23389	23454
69693	69961
69694	69958
69697	69974
69699	69956
69698	69967
118777	121926
5869	5965
5869	6123
93112	93406
93112	93235
93111	93233
93111	93407
98128	98673
98123	98610
98127	98862
98127	98572
98125	98597
98124	98581
25387	25597
185730	185811
185730	185809
185731	185811
185731	185809
185731	185821
185731	185814
185732	185821
185733	186554
185733	185799
185733	186547
185733	186526
185733	186527
185733	186555
185734	186570
185734	185807
185734	185816
185734	185818
185734	185805
185734	186041
185734	186026
57648	58327
57648	58416
130237	130910
130237	130620
124705	125086
124705	124909
124706	125048
124701	125048
124701	125222
124701	125046
124701	125209
141867	142264
141867	142258
185654	185709
185653	185696
185658	185705
49158	49404
166677	166800
6180	7910
134133	134365
134133	134364
134133	134567
134133	134385
134133	134368
134133	134560
134133	134358
101269	102021
155887	156246
9197	9601
9196	9604
9199	9577
9198	9599
184361	184415
165270	165320
165270	165325
165270	165459
125075	125409
125077	125408
121028	121383
121028	121194
187479	187982
8867	9130
8867	9126
8865	9573
8865	8895
8865	9003
8865	9200
8865	9197
187470	187510
187470	187521
8868	9130
8868	8909
8868	9126
26839	27520
158904	160215
168541	168604
168544	168610
168545	168616
79724	80391
28404	28745
28404	28746
28404	29012
183386	183696
183386	183515
8736	8966
34324	34654
8733	8866
8733	9200
8733	9573
8733	8790
8733	9003
8733	9197
8733	8783
8733	8791
8733	8781
8733	8780
8733	8966
8733	8784
50869	51067
93616	94015
183168	183433
130933	131825
188719	188840
87927	88392
87433	87589
166425	166677
166425	166686
124654	124732
124654	124734
124654	124718
124654	124736
97119	98158
98605	99883
166445	166686
97111	98130
35584	35799
230	847
230	743
230	488
230	663
230	518
230	246
230	386
230	523
230	250
230	431
131338	131701
131338	132142
131334	131622
131334	132138
131332	131597
131332	132141
131331	131599
94011	94613
81172	81345
125662	126075
124397	124831
124395	124819
124393	124672
124393	124682
124390	124676
124390	124679
124390	124654
124399	124817
124399	124831
124398	124816
124398	124831
160217	160956
160217	160544
160215	160541
162147	162232
162143	162216
116167	116750
90602	91413
90600	91438
90607	91143
11838	11861
11838	11869
112915	113076
112910	113087
112910	113095
112913	113348
106662	106780
106662	106753
106660	106747
106664	108847
80444	80920
125448	125791
44752	45108
141028	141047
141029	141047
141029	141088
141029	141094
141029	141096
186655	186734
795	929
71571	71666
71571	71673
71575	71678
71579	71675
71578	71665
164012	164184
15132	16300
15136	16277
15135	16629
7148	7321
50458	50654
50457	50651
50457	50654
86675	87327
86676	87326
86676	87331
86671	87316
86671	86966
133874	133923
129982	130446
110989	111434
110986	111456
172435	172690
172435	172924
172435	172993
172430	172914
118755	119314
5803	6044
5803	6350
5803	6180
181999	182355
181999	182202
5805	5921
153692	153910
79997	80418
23900	24588
23900	25506
155333	155395
155449	155528
155449	155518
155339	155394
155338	155393
86843	87220
86843	88335
25506	25813
93827	94457
53097	53532
33374	33567
33374	33581
90145	90316
121000	121186
121002	121185
121008	121196
121008	121537
152254	152531
152254	152526
152254	152514
152254	152376
152254	152522
152254	152373
141733	143891
44565	44689
44568	44689
71968	72766
71968	72778
71966	72465
158921	159057
158921	159029
158921	159023
136815	136972
179661	179779
179661	179788
179665	179787
179667	179779
106821	107313
125794	126107
168567	168627
168562	168619
137360	137421
137493	137558
137493	137563
137365	137419
79742	80267
91433	91813
57018	57279
91438	91812
115058	115751
115058	115766
30372	30568
126584	127635
126582	127188
126582	127634
89029	89059
89029	89327
188488	188547
188484	188528
5650	5740
5650	5893
5650	5731
5650	6913
129604	129780
129602	129780
129601	129671
129601	129780
118693	118732
23737	23968
130910	131334
130910	131331
82174	82692
44103	44207
44103	44191
117066	117461
166462	166686
166468	167485
119617	119948
98624	99590
119618	120295
119618	119700
184349	184403
180453	180611
100215	101082
100215	100461
100216	100322
100216	101082
100216	100354
217	230
211	227
219	228
6085	6150
6082	6143
81666	81807
81664	81791
81664	81808
162306	162466
90448	92722
90448	92152
134326	134566
135981	136191
94138	94727
94138	95614
128985	129562
910	1024
116759	117061
106680	106952
129167	129259
129167	129424
129166	129246
129166	129435
129168	129436
11814	11830
11814	11828
11814	11838
11815	11828
11813	11828
109933	110034
94065	94231
107156	108844
33567	33759
95253	95358
86618	86747
86618	87515
86619	86766
86619	86752
86619	86782
126113	126591
126112	126566
126112	126541
126112	126549
86612	86773
86613	86784
86611	86852
86617	86754
86617	87345
86617	86768
86617	88933
86617	87869
86614	86783
136170	136849
136172	137174
154802	155042
154802	155086
160796	160955
28612	28823
28612	28814
28611	28831
28616	28830
28617	28830
28617	28835
172412	172687
93627	94358
93627	94351
93627	93894
93627	94504
93627	93808
70052	72461
138714	140974
86828	87507
86828	87215
198	217
198	219
86825	88346
74530	74796
74530	74794
56333	56563
182202	183116
24122	24165
125035	125217
63296	63671
851	887
45362	45638
175140	175239
175140	175421
175140	175419
175140	175425
175140	175415
90169	90614
81187	81664
81187	81655
94427	95990
115703	116119
115703	115883
142500	142970
126566	127182
126566	127567
89049	89283
126561	127184
126561	127185
126561	127553
183123	183157
44193	44531
44193	44570
183127	183193
137340	137388
129621	129755
129622	129755
137349	137401
23757	23974
23758	23962
23758	23939
87475	87866
87475	87669
87475	87876
495	673
6473	6640
6473	6648
6472	6507
141597	141745
141597	141871
15366	15534
6475	6509
15365	15537
113096	113469
127969	128672
127969	128880
127969	129168
111429	112816
184360	184414
119631	119683
39073	39364
56431	56574
180476	180618
180478	180616
180478	180635
180479	180617
69245	69523
162320	162674
96645	97146
96645	97102
80268	81082
80268	81274
80265	81286
80265	81078
80264	81282
80267	81279
80267	81080
80266	81275
80262	81275
1089	1222
153332	154324
163056	164061
153910	154620
153910	154621
29272	29776
109911	110028
142264	142481
142261	142982
142261	142500
33581	33758
8866	8893
8866	8898
86635	86969
86636	86969
86637	86970
28582	28759
129811	129900
129811	129984
129811	129943
129810	129981
129810	129983
129810	129906
129810	129986
5593	5599
5593	5613
5593	5600
5593	5603
5593	5602
5599	5633
72783	73093
172471	172927
172471	173043
130567	130855
130567	130933
130562	131518
130562	133897
183665	183800
87866	87992
183668	184418
23415	23723
23413	23865
23940	25150
23940	24973
23940	25173
82635	82756
82632	86591
82632	82731
27250	27524
120249	120680
120249	120683
120245	121075
120245	121038
120244	120652
120246	121077
120246	121028
9130	9244
6815	7149
124942	125233
125013	125338
128021	128311
125016	125310
125015	125337
63642	63929
872	984
2030	2044
2030	2038
175121	175257
175121	175504
175127	175418
175127	175239
175127	175421
175127	175424
115766	118693
115766	118708
126548	127903
126548	127404
126549	127405
126549	127889
126098	127128
126098	129486
83468	83907
1092	1134
126541	127405
15695	17280
15695	16294
29041	29212
23774	23968
23774	23962
8682	8700
6450	6669
6453	6585
6453	6563
8681	9123
8681	8728
8681	8700
8681	8736
8681	8735
8681	8733
6455	6680
6455	6669
89600	89961
88339	89457
88334	89461
39092	39392
39093	39391
130957	131582
51434	52242
142982	143896
155742	157022
155742	157024
142984	144586
181235	181392
69268	69848
69268	69537
5784	6473
5784	6099
5784	5921
5784	5805
5784	6101
5786	6033
5786	5933
5786	5935
5786	6082
5786	6035
5787	5935
5787	5933
5787	5976
5783	5811
93298	93675
5788	5827
5788	5935
5788	5933
5788	6033
5788	6082
5788	5976
5788	6035
184773	184893
184770	184887
184770	185672
184775	184891
184775	185683
38870	39091
130040	130237
152918	153571
152918	153576
24860	25505
24860	25424
152917	153575
48632	49523
134813	134926
87215	88337
134814	134924
40954	41061
29776	30397
80423	80917
45027	45362
29210	29520
29210	29518
137500	137564
137500	137560
44191	44561
113919	114963
44199	44530
44199	44423
125209	125805
125209	125808
169884	171014
108101	108272
108101	108304
108101	108538
591	746
594	739
129781	129912
129781	129838
129780	129858
129780	129861
71484	71571
71482	71579
71482	71643
133897	133942
58416	58867
58416	59024
109973	110632
109973	110616
109976	110938
109974	110609
109974	110620
109979	110986
109979	110991
697	781
130546	130853
339	419
172451	173013
130549	130866
93666	94690
188659	188845
8718	9123
23439	23654
181688	182705
155352	155397
155351	155411
39138	39395
165940	166450
165940	166462
117441	118727
117440	118745
16629	16959
16626	16956
117449	118710
88106	89568
6101	6475
6100	6472
120003	120298
120000	120294
56376	56759
9115	9245
9115	9196
93882	94650
176108	177349
176108	176286
69701	69985
69700	70090
124964	125206
124964	125049
124964	125077
124966	125075
124966	125080
120269	121028
33366	33556
187967	188002
187965	188011
90213	90599
168639	168687
33483	33873
71678	72041
122517	122904
115745	117162
44051	44122
44057	44131
44054	44132
44059	44286
44059	44204
44059	44280
44059	44532
44059	44320
44059	44193
44059	45919
44059	44199
44059	48309
109567	109892
109567	109974
109567	109862
137388	137441
174278	174975
174273	174950
451	673
456	657
456	548
50757	51019
86773	87522
86773	87513
50758	51020
188468	188541
88352	90209
88356	90169
145796	148234
28771	29263
752	929
752	1093
170557	172011
170557	170764
93278	93993
120267	121084
93275	93715
93275	95983
97089	98127
81655	81790
81655	81805
81790	82629
81791	82629
155657	155742
155657	155885
96680	97787
96680	98615
96681	98849
96688	98241
16294	17011
16294	16676
38897	39093
148369	148786
187964	188036
82513	82707
82513	82627
24845	25453
24843	25451
48347	49164
134837	134981
45593	45920
108793	109270
179548	179602
59700	60292
179546	179606
29236	29490
29236	29495
29234	29279
187518	187569
187510	187723
187511	187725
126054	126203
126054	126215
126054	126434
125222	125807
81517	81939
29490	29779
162870	163048
58478	58750
58478	58761
112888	113099
28547	28685
58473	58750
58473	58763
112887	113096
58477	58771
175415	175540
106900	109491
106900	109480
2010	2032
2010	2030
5883	6127
5883	6328
5886	6136
5886	6044
5884	6044
93645	94427
129500	129558
129858	130032
129508	129545
23456	23683
6125	6453
6125	6330
6125	6333
6127	6329
6123	6450
6123	6452
6123	6455
6123	6333
6123	6320
127481	127912
100999	102151
100995	102151
153961	154219
153961	155330
153961	155332
125768	126109
182263	182446
182267	183033
24987	25172
141225	141596
141225	141603
69765	70405
69766	70401
152708	152920
152705	152907
121085	121517
121085	121495
187983	188040
116221	117285
56936	57295
11958	12123
11958	12908
11957	12123
5731	6645
175781	176107
34965	35620
34965	36515
34965	36030
44078	44184
44078	44202
44079	44181
168870	169147
44070	44286
44070	44292
44070	44280
44070	44532
44070	44320
44070	44204
44071	44532
44072	44292
44074	44292
44074	44532
44076	44315
44076	44314
44076	44311
168879	169852
168879	169157
115695	115891
115695	116082
29001	29128
29003	29126
29003	29182
71038	71642
71038	71482
178201	178373
184223	184386
15384	15552
15382	15564
15382	15567
6492	6815
6498	6818
184226	184355
86752	87344
110829	111057
57412	57651
126059	126432
93069	93358
93069	93375
93069	93275
127903	129472
107248	108762
107248	109579
108230	108272
108230	108304
28208	28391
28208	28389
28754	29031
28754	28943
28203	28370
28203	28391
28203	28389
28203	28376
28970	29177
735	862
69959	70348
44055	45097
44055	45099
44055	45098
134365	134561
134364	134556
299	373
299	386
299	377
295	339
295	344
295	354
295	386
295	523
295	422
295	348
295	424
87589	87888
87589	87879
291	386
291	422
291	424
291	377
291	523
119999	120288
119999	120765
119998	120367
119998	120785
148301	148369
148301	148367
148307	148382
25442	25608
188056	188232
98002	98255
173831	175049
187536	187964
187536	187977
187536	187595
187531	187598
187531	187970
29779	30394
141051	141129
62866	63147
102159	102185
102151	102461
125243	125657
125243	125731
125243	125672
125243	125723
125241	125771
152047	155354
152044	152082
152045	152084
1992	2010
1998	2006
182113	182267
182113	183033
169846	170764
169847	170559
169847	170764
86693	87597
556	697
550	665
550	751
28565	28684
58327	58867
28567	28768
28562	28683
186729	186801
186729	186805
188340	188480
188610	188728
188611	188727
61745	62046
173013	173296
73091	73278
373	1065
73093	73286
377	524
377	1010
141331	141437
6143	6497
6143	6652
117408	117530
6144	6656
6144	7370
120353	120574
120353	121058
100663	100787
75445	75701
75445	75692
182284	183058
182284	182469
81343	81669
81343	81691
81345	81675
81345	81691
81348	81683
81348	81669
116756	117472
17280	17567
116201	116756
116750	117066
116209	116759
167051	167242
162021	162079
172376	172548
172377	172543
175418	175540
175419	175564
113331	115068
113331	115050
113331	114958
113331	115787
168670	169164
172997	174980
172994	173662
172994	173843
172993	173305
63307	63642
5891	6044
5891	6350
50242	50757
50242	51026
126071	126216
126071	126423
126071	126204
126074	126459
126074	126434
124679	124728
124679	124732
124679	124736
126382	126504
108211	108266
26250	26373
187723	187845
28738	29003
410	591
410	451
410	534
410	527
410	495
187725	187843
419	691
419	451
419	699
419	700
419	534
419	495
28225	28604
28224	28604
95997	96681
95990	96181
124327	125236
69107	69274
69106	69274
93233	94256
124320	126947
124320	127680
124320	125845
93235	94256
188286	188459
188285	188488
155092	155361
155092	155275
172682	172997
172687	173005
73285	73525
73286	73518
125102	125256
23862	24146
23862	24287
155271	155342
155273	155333
155275	155356
155277	155352
82731	82950
81288	81929
81288	81809
69359	71219
69359	70094
69356	69476
69356	69471
69357	73358
81282	81666
81282	81417
129986	130570
52241	52492
6680	8655
6680	6910
166593	166790
166593	166807
39900	40387
121383	121532
93902	94436
6350	6601
134561	134674
134561	134814
134561	134682
134560	134837
134560	134681
134560	134673
134567	134923
134567	134676
134567	134813
134567	134683
48309	48632
48309	49158
125264	125455
125265	125764
125265	125662
125265	125656
152060	152254
152060	152247
125261	125720
125261	125722
125261	125763
113429	113830
113429	113792
113426	113792
113424	113830
44131	44831
125269	125690
125269	125769
125269	125768
44132	44827
168197	168442
1970	1994
1970	1996
179509	179568
179507	179566
168442	168567
168448	168544
58305	62105
58305	58475
168536	168599
112842	112918
112842	112924
38754	38820
123838	124299
183552	184409
183552	183674
183555	183663
183558	183666
183559	183668
183559	184418
534	673
118797	119372
118797	119145
118792	119624
118792	119618
87754	88117
129897	129938
129896	129932
129892	130040
129891	130624
129891	131338
129890	130628
79738	79836
79738	80183
72478	73503
34620	34859
91442	91835
72470	73285
109082	109554
155518	155655
38992	39088
75466	75570
75465	75559
93570	94080
93570	93811
93578	93811
75647	75924
102419	102638
70034	72783
125723	126074
152522	152626
152528	152697
122712	124240
122714	124267
81940	82702
81940	82513
175435	176171
175435	175770
185811	186586
185811	186023
185811	185887
185814	185888
118947	121000
118947	121008
118947	121015
185816	185883
185818	185884
134048	134124
134048	134126
121590	122209
93894	94429
125770	126108
129396	129455
152571	152705
15921	16019
39364	39576
184382	184432
184381	184431
129977	130155
129977	130057
28244	28811
28244	30148
28244	31867
28244	28997
28244	31822
28244	31824
28244	28609
28244	31865
28244	30087
28244	29919
28244	31470
28244	32069
28244	31858
28244	31838
28244	31853
28244	28576
28244	31832
28244	30122
28244	28612
28718	29041
433	606
433	556
433	564
433	550
430	691
430	782
430	556
430	700
430	699
430	606
430	495
431	478
174963	175032
174965	175006
165008	165239
51020	52837
51020	51442
51026	51700
51026	51699
5704	5787
5707	5772
5700	5790
5702	5786
5702	5788
127635	127861
127635	127745
127634	127859
127634	127744
23803	24852
23803	23900
23803	24588
82711	82736
25150	25387
25150	26458
88260	88912
88263	88919
45595	45831
90599	91423
134834	134928
119486	119706
119485	120003
119485	119659
119485	119708
119951	120076
119950	120054
119950	123893
3795	3805
141012	141051
152084	153577
152082	152918
152082	152170
152082	152921
152082	152163
94600	96001
94601	95917
94609	95918
112860	113426
112860	113424
112860	113429
112860	113421
112861	113379
112861	113341
112866	113335
112866	113373
112866	114932
112867	113331
112867	113375
40141	40392
136795	136969
188387	188458
183570	183665
518	733
518	594
137221	137411
137220	137407
137220	137338
137224	137395
137224	137355
1224	1298
23124	23695
23655	25432
23654	25432
15564	15639
87734	88339
15552	15640
15552	15697
97809	98157
97807	98002
31163	31245
72454	72759
165320	165460
133905	133931
165327	165456
165326	165461
24588	25506
24589	25489
24589	25095
88182	89571
26458	26813
154620	154795
154620	154802
154621	155040
141248	141597
184654	185697
184654	185457
141247	141647
184650	184838
184652	185705
184652	185704
31838	32423
31832	32423
31832	32413
93553	94065
5935	6085
16229	16450
5933	6063
165272	165327
165271	165327
46455	47431
128880	129167
128880	129230
25212	26828
185832	186258
185830	186042
135881	136075
135881	135981
46231	46455
46231	46458
124831	126168
124831	124951
124831	125420
70415	70479
15639	16098
70417	70491
70944	71484
70944	71645
15636	16092
9005	9115
15941	16229
166457	166589
91137	91433
107316	108852
107316	107716
129934	130546
129934	130531
58771	59782
169140	169831
76329	77463
137564	137848
137560	137857
137563	140943
108253	108281
136965	137224
136969	137221
28263	28457
174949	175009
180279	181385
180279	180439
160544	160957
5727	5860
183034	183086
120348	121062
23826	24346
23827	24305
23828	24313
44064	44277
44064	44182
44064	44201
25173	25387
29497	30492
29497	30001
74412	76329
74412	74784
6645	6765
6645	6912
6646	6766
6640	6823
100671	100746
96710	97089
96710	97119
16300	16455
16300	16957
187845	188042
187846	187949
109559	109913
109559	109974
109559	109892
109559	109862
69313	69473
159023	159090
159023	159093
159023	159086
159023	159084
159029	159090
159029	159091
159029	159093
187595	187977
187595	187964
187598	187822
187598	187970
141030	141079
141034	141331
141034	141333
15641	16067
160301	161225
160301	162042
14956	15007
14956	14998
14957	14993
14957	14996
14957	14997
14957	15190
14955	14991
14955	14994
58475	58748
58475	58763
122475	122889
40123	40393
44173	44752
87673	88111
87673	87997
129769	129934
114958	115779
114956	115788
114956	115733
95898	96655
95898	97111
95898	97792
180024	180182
44827	45075
100447	100999
90614	91145
126202	126463
126200	126451
127404	127560
127405	127563
127405	127481
127401	127561
127401	127470
27538	28109
124987	125258
124988	125312
124988	125323
124988	125182
124989	125322
124989	125320
124989	125183
124989	125263
31858	32413
5966	6132
16174	16314
93532	93736
93532	94065
79883	80278
79883	80300
79882	80303
79882	80262
79889	80306
79889	80266
79889	80262
56759	56819
153783	155368
170764	171994
57596	58228
135531	135874
124326	125253
124326	125268
69104	69296
69104	69245
124324	124821
124325	124944
124325	124942
124325	124943
124322	124836
124321	124834
124329	124955
124329	124944
124329	124956
124329	124942
124329	124943
188826	188906
24165	24494
134002	134107
125320	126116
158789	158853
29880	30100
743	851
29888	30150
50226	50758
169164	169884
169164	169910
119231	120269
119231	120246
108503	108604
108505	112491
136983	137219
136983	137173
114547	115333
50487	50670
5740	6660
5740	5893
23591	23895
93700	93876
93700	94011
124330	124946
181508	181617
181508	182259
129247	129408
129932	130284
129932	130245
129932	130270
129932	130283
20631	20820
129938	130262
129938	130301
129938	130281
129938	130282
126410	128323
23379	23855
74656	75653
74655	74906
74655	74896
87509	88344
82756	82956
87507	87740
16098	16519
16092	16273
16094	16523
6660	7146
6660	6764
187822	188041
124664	124766
124664	124964
125139	127678
125139	125423
121495	122475
81048	81191
81048	81210
81049	81178
81041	81210
81041	81333
81041	81173
6044	6134
109479	112833
109479	109666
887	973
33340	33468
146508	147291
354	410
80310	81296
80312	81292
80318	82061
665	721
663	1066
34399	34973
8783	8867
8783	8868
8781	8871
8780	8873
30837	31163
34397	34965
34397	35190
8784	8874
174043	174281
115073	115756
123233	123838
114973	116079
114974	116110
114974	115734
114974	116079
114974	115774
100461	100995
8735	8866
8735	9200
8735	9199
8735	9585
8735	9573
8735	8790
8735	9005
8735	9003
8735	9002
8735	9197
8735	9196
8735	8783
8735	8791
8735	8966
34322	34656
34322	34649
87996	88817
87996	89029
165456	165642
165454	165638
165459	165642
165459	165644
38933	39089
177349	177407
89327	90448
117480	118697
5976	6147
69295	69477
183800	183869
125839	126410
125838	128985
124300	124696
124300	124697
124300	124408
188840	188889
188845	188900
188847	188883
188848	188901
9599	9937
184786	184876
62967	63296
62967	63308
62968	63297
184788	184901
113830	115058
113830	115064
113341	115073
113348	115775
113348	114973
113348	113966
63381	63634
122889	124257
137617	137876
71588	71667
24313	24367
24310	24560
24310	24579
27520	28127
27520	28109
106798	107256
129486	129538
129480	129515
186550	186598
186555	186597
186554	186590
126432	126562
130823	132751
28808	29880
28808	31822
28808	31832
28808	31867
28808	30065
28808	30067
28808	30087
72778	73094
87529	88260
87522	87754
87522	88261
174984	175038
95919	97133
95919	97772
95918	96645
95918	96703
174980	175033
95917	97147
95917	96675
95916	97109
95916	97105
95916	96658
110991	111456
87926	89176
56561	56596
56561	56584
56560	56595
100322	100995
120652	121087
121084	121413
121084	121528
121084	121400
121084	121384
152704	152909
124821	125130
124821	125139
159066	160217
172131	172421
90576	91137
81064	81348
81064	81343
81064	81172
134253	134346
94662	95902
94663	96696
125157	125255
125154	125241
125158	125261
33322	33374
33322	33394
33322	33392
33322	33372
33324	33678
33324	33674
33324	33675
33324	33677
87327	87593
87327	87591
87326	87591
87326	87593
87326	87433
87326	87590
39898	40391
39898	40121
39899	40121
39899	40141
80333	81292
44600	45842
44600	45595
44600	45027
44600	45593
165316	165464
165316	166825
165316	165454
165316	168236
70842	70944
165644	166148
165644	166468
40388	41065
40388	40841
40388	40865
15537	16070
15534	16070
179942	180453
179942	180478
179942	180479
179942	180462
187782	187983
187781	187975
187780	187958
160541	160796
174062	174216
47431	47728
183442	183730
183442	183717
131701	132115
88925	89074
137424	137442
137421	137457
28326	28582
28326	28763
28324	28576
28322	28738
28322	28742
69859	70415
69853	70513
69853	70579
165439	165939
165439	165940
107989	108094
93068	93378
93067	94687
93066	93636
93066	94687
93066	93630
93066	93638
93066	93631
93065	94687
93064	94687
93062	93361
93062	93278
93062	93991
93062	94657
93062	94663
93062	93281
93062	93298
93061	93361
93061	93374
93061	93278
93061	93991
93061	94657
93061	93281
93061	93298
93060	93570
93060	93638
93060	93631
174998	175050
130619	130909
31479	32282
31479	31831
124368	125103
124369	125243
124369	125244
124369	125103
124369	125102
69141	69324
153560	153693
124367	125250
124367	125102
124367	125244
124367	125236
74374	74513
74375	74513
36030	36433
188860	188887
188866	188899
188864	188904
17263	17515
6033	6098
6031	6646
6035	6144
9200	9581
121517	122159
141150	141241
62949	63185
62947	62968
62947	62965
62947	62967
62947	63188
44292	44584
44292	44524
118857	120276
118857	120346
118854	120346
118854	121076
152167	152708
152166	152570
152166	152571
160289	162032
700	770
700	778
108762	109578
108764	109511
108764	109559
108764	109567
106617	109668
106617	109479
106617	109485
106618	109489
106618	109481
179779	179942
37832	38705
106809	111413
106809	109979
106809	107244
106809	108754
106809	107272
106809	109983
175077	175140
106800	107287
106800	107297
106805	107252
106804	107248
23557	23862
126634	127219
130368	130823
23080	23236
132115	133905
109498	109933
109491	109680
109491	109898
109490	109895
109490	109677
126459	126571
74619	75445
74619	75447
188087	188387
126451	126583
126457	126584
82060	82626
72759	73093
72759	73083
87546	88182
95932	96710
95932	96708
95932	96645
95932	96658
110609	111059
117050	117449
117057	117441
127859	127972
28831	30065
110933	111429
110933	111409
110939	111436
154521	155407
154521	155428
69627	71575
69627	69858
25489	25817
97793	98128
97792	98135
141094	141148
141097	141707
141096	141231
75701	75941
75701	75953
81082	81192
81083	81176
81083	81188
81080	81180
63951	64543
63951	64541
172033	172943
172033	172389
153176	153560
94689	95106
17011	17263
116091	116217
116090	116216
24349	24839
128672	128861
152377	152437
152373	152528
6821	7148
167840	168204
33309	33675
33309	33677
6493	6634
114933	115789
114933	115718
157278	158007
129695	129882
129695	129892
156494	157063
129693	129890
129698	129772
137401	137451
28300	28428
28300	28439
170169	170999
169910	170169
112918	114037
28161	29940
11830	11868
11830	11866
130988	131832
51700	52353
51700	52423
180635	180765
87958	88817
87958	89029
87487	88334
183846	184417
183846	184380
166148	166471
177650	178201
57287	57602
57282	57602
14993	15106
14993	15204
14993	15104
74395	76877
74393	74412
14997	15384
14997	15204
14997	15381
14997	15090
14997	15366
14997	16075
14997	15106
14997	15104
14997	15640
14997	15642
182469	183106
182468	183034
126501	126936
30786	31162
121537	122731
45108	49232
141131	141264
118839	120252
118839	120267
118839	119274
11828	11869
162134	162214
107244	108764
107244	109579
158898	160215
158898	159066
106639	106809
106639	106800
106639	106804
106754	107149
106754	107097
69612	70578
69612	69847
137876	138260
720	1004
721	1087
132131	133947
144888	145340
178446	178719
28757	29211
28756	29031
28756	28970
159807	160289
82047	82711
110620	111064
16070	16953
16075	16525
16075	16292
16074	16281
16074	16291
111530	111712
184455	184978
184455	184968
184455	184683
184455	184681
184455	184680
184537	185068
184537	184819
81070	81174
166807	168448
166807	167029
166807	167840
166807	168197
166807	168196
166800	168582
130240	130539
130245	130530
45842	48664
179630	179759
179630	179762
9744	9939
9748	9930
187403	187444
73083	73277
33678	33909
33671	33909
33674	33909
33674	33930
144659	144882
179986	180279
26807	27520
26807	27538
137468	137493
137468	137500
137466	137522
175774	176285
79718	80423
79715	80423
79715	80000
79714	80399
79714	80423
79717	80391
79717	80423
79716	80391
79716	80423
79716	80000
79713	80423
79713	80399
79713	80391
79712	80391
79712	80007
79712	80399
79712	80000
79712	80423
5629	5636
28184	28393
28184	28604
28184	28224
28185	28393
28185	28604
28185	28225
28182	28370
28182	28391
28182	28376
28182	28351
28182	28681
28182	28208
28182	28686
28182	29236
28182	28203
28183	28239
28181	28611
28181	28616
28181	28604
28181	28617
183150	183552
183150	183559
183150	183560
111238	111530
57395	59696
57395	59575
57395	58744
188765	188909
188765	188829
131876	132361
130657	130772
128861	129235
128860	129247
128860	129234
97147	97807
97140	97809
33331	33480
99986	100180
99986	100216
117530	117704
242	248
248	281
98583	98859
98583	99589
182446	183025
182446	183069
81186	81666
100006	100298
100006	100608
100001	100181
100000	100124
155259	155324
100008	100298
100008	100293
113099	113456
9244	9766
113095	114080
125416	125653
135979	136190
135979	136973
157063	157278
135973	136841
135976	136815
135976	136965
116119	116221
175257	175502
175250	175507
106657	106745
106657	106805
118812	119617
118812	119478
118812	119375
118812	119621
148628	149082
108852	109531
129424	129480
129429	129475
40957	41063
137856	137946
137857	138459
137857	140255
137857	138715
23044	23469
23044	23466
23045	23124
23045	23144
109983	110986
109983	110995
86641	86840
86640	86825
86642	86842
86648	86957
180765	180873
181498	181552
181490	181659
111552	112470
111552	111807
50667	51053
95106	96000
159084	159236
386	524
386	522
184513	185657
184513	184642
184513	185654
184513	185658
184511	184650
16019	16174
16019	16211
16019	16207
93127	93400
98119	98605
130224	130657
175236	175490
124732	125002
124734	125006
124736	125002
6196	7574
87345	87449
87345	87470
87344	87442
80391	80921
179619	179672
179619	179673
9766	10056
9766	10305
187468	187511
187468	187507
187469	187508
187469	187518
187462	187541
187462	187564
187462	187981
187462	187965
187463	187531
187460	187565
187460	187536
187460	187531
176228	176511
187464	187781
187464	187531
119204	121015
119204	120223
119208	121000
119208	121008
119208	121015
97105	98123
26828	27538
187726	187844
187726	187846
137338	137424
168533	168613
168530	168592
28439	28744
28439	28619
28439	28754
28430	28760
79739	80265
79739	79895
8700	8736
8700	9123
79732	81287
79732	80328
79731	80455
79730	81034
79736	79833
79735	79834
203	211
5605	5635
5605	5637
5605	5630
89019	89086
89019	89056
5602	5653
5602	5649
5602	5647
5602	5640
5602	5654
5602	5642
5602	6031
5602	5650
207	258
207	222
153693	154619
153693	154797
183173	183440
183179	183386
93590	93870
6421	6585
39395	39489
39395	39509
39391	39576
39391	39513
177478	178384
39392	39439
39392	39509
177476	178384
98614	99868
6766	6915
6766	7136
166450	166681
166450	166583
166450	166593
166450	166686
107297	108747
32069	32283
228	246
228	242
227	255
120409	123895
125654	126510
125654	126165
125657	126068
125656	126068
125653	126501
125652	126506
124388	124662
124389	124671
124389	124679
124382	125016
124383	125020
124383	125009
116172	117071
162178	163287
162174	162462
58227	58742
58228	58478
58228	58473
58228	58477
58228	58305
58229	59696
175502	175776
175502	175781
175502	175774
175504	175779
175504	175778
175507	175777
0	165282
0	165280
0	165281
0	165284
0	69959
0	155388
0	184452
0	33315
0	184455
0	171972
0	33311
0	155417
0	33310
0	99999
0	99998
0	99991
0	99993
0	99992
0	99995
0	99997
0	99996
0	148301
0	148307
0	148305
0	148308
0	100016
0	100014
0	100015
0	100013
0	100010
0	162035
0	19013
0	162038
0	124351
0	124350
0	124357
0	124355
0	124354
0	69179
0	124359
0	187537
0	90315
0	62869
0	62868
0	62867
0	62866
0	62865
0	179630
0	152047
0	152044
0	152045
0	1991
0	187403
0	1998
0	106624
0	106623
0	106622
0	106620
0	118804
0	168643
0	118807
0	118800
0	118801
0	118802
0	168648
0	179528
0	118808
0	118809
0	33677
0	144659
0	26807
0	172217
0	23051
0	15448
0	137468
0	168518
0	137467
0	137466
0	186729
0	79718
0	79715
0	79714
0	79717
0	79716
0	79713
0	79712
0	188340
0	188610
0	188611
0	88361
0	109662
0	5629
0	28184
0	28185
0	28182
0	28183
0	28180
0	28181
0	183152
0	183150
0	181488
0	181489
0	181483
0	181487
0	184449
0	184448
0	184445
0	184444
0	184447
0	184446
0	181399
0	23080
0	99988
0	33335
0	99986
0	148311
0	93532
0	185712
0	100007
0	100006
0	100001
0	100000
0	100009
0	100008
0	79725
0	173799
0	172376
0	172377
0	121177
0	106641
0	162119
0	187463
0	62871
0	162114
0	187460
0	113430
0	179629
0	179628
0	179625
0	179627
0	179626
0	179621
0	179622
0	62894
0	152052
0	152056
0	106658
0	1969
0	106653
0	1966
0	106657
0	106655
0	118812
0	118811
0	118816
0	118815
0	179536
0	118818
0	168670
0	184583
0	23044
0	23045
0	168525
0	168526
0	168529
0	87603
0	50242
0	50243
0	28351
0	56337
0	144640
0	79706
0	79707
0	79704
0	79703
0	79700
0	188602
0	96798
0	188604
0	86646
0	86641
0	86640
0	86642
0	86648
0	183144
0	106636
0	183142
0	183148
0	124326
0	69104
0	181490
0	181495
0	124324
0	124325
0	106705
0	115879
0	69103
0	106700
0	188285
0	181367
0	177480
0	93129
0	93127
0	96624
0	69359
0	148328
0	148329
0	184601
0	19915
0	125646
0	79835
0	70005
0	80399
0	185807
0	69171
0	69172
0	162168
0	69174
0	80007
0	80000
0	179618
0	179619
0	152060
0	179612
0	57890
0	187468
0	187469
0	1978
0	187462
0	1976
0	106643
0	176228
0	106644
0	187464
0	106646
0	179509
0	179507
0	112847
0	106707
0	112842
0	112841
0	38754
0	23079
0	23078
0	146923
0	168536
0	168530
0	50278
0	50273
0	50271
0	50277
0	79739
0	79738
0	144636
0	144637
0	79733
0	79732
0	79731
0	79730
0	79736
0	79735
0	118797
0	118791
0	118792
0	5605
0	129897
0	129896
0	86652
0	155430
0	129891
0	183173
0	188566
0	188564
0	188565
0	183179
0	3813
0	184463
0	184462
0	72470
0	174977
0	93590
0	23386
0	177476
0	69693
0	69694
0	69697
0	69699
0	69698
0	118776
0	118777
0	1970
0	93113
0	93112
0	93111
0	93110
0	93116
0	93115
0	93114
0	69141
0	69320
0	69325
0	227
0	148331
0	185730
0	185731
0	185732
0	185733
0	185734
0	100020
0	70034
0	124388
0	124389
0	124380
0	124382
0	124383
0	124387
0	86657
0	165278
0	90298
0	175435
0	155449
0	3785
0	3788
0	3789
0	162178
0	141009
0	141002
0	159325
0	162174
0	141004
0	152076
0	152075
0	152074
0	152079
0	11823
0	187479
0	187470
0	179519
0	152181
0	124370
0	179514
0	26833
0	26839
0	186627
0	186624
0	112859
0	112858
0	112855
0	112854
0	112857
0	112856
0	112852
0	38769
0	38763
0	38767
0	38765
0	38764
0	158904
0	144638
0	50264
0	50267
0	151779
0	83270
0	168545
0	79724
0	33678
0	79722
0	168640
0	118806
0	144620
0	144627
0	144628
0	184382
0	184381
0	168647
0	118783
0	118781
0	118780
0	118784
0	33671
0	86663
0	33674
0	86669
0	86668
0	129578
0	33675
0	1965
0	183168
0	86693
0	174961
0	174963
0	174964
0	93212
0	23392
0	23397
0	177463
0	19339
0	93105
0	93106
0	93100
0	93102
0	93108
0	93109
0	69332
0	69331
0	24977
0	25390
0	28159
0	185729
0	185728
0	185722
0	155455
0	165262
0	165264
0	155451
0	165266
0	165267
0	165268
0	165269
0	155458
0	23389
0	124397
0	124396
0	124395
0	148297
0	124393
0	124390
0	171996
0	124399
0	124398
0	119485
0	62937
0	124401
0	162146
0	162147
0	162143
0	3795
0	3794
0	3796
0	3793
0	141019
0	141010
0	141013
0	141012
0	141014
0	141017
0	44119
0	112915
0	44117
0	25187
0	112912
0	112913
0	106663
0	106662
0	106661
0	106660
0	106664
0	24118
0	141022
0	141023
0	80444
0	26843
0	26842
0	186655
0	112860
0	112861
0	112862
0	112863
0	112864
0	112866
0	112867
0	158930
0	56561
0	79751
0	79752
0	79755
0	79757
0	129700
0	144614
0	144613
0	86675
0	86676
0	86677
0	86671
0	118822
0	174954
0	72454
0	174953
0	174959
0	51032
0	15316
0	51034
0	177451
0	177455
0	177457
0	172434
0	172430
0	56465
0	56467
0	118755
0	203
0	56319
0	79997
0	155446
0	155445
0	101269
0	165277
0	165276
0	165275
0	165272
0	165271
0	165270
0	86843
0	86841
0	150651
0	62922
0	62923
0	62921
0	25212
0	141024
0	141026
0	141020
0	141021
0	162155
0	162154
0	185832
0	141028
0	141029
0	90145
0	112905
0	121002
0	33371
0	33370
0	33394
0	33392
0	33374
0	112873
0	112871
0	33378
0	112878
0	5585
0	71966
0	158923
0	158921
0	158926
0	158924
0	179661
0	181503
0	179663
0	44107
0	179665
0	44101
0	179667
0	44103
0	44108
0	44109
0	183298
0	168562
0	79742
0	129773
0	129770
0	129776
0	129778
0	33570
0	137561
0	188484
0	86609
0	129596
0	129597
0	155450
0	28263
0	86607
0	129591
0	188559
0	188558
0	129606
0	129607
0	129604
0	129605
0	129602
0	129600
0	129601
0	174949
0	23223
0	177446
0	177444
0	44105
0	15305
0	179662
0	120348
0	155453
0	179666
0	33309
0	119617
0	56413
0	56415
0	56414
0	184349
0	19005
0	155540
0	25175
0	56325
0	185740
0	56252
0	188290
0	120235
0	119631
0	162096
0	162094
0	25183
0	162306
0	69313
0	69319
0	99977
0	62919
0	25208
0	141032
0	141030
0	188836
0	119597
0	33372
0	125021
0	106680
0	188902
0	175064
0	14956
0	14957
0	14955
0	71959
0	11814
0	11815
0	44173
0	179659
0	11812
0	158797
0	179656
0	179657
0	158818
0	50239
0	50235
0	50234
0	50233
0	50232
0	50231
0	50230
0	129769
0	129768
0	129697
0	86618
0	86619
0	23527
0	86612
0	86613
0	86611
0	86617
0	86614
0	86615
0	8673
0	8672
0	137485
0	137484
0	137483
0	137482
0	137481
0	8674
0	95898
0	177436
0	184225
0	141007
0	19496
0	185824
0	188059
0	188056
0	188055
0	19014
0	100205
0	184350
0	100201
0	100200
0	74408
0	74409
0	124988
0	165212
0	86829
0	86828
0	79883
0	79882
0	79889
0	99960
0	99962
0	162316
0	56334
0	56335
0	177167
0	86919
0	93443
0	56333
0	86915
0	86914
0	56338
0	69105
0	124327
0	69107
0	69106
0	124322
0	124323
0	124320
0	124321
0	70091
0	69108
0	124328
0	124329
0	188553
0	25231
0	188557
0	24122
0	75113
0	75110
0	75114
0	163686
0	94657
0	184968
0	14963
0	14962
0	14961
0	33350
0	33356
0	33355
0	33679
0	186662
0	186660
0	179649
0	50226
0	158873
0	188139
0	86624
0	86623
0	86622
0	86621
0	86620
0	183123
0	183120
0	183127
0	119295
0	129620
0	129621
0	129622
0	129623
0	129809
0	93700
0	27046
0	181508
0	5582
0	5583
0	5580
0	5581
0	107310
0	181502
0	107312
0	23114
0	130374
0	184360
0	39071
0	184363
0	87509
0	39075
0	181471
0	181470
0	23685
0	56431
0	165195
0	60886
0	159311
0	93039
0	79890
0	162320
0	56347
0	69114
0	124331
0	124330
0	69110
0	20631
0	188852
0	188853
0	188858
0	186
0	184
0	188
0	189
0	184681
0	184978
0	141747
0	118864
0	33348
0	33349
0	118860
0	118861
0	33340
0	44536
0	168542
0	168541
0	80310
0	80312
0	26790
0	26796
0	168593
0	79729
0	86635
0	86636
0	86637
0	106789
0	175020
0	174998
0	174990
0	174993
0	129811
0	129810
0	23565
0	158808
0	184387
0	119627
0	179660
0	119623
0	184372
0	119621
0	28399
0	177346
0	23413
0	93040
0	165234
0	162112
0	155379
0	103510
0	160592
0	120249
0	93991
0	118862
0	184766
0	184767
0	118863
0	56353
0	56350
0	56356
0	56357
0	56354
0	56355
0	124300
0	124301
0	188847
0	188848
0	38846
0	38844
0	167100
0	80077
0	184786
0	62963
0	162041
0	33338
0	33331
0	33333
0	33334
0	33337
0	187541
0	187549
0	1964
0	71588
0	1963
0	74393
0	179755
0	179758
0	76675
0	106821
0	175057
0	8683
0	15343
0	133959
0	133952
0	133955
0	133954
0	188063
0	188061
0	188060
0	188065
0	188064
0	188069
0	93616
0	39092
0	72484
0	28158
0	174984
0	72482
0	28151
0	28150
0	28155
0	28154
0	177356
0	181235
0	93052
0	56560
0	93051
0	93056
0	93057
0	93054
0	93058
0	155349
0	103505
0	103504
0	69288
0	184773
0	184770
0	184775
0	86921
0	56366
0	56365
0	56360
0	57018
0	38870
0	124317
0	124316
0	124315
0	124311
0	124310
0	172131
0	172134
0	172135
0	24860
0	96803
0	188839
0	162673
0	94663
0	80423
0	184790
0	56326
0	118840
0	118841
0	118842
0	118843
0	118845
0	118846
0	33322
0	33324
0	80333
0	33926
0	26449
0	179764
0	187782
0	187780
0	183442
0	133966
0	186567
0	5579
0	186569
0	172451
0	188659
0	165439
0	181423
0	177327
0	23439
0	155353
0	69928
0	93069
0	93068
0	93067
0	93066
0	93065
0	93064
0	93063
0	93062
0	93061
0	93060
0	39138
0	93089
0	124318
0	25015
0	86952
0	124368
0	124369
0	124367
0	93882
0	74373
0	74374
0	74375
0	188863
0	188861
0	188866
0	172127
0	172121
0	69701
0	69700
0	120266
0	33366
0	187967
0	187965
0	33365
0	172024
0	62948
0	168641
0	125143
0	162066
0	70056
0	70053
0	70052
0	168639
0	33483
0	44296
0	118857
0	118856
0	118854
0	118853
0	118851
0	168637
0	175105
0	187564
0	115694
0	106617
0	106618
0	106619
0	44052
0	44050
0	44051
0	44057
0	44054
0	44055
0	44059
0	69144
0	37832
0	175076
0	175077
0	175070
0	175071
0	175078
0	188868
0	38780
0	38785
0	38784
0	129686
0	168646
0	181498
0	133973
0	133972
0	133971
0	133970
0	133977
0	133976
0	133975
0	133974
0	23083
0	133979
0	133978
0	23085
0	50283
0	188084
0	11813
0	148296
0	188649
0	188646
0	33665
0	28176
0	28173
0	28179
0	28178
0	183695
0	183694
0	151847
0	69937
0	69931
0	93070
0	93071
0	93072
0	155613
0	155610
0	93096
0	93090
0	155438
0	93099
0	69627
0	188286
0	115870
0	124371
0	69153
0	69150
0	124375
0	124374
0	124376
0	74389
0	74388
0	74386
0	74381
0	74380
0	74383
0	74382
0	124971
0	172033
0	172035
0	172038
0	152485
0	56928
0	121181
0	121182
0	162014
0	179548
0	179540
0	118821
0	179544
0	179546
0	182000
0	29236
0	152027
0	172926
0	158881
0	168626
0	44069
0	44068
0	44067
0	44066
0	44065
0	44064
0	44063
0	44061
0	44060
0	44315
0	44310
0	44313
0	183192
0	44080
0	175063
0	175062
0	112888
0	175060
0	175067
0	175065
0	62949
0	175069
0	175068
0	112887
0	112885
0	129695
0	23520
0	23523
0	129693
0	165232
0	129698
0	106900
0	93046
0	62947
0	106640
0	28161
0	28162
0	28163
0	28164
0	112914
0	168633
0	112910
0	118852
0	69949
0	23454
0	23456
0	56558
0	56552
0	56553
0	87487
0	155425
0	155429
0	119479
0	96623
0	137486
0	8671
0	165361
0	74399
0	74394
0	74395
0	24987
0	74390
0	162464
0	69099
0	184602
0	162480
0	187981
0	187982
0	152081
0	124346
0	124347
0	162003
0	125160
0	124348
0	118839
0	118838
0	118830
0	87318
0	162134
0	15892
0	57866
0	152039
0	158898
0	106630
0	106634
0	1980
0	106637
0	106638
0	106639
0	44078
0	44079
0	179551
0	44070
0	44071
0	44072
0	44073
0	44074
0	44076
0	44077
0	44094
0	106754
0	33682
0	112897
0	183438
0	28681
0	28686
0	137470
0	28370
0	178446
0	57848
0	188338
0	168620
125244	125680
125244	125662
125245	125720
125245	125717
125245	125701
125245	125709
33556	35592
33556	34369
129408	129474
59575	59704
15104	15202
96676	98624
168640	168864
163342	164012
50465	50698
86668	86976
24289	24610
24287	24432
24287	24606
24287	24610
108304	108536
24751	25019
24758	25035
23392	23440
23392	23455
23392	23682
28665	28771
127745	128860
127744	128860
172421	172994
172421	172995
165311	166825
165311	168236
93108	93233
93109	93235
87520	88264
87520	87626
87520	88115
87520	87669
15231	15380
93361	93673
93361	93645
93361	93679
93361	93666
185729	185816
185729	185818
185729	185809
185729	186041
185729	186026
185728	186554
185728	185799
185728	186547
185728	186526
185728	186527
185728	186555
185722	185833
185722	185830
155455	158802
155324	155422
155450	155539
155451	158802
155451	155539
155453	155523
181617	182113
154324	155209
154321	155208
154321	155339
154320	155338
64541	64607
117162	118499
98130	98602
134121	134414
93811	94353
141871	142261
157024	157980
157024	158789
121037	121401
125046	125361
152247	152514
152247	152531
152247	152376
152247	152522
152247	152526
125048	125362
177350	177408
121038	121445
24118	24212
24118	24165
14991	15204
14991	15140
14991	15380
14991	15363
14991	15636
14991	16074
14991	15106
14991	15132
14991	15104
14991	15365
14991	15641
14991	15358
14996	15106
14996	15204
14996	15104
14996	15090
14994	15384
14994	15204
14994	15380
14994	15381
14994	15363
14994	15358
14994	15366
14994	15636
14994	15365
14994	16075
14994	15106
14994	15104
14994	16074
14994	15641
14994	15640
14994	15642
6601	6759
14998	15136
14998	15135
26842	27520
44570	44763
9573	9744
9573	9758
158930	159029
158930	159023
158930	159016
179672	181409
179673	180332
56563	57017
24560	24845
24563	24769
24563	24758
79751	80331
91423	91816
8728	8866
8728	9200
8728	9573
8728	9003
8728	9197
8728	8790
8728	8791
8728	8966
175779	176110
175778	176284
144614	146890
144614	148034
144614	148226
144614	145794
144614	148033
175776	176280
34333	34656
89033	89075
89035	89074
188722	188860
188722	188864
114080	114193
188728	188826
23238	23322
23723	23872
23234	23737
23234	23774
23236	23737
23236	23488
23236	23774
23236	23970
23236	23482
23236	24858
23236	23591
23236	24589
15316	16047
177457	177741
177457	178219
166471	167485
97102	97788
166475	167243
166475	166835
166475	166813
200	219
209	226
209	229
208	224
208	229
96675	98583
96675	97793
165874	166030
96677	98593
165876	166036
33365	34642
56798	56914
56798	56936
150651	151986
150651	150942
48261	48627
134335	134641
88817	89033
88817	88934
41314	41500
157022	158204
157022	158010
157025	158850
86921	87741
86921	88352
9577	9612
125672	126053
920	1005
920	1008
927	1573
107256	108857
175563	176305
175564	175747
175564	176498
48664	49583
134840	134982
80455	81288
125455	125794
59779	60169
781	929
781	795
782	890
129172	129429
129939	130245
129939	130278
129939	130251
129939	130270
129939	130302
71565	71662
155131	155370
33573	34695
33573	34620
33570	34621
142258	142984
28745	29210
28745	29198
86609	87346
86609	87334
86609	87345
133861	133917
86607	86855
126108	126578
126109	126548
126109	126561
126109	126466
126109	126447
126109	126464
188559	188721
188559	188722
188559	188836
188559	188719
188559	188853
188559	188658
188559	188659
188558	188721
188558	188722
188558	188836
188558	188719
188558	188853
188558	188659
188558	188658
188558	188848
188553	188765
188557	188857
28609	28816
28609	28808
172408	172682
172134	172435
19005	19318
94358	95253
94353	95475
56326	56394
56326	56385
56326	56387
56326	56380
56326	56374
56326	56376
56325	56385
56325	56394
56325	56387
56325	56376
56325	56380
130772	133861
130772	130907
185740	185830
74784	75125
137362	137386
86858	87516
81808	82519
86851	87537
86851	88262
86852	87290
86852	88361
98150	98592
98150	98571
98151	98614
98157	98592
98158	98572
70578	70907
70579	70842
119597	119659
119597	119708
122904	124276
125020	125347
125021	125312
847	889
847	872
8895	9003
134103	134642
134102	134220
134107	134133
134107	134172
146890	148208
179656	179779
179657	179779
94230	95999
94230	95992
8721	8807
115734	116090
115047	115737
115045	115745
115732	116095
126591	127401
5649	6469
5649	6473
5649	5713
5649	5712
5649	5702
5649	6100
5649	6099
5649	5925
5649	5893
5649	6101
5649	5922
5649	5783
5649	6097
5649	5921
5640	5865
5640	5883
5640	6306
5640	5869
5640	5957
5642	6099
5642	6473
5642	5713
5642	5712
5642	6101
5642	5740
5642	5893
5642	5921
5642	5783
5647	5883
5647	6101
5647	6350
5647	5704
5647	5713
5647	5707
5647	5700
5647	5712
5647	5702
5647	6099
5647	6473
5647	5893
5647	5921
5647	5783
5647	5865
5647	5698
5647	6306
59180	59580
59180	59779
137486	137514
137486	137579
137485	137512
137484	137618
137481	137517
137481	137502
137481	137556
23214	23737
23214	23774
23211	23737
23211	23767
23211	23758
23211	23774
23211	23415
23211	23945
23211	23429
23211	23343
23211	23263
23219	23737
23219	23767
23219	23758
23219	23774
23219	23945
23219	23429
23219	23343
23219	23263
488	847
6469	6821
6469	6649
118840	120245
118841	119292
118841	119204
118841	118947
118841	119231
118842	119292
111436	112773
111434	112773
127972	129172
127972	128895
127972	128694
113826	115047
113826	115754
100205	101086
100205	100447
184350	184405
100201	101086
100201	100447
100201	100347
100200	100345
5653	5865
5653	5883
5653	6306
5653	5869
5653	5957
130909	131332
6099	6493
6098	6492
6097	6498
162316	162479
96655	97805
93441	93558
93441	93541
93440	93553
93443	93524
96658	98145
96658	97140
124696	125222
124696	125209
124697	125209
38820	39003
902	973
128993	129560
113076	113826
163048	164069
11861	12123
11861	11957
11861	12104
11861	11958
11866	12123
11866	12104
11869	12104
11869	11958
11869	11957
11869	13162
11869	12123
11868	12123
11868	12104
15140	16300
164061	165008
164061	164288
164063	165151
113924	114933
113924	115695
7176	7573
174637	174969
174637	174890
130571	130873
130571	130943
130571	130946
130571	130874
131622	132131
177444	177478
86623	86859
86622	86857
86621	86851
86620	86771
86620	86785
126165	128700
126168	126946
72041	72300
127182	129537
129809	129982
129809	129985
129809	129977
5580	5591
5580	5593
5580	5592
5580	5594
5581	5591
108753	109498
130570	130834
130570	130988
181471	181999
23685	23818
23685	24306
23685	23827
93632	93808
94015	94632
94015	94609
93630	94506
93630	93827
93631	94358
93631	93811
87876	87996
87876	87958
87870	87997
17286	17571
60886	61745
60886	61205
181657	182087
181655	182101
181659	181945
181658	181944
82627	82741
82626	82730
82626	82752
82626	86594
120252	121085
120255	121080
128694	128861
56347	57866
56347	56415
56347	60886
56347	57890
56347	57848
9123	9752
9126	9198
10305	10480
7910	8291
176171	177431
176171	177434
186	227
186	200
186	198
184	213
188	191
184683	185382
125006	125282
125002	125821
125002	125275
185882	186550
185882	186000
185880	186566
185880	186562
185886	186025
125009	125320
187959	188005
135874	135976
135876	135973
135878	135979
135878	136070
121075	121529
121076	121541
861	902
45371	45658
141743	141870
44531	44744
44531	44741
44530	44744
44534	44614
44536	45107
90171	90607
115718	115887
115718	116084
137174	137365
137173	137223
137173	137349
126578	127185
89075	89284
126571	127186
126571	129483
174281	174637
137355	137387
23767	23964
23767	23940
6910	7019
6912	7145
173259	174062
87468	87669
175777	176108
110727	111105
119628	119698
119627	119681
119624	120079
119624	119700
184372	184426
130057	130323
180462	180616
69274	69538
69274	69848
69274	69853
93281	94662
160592	160857
123828	124297
184766	184892
184766	185698
184766	185681
184767	184879
130389	130562
186567	186613
116190	117041
38843	39880
38841	39900
38846	39899
38844	39898
38845	39880
130032	130368
80278	82061
80278	81293
152921	154321
152920	154320
48627	48951
134809	134979
124542	124718
124542	124734
81807	82703
125256	125728
125256	125722
41065	41825
41065	41314
41061	41826
41063	41499
29264	29998
29264	29782
29267	29781
29263	29767
29269	29484
169852	170557
187541	187959
121445	121544
95614	96212
33759	34399
33758	34397
29190	29521
29198	29518
29198	29511
162479	162672
169748	169850
131970	133874
109906	110026
109909	110027
172995	173831
172995	173657
302	732
302	735
118708	118746
183674	184409
155342	155413
27248	27524
27249	27523
117455	118701
74565	74894
16630	16958
88117	88920
88115	88816
144966	146508
93870	94630
125791	126115
93876	94637
57017	57287
57017	57282
95442	95520
95442	95494
176110	177350
16450	16616
124951	125645
121053	122488
187975	188034
187977	188019
187970	188037
56942	57339
56941	57287
56941	57291
56940	57336
33926	34382
91114	91442
41499	41824
115775	116172
115775	116171
115775	116167
115775	116195
115774	116110
115774	116210
1087	1225
188476	188520
179787	180476
109579	110965
109579	109973
109579	109992
109579	109976
109577	109973
109577	109976
109577	109995
29031	29177
29521	32470
127680	129512
121015	121395
121015	121191
130943	131829
130943	131820
130946	131820
119708	120000
119706	119998
119700	120293
69928	70339
5790	6196
5790	6194
5790	5935
5790	5933
5790	6178
5790	6193
5790	5976
96696	98151
96696	97783
93407	94138
93407	94256
93407	93739
93406	94138
93406	94256
98255	98373
159057	159091
159057	159093
60169	60600
152907	153332
134828	134927
134829	134980
6329	6421
6328	6424
134758	137340
187568	187889
125211	125809
87745	88162
80921	83260
113966	114956
113966	115703
7136	7229
153563	153783
153563	153692
69144	69327
28558	29489
188868	188905
38780	38990
38780	38992
38785	38876
38785	38935
38784	38933
38784	38897
38784	38881
30065	30330
30067	30330
30067	31479
130531	130678
130531	130846
130534	130673
130534	130866
130539	130673
130539	130866
174890	174965
136075	136170
93673	94672
136070	136172
188649	188856
93675	94676
93679	93952
127214	129519
127219	129500
129512	129544
129510	129559
183695	183834
183696	183846
151847	151978
23429	23723
173043	173259
100186	100357
100180	100307
100180	100920
100180	100357
100181	100359
100181	100663
100181	100671
93096	93700
97772	98124
120079	121367
125772	126109
152570	153933
152570	155131
152570	152704
125771	126112
120298	120767
26171	26239
124971	125317
56928	57649
56928	57648
56920	57337
56920	59696
56920	59575
56920	58744
90209	90576
90209	90600
90206	90602
90206	90581
90206	90599
70513	70842
70515	70842
70515	70666
70515	71104
71643	71675
71645	71669
71645	71866
175119	175248
175117	175250
175115	175236
113200	113842
94223	95992
94457	95990
115756	117057
120223	121037
115733	116091
115733	115894
44069	44292
44068	44307
44068	44292
44068	44302
44066	44307
44066	44292
44066	44302
44065	44310
44063	45919
44063	48309
44061	45919
44061	44199
44061	44532
44061	48309
44060	45919
44060	44199
44060	44532
44060	48309
183192	183313
183193	183598
183193	184069
109551	110933
15640	16094
15642	16064
129671	129781
125145	125423
125145	125652
467	556
467	564
467	550
86766	87468
86766	87520
180644	181406
86768	87475
88347	90206
88344	90213
24432	24612
28768	29497
155738	155988
126115	126541
126115	126549
81417	81938
81416	81940
35799	36028
23852	24289
281	663
16281	16517
81286	81664
81286	81655
16287	16626
16287	16457
81287	82060
81287	81933
38881	39073
162480	162870
162480	162670
185457	185640
166030	166425
166036	166445
166036	166425
6306	6398
6306	6350
119623	119950
121401	121538
125183	125264
125182	125254
29225	29535
187508	187568
176300	176475
176305	176476
163285	163662
163285	165259
187507	187726
163287	164066
152039	152411
125236	126059
125233	126063
125231	125657
125231	125772
125231	125770
125231	125723
125231	125672
1984	2012
1982	2014
1983	2012
179551	179605
152437	155277
138459	138714
44302	44534
29489	29938
29489	29692
29484	29771
564	751
564	710
33682	33928
33682	33923
122176	122587
122179	122608
28576	28761
112897	113357
112897	113112
28681	29269
28683	29267
28685	29272
28684	29264
28686	29234
89284	89964
89284	89518
89283	89972
188338	188476
82519	82635
79833	81049
79833	81048
79833	81041
79834	81048
116215	117278
116215	117399
23440	23655
173022	174059
187889	187955
344	430
348	428
348	433
16676	17286
6150	6652
69885	70567
69885	71102
25597	26812
52483	53097
23695	24621
23695	24563
162032	162089
134981	135531
134980	135544
175076	175140
175076	175119
175076	175127
34973	35616
83907	85174
83270	83468
168641	168681
168643	168880
168643	168883
168643	168879
168643	168884
168647	169748
168646	168881
168648	168880
168648	168870
168648	168878
178219	178602
8683	8721
8683	8720
8683	8715
15919	16017
126510	126950
126510	126933
183717	184226
88816	88925
88816	89035
88362	89019
107251	108857
137517	137617
107252	109574
107252	108759
137512	137615
119681	119951
28744	29031
134566	134677
172548	175037
80007	80438
188290	188468
133973	134166
133973	134163
133973	134010
133973	134385
133973	134031
133973	134111
133973	134358
133972	134102
73270	73501
73277	73518
73278	73523
56595	56940
56596	56925
56592	56942
56592	56923
23083	23238
87597	87925
87593	87893
87590	87888
87590	87877
87591	87877
87591	87884
23085	23207
81293	81660
81292	82047
81292	81521
81296	81517
81294	82059
125268	126062
166583	166807
166589	166841
166589	167021
121395	121536
191	209
191	208
191	207
187521	187724
134571	134814
62948	63184
49404	50183
125250	126071
125250	126085
125253	126069
125255	125769
125255	125766
125255	125720
125255	125690
125255	125717
125254	125448
125254	125771
152056	152234
169853	171912
1969	1992
1964	1984
1964	1983
1966	1982
1963	1984
1963	1983
45099	45654
45098	45384
45098	45371
45097	45369
137219	137360
137215	137410
137215	137362
122159	122517
122154	122517
87603	88001
186734	186804
144613	144855
144613	145796
144613	148226
51442	52250
87741	88347
6563	6664
129889	130619
23466	24620
23466	23688
23469	23691
173004	174043
173004	174071
173004	173299
173004	173296
173004	173307
28178	28681
28178	28370
28178	29236
28178	28351
28178	28686
119145	120353
181385	181439
25608	25815
82950	83670
184602	185626
184602	184897
184602	185603
184601	184788
69758	70406
69759	70406
165939	166457
116210	116765
116217	116777
79835	80264
79835	81079
79836	81062
79836	81083
79836	81079
79836	81070
116214	117188
70005	71968
125731	126083
185809	185886
80000	80433
15604	15746
15604	15732
109511	109909
109511	109911
95362	99922
110938	111434
126063	126213
126062	126200
126062	126457
126062	126212
126069	126214
126069	126202
126069	126444
126068	126434
126068	126443
126068	126208
129944	130270
50183	50216
107272	108764
107272	109579
107274	109577
107274	108764
28239	28393
28239	28362
28239	28372
28239	28390
152234	152377
428	467
28720	29190
422	459
422	453
422	521
424	456
95983	96676
174970	175025
174977	175045
174975	175029
155082	155358
155082	155273
155086	155288
181552	181688
172690	173004
130301	130573
23818	24349
51638	52241
51638	52483
51638	52492
96181	96688
69320	69357
120574	121053
90581	91114
63671	63730
63671	63951
119948	120409
119947	120078
119947	120410
9601	9748
57337	57395
57337	57620
9604	9928
57339	57596
141009	141101
134229	134402
141002	141037
141002	141034
134556	134678
134556	134670
134556	134829
141007	141100
141007	141052
141004	141097
152076	152167
152074	152921
152074	152167
152079	152190
152079	152167
152079	152166
94613	95906
106895	107094
124371	125265
124371	125158
124371	125157
124371	125231
124375	124990
112858	113146
112855	113145
112855	113200
112857	113355
112857	116124
112857	114980
112857	113359
112857	113348
112857	116097
112856	113334
38763	38843
38767	38845
38764	38841
74388	74530
184887	185672
114980	116097
87626	88191
524	537
527	744
527	673
40843	40954
523	657
523	548
28393	28665
28390	28567
118784	119624
118784	119618
109895	110020
109898	110021
181945	182284
181945	182093
181944	182468
35126	35584
35125	35800
35125	35613
23488	23803
3805	3828
34621	34870
23482	23757
72461	73285
72461	72766
119166	120352
19339	19708
117188	117408
117188	117282
166681	168533
26449	27248
26449	26808
120767	123009
120765	123233
120765	124268
154619	154790
155523	155657
75470	75537
24977	25233
162214	162679
5925	6024
165268	165322
165268	165326
165269	165316
75653	75926
116765	117157
148297	148579
148297	148483
128895	129166
128895	129230
116095	116213
124408	125035
124408	125211
175421	175563
175421	175540
175424	175540
185824	186259
185821	185880
46226	46458
152485	152682
155988	156494
113112	114017
113112	113924
12908	13163
113842	115045
130302	130567
119314	119626
121186	121590
58763	59180
86624	86858
169157	169846
169157	169847
1005	1094
1005	1251
1004	1092
1004	1089
137558	137856
113379	115073
136972	137220
136973	137215
108266	108794
174950	175027
174959	175019
89457	90171
51032	51638
51032	51342
5712	5784
130325	130423
130323	130445
130323	130571
23343	23723
23343	23767
23343	23945
23343	23758
82707	82741
82702	82737
82702	83000
82703	82999
155209	155348
155209	155400
32282	32438
32283	32430
101086	102159
101086	102151
101086	102005
101082	102151
93952	94600
96703	98119
96703	97102
96703	97134
96708	97102
96708	97134
141647	141743
141647	141733
141647	141736
141026	141077
141026	141047
141021	141088
141021	141135
141021	141136
141021	141094
141021	141096
141023	141078
184838	185700
81034	82174
27046	27248
27046	27250
94632	95932
94630	95932
94637	95932
94637	95916
33370	33556
112871	113356
112871	113334
33378	33573
34859	35125
143896	144606
44105	44191
40136	40393
40136	40388
44108	44265
103104	106599
129772	130224
129773	129939
129770	129935
183566	183684
29938	30372
29938	30392
40864	41066
30392	30568
126213	126425
52972	53484
131518	131970
69538	69846
69537	69859
165464	165646
165464	165638
165461	165643
165461	165883
165461	166475
184642	184839
31843	32622
31843	32425
74899	75470
74894	75465
74893	75647
74893	75466
39071	39361
98572	99864
184363	184420
39075	39363
93638	93811
93636	94506
93636	93902
134924	135881
134924	135458
134926	135878
81939	82616
23682	23828
23682	23826
23682	24310
81933	83257
23683	23818
57336	57397
188839	188875
188836	188897
6063	6195
33419	33846
33415	33802
33415	33835
33415	34324
33415	33831
70406	70620
70405	70620
70405	70621
102021	103104
70401	70839
30492	30837
125337	126098
732	1125
732	910
158799	158861
751	928
751	1235
119372	119486
119372	119620
119375	119628
29781	30399
29890	30083
739	902
739	863
739	866
24346	24559
50239	51035
50235	50492
50234	50385
50234	50458
50233	50370
50233	50411
50233	50385
50232	50492
50232	50457
50232	50487
50232	50480
50232	50386
50231	50492
50231	50407
50231	50475
50231	50496
50231	50480
50231	50367
50231	50489
50230	50471
50230	50494
50230	50465
1024	1960
1024	1126
58744	59696
58744	59575
108794	109281
129900	129944
108243	108505
108536	108794
108538	108793
28277	28401
28277	28404
8673	8682
8673	8679
8673	8681
8673	8678
8679	8700
8678	8718
50494	50674
136190	136795
136190	136983
136191	136839
188232	188345
51019	51434
155042	155271
155042	155093
155040	155094
155040	155259
134220	134335
186526	186577
186527	186578
188059	188544
188059	188137
188055	188087
15205	15243
15204	15237
15204	15233
152075	152918
152075	152163
152075	152921
152075	152167
15202	15380
15202	15641
15202	15231
15202	15636
15202	16074
155368	155416
113456	114547
127889	129479
6656	7176
6656	6939
173657	175017
154797	155092
154790	155082
117399	117530
173736	175053
173736	175059
184583	184880
184583	185603
159016	159096
86915	88336
86914	87734
86914	88356
124676	124732
124676	124736
124670	124964
124672	124723
124672	124966
63188	63307
63185	63381
63184	63306
125103	125245
80183	81062
80183	81064
94650	95919
94657	95899
148483	148628
36433	36518
14962	15007
14962	14993
14962	14998
45384	45658
45384	45656
186065	186386
34870	35126
87669	87958
129755	129866
8790	8865
15567	15695
119299	120343
119299	120336
119295	120244
107310	108230
107310	112804
107310	108101
107310	112793
107310	112790
107312	108243
107312	108253
107313	108211
107313	108106
44831	45079
44831	45715
107317	107690
23114	23568
23114	23379
87981	88933
69622	69885
69622	69860
69622	71103
32438	32609
5698	5779
165195	165248
31867	32413
124990	125237
16047	16316
16047	16211
16047	16174
96000	96677
5965	6125
93524	94065
79890	80318
79890	80278
79895	80327
79895	80268
130155	130325
130620	133155
125821	129561
125821	128021
125821	129525
69114	69268
69114	69591
124331	124542
134674	134828
134677	134758
134676	134834
134670	134840
134673	134809
188852	188891
188853	188903
188857	188898
188858	188876
188858	188911
75692	75941
134010	134167
134010	134106
9581	9613
9585	9756
9585	9940
118864	119166
56553	56920
56553	56596
118862	119166
118860	119597
102005	102419
185888	186562
125312	126113
39363	39487
185887	186586
187958	188032
179744	180610
179748	179986
179749	180282
176284	177336
33835	34159
33835	34333
33835	34322
33831	34159
24494	24751
137946	139379
106786	107285
106786	107317
106780	107316
106788	107251
106789	107289
87346	87435
87346	87582
522	657
522	540
522	544
174990	175044
174993	175047
31470	31845
110650	110829
132141	133906
132141	133156
23568	23854
93739	94140
15190	15728
15190	15604
184520	185653
25817	26171
25817	26250
186547	186596
144855	144966
144855	145796
126950	127214
74648	74893
72765	73270
72766	73091
72766	73677
51699	52972
51699	52423
119478	119698
28835	29146
87516	87596
87516	87673
87516	87870
87512	87745
87512	88244
87513	88261
87513	87749
28399	28757
28399	28720
28399	29512
28399	29225
28399	28718
161225	162021
69477	69759
69477	69765
69477	69766
69476	69766
69471	69766
69473	71218
93993	94601
158204	158799
141603	141867
81210	81666
81210	81417
124836	125130
124836	125118
124834	125139
124834	125145
81079	81186
81078	81187
94676	95993
94672	95993
124376	124989
57397	62105
57397	58232
57397	58231
890	927
33338	33419
33333	33410
33333	33415
33334	33423
39880	40123
39880	40136
80306	81275
80306	81294
80303	81275
80303	81294
80300	82061
40391	41066
40391	40957
40391	40864
40392	40843
71102	71557
71103	71557
71103	71578
71104	71647
71104	71565
673	745
114963	115732
88934	89075
162466	162653
133952	134121
133952	134048
133955	134121
28336	28997
28336	28576
127128	127537
69860	70417
69860	70567
69860	71102
89086	89600
100124	100359
100124	100663
100124	100671
28159	28558
28158	28378
28151	28262
28150	28260
28154	28287
28154	28300
28154	28436
28154	28277
28154	28322
185382	185625
114037	114350
93051	93441
93056	93627
93056	93632
93056	93578
93057	93636
93057	94687
93054	93440
93058	94687
94080	94223
94080	94230
69288	69622
69288	69630
69288	69612
129935	130240
129935	130245
129935	130250
129935	130301
148234	148280
25029	25442
125809	128416
125809	125982
125805	125982
125805	127636
124318	124670
124318	124664
124317	124706
124316	124701
124315	124705
134385	134592
52423	52973
6024	6139
6024	6097
162679	162930
162672	164063
162672	163056
162673	164063
162673	163052
162670	163285
184790	184903
113355	114973
113355	115775
44286	44529
44286	44568
113357	114017
113357	113919
113356	115775
118846	119299
118846	120252
118846	120360
118846	120264
118846	119274
44280	44565
44280	44527
53484	53540
113359	115775
113359	115068
113359	114974
113359	115044
152170	152917
130334	130569
134031	137396
134031	134170
134031	134171
134031	134385
134031	134822
134031	134358
134031	134229
710	752
108759	109580
108754	109874
108754	109902
24305	24364
24306	24575
24306	24843
124348	125253
124348	125268
179762	180024
30100	32282
108281	108503
94506	95362
62046	62808
5779	6350
5779	5891
5779	6193
5779	6194
5779	6196
5779	6178
5779	6180
5779	5803
5779	5846
5779	6306
5772	6350
5772	5886
5772	5884
5772	5891
5772	6178
5772	6180
5772	5803
5772	5846
5772	6306
5772	5966
109489	109679
109489	109906
109480	109898
109481	109667
186569	186623
109485	109665
29146	29246
28811	31822
28811	29890
28811	29888
28811	31470
28811	31832
28811	31867
28811	30087
28811	30093
28816	30065
126425	126634
87537	88106
87537	88263
15243	15382
24973	27249
95906	96706
95902	96680
135544	135876
159587	159807
159587	160301
75570	75924
81275	81367
81275	82059
81274	81664
81274	82057
81274	81416
69630	69860
124819	125416
124819	126168
184892	185698
184892	185681
184891	185683
141088	141150
141088	141146
141088	141148
172127	172408
172127	172412
15343	15919
15343	15921
57620	58229
116084	116215
116082	116214
94690	95997
94690	95442
128311	128993
87334	87434
44614	44951
80328	82058
80327	81280
33315	33671
33315	33665
33315	33679
33315	33682
8807	8945
33311	33394
33311	33392
33310	33374
33310	33394
33310	33392
33310	33372
174071	174273
129686	129889
156487	157011
88912	89049
88912	93013
34695	34860
133971	134103
133971	134444
133977	134166
133977	134163
133977	134010
133977	134385
133977	134111
133977	134358
133976	134099
133976	134100
133975	134099
133975	134010
133975	134100
133975	134002
133974	134099
133974	134102
133974	134100
137419	137454
133979	134102
657	920
657	1221
657	720
131825	131876
131825	131979
69846	70515
28176	31858
28176	30148
28176	31838
28176	31824
28176	28738
28176	32069
28176	28993
28176	29919
28176	30122
28173	29001
28173	28287
28173	28300
28173	28436
28173	31843
28173	28738
28173	28322
28179	28811
28179	30148
28179	31867
28179	28997
28179	31832
28179	28993
28179	28440
28179	31822
28179	31824
28179	28609
28179	30087
28179	29919
28179	28294
28179	31470
28179	28326
28179	32069
28179	31838
28179	31858
28179	28336
28179	28199
28179	28244
28179	31853
28179	31865
28179	28430
28179	30122
28179	28612
28179	28324
28179	28617
165151	165222
130569	130943
130569	130856
130569	130873
130569	130957
130569	130946
130569	130874
177336	177428
110028	110651
110020	110727
110021	111528
110021	110650
110026	112835
110027	110651
93070	93358
93070	93275
93071	93445
93072	93298
93072	93991
93072	94663
93072	94657
93072	93281
15090	15205
144664	144888
155613	155747
155610	155887
186801	187092
124370	124987
153575	154318
153575	155424
124374	125154
153577	153916
153576	153938
153576	154521
16277	16630
16277	16456
119621	119947
119621	119681
16273	16528
74386	74648
74386	74656
74386	74655
74380	74530
74383	74565
74383	74897
74383	74899
74382	74619
10056	10517
87869	87981
87869	88933
125680	126054
141146	141225
141146	141248
141146	141247
152626	153563
152626	153176
152626	153114
125420	125654
118822	119627
118822	119623
118822	119598
118822	119474
118821	119627
118821	119623
118821	119474
113373	114934
113373	115077
182000	183111
175425	175563
70609	72478
86782	87529
86783	87512
86784	87522
86784	88262
86785	87529
172927	173022
172926	173035
172924	173022
185799	185882
175067	175119
175067	175117
175067	175115
175069	175119
175069	175121
175069	175117
106745	111413
106745	108754
106745	109979
106745	109983
106745	107274
106747	108753
733	861
733	866
29782	30396
29782	31165
29782	30786
129475	129526
15007	16287
23523	23849
23527	24601
23527	23848
126197	126382
126444	126582
155288	155351
110616	110942
50927	51325
117041	117480
125282	125835
127861	127969
152081	153961
6634	6825
56558	56801
100359	100914
56552	56798
56552	56592
56552	56944
50651	50927
50651	51060
50654	50927
48951	49180
119474	119999
184528	184654
184529	184652
86976	87317
165361	165940
165361	165874
165361	165876
97787	98678
97783	98125
166813	167051
166813	167245
97788	98150
56801	56941
130270	130543
60292	60606
162462	162873
130278	130549
162464	162869
57602	58227
57601	58230
94256	95614
111105	111238
125160	125269
87316	87927
87317	87927
134172	134365
134172	134364
134172	134567
134172	134253
134172	134326
134172	134368
134172	134560
134172	134358
87318	87926
87318	87597
186000	186065
15892	15995
15892	15941
156246	156487
156246	157025
33665	33929
33665	33925
34369	35603
115787	117050
115787	116209
115787	116195
115788	116190
115788	116111
115788	116201
119274	120336
119274	120255
183438	184439
183438	183766
183433	184361
183433	184223
183433	184408
28372	28547
28372	28567
28372	28562
28376	28565
28376	28551
28378	28556
169456	169853
169458	169869
72484	72765
72484	72759
28199	28811
28199	30148
28199	31867
28199	28997
28199	31822
28199	31824
28199	28609
28199	31865
28199	30087
28199	29919
28199	31470
28199	32069
28199	31858
28199	31838
28199	31853
28199	28576
28199	31832
28199	30122
5637	5727
5633	5654
5633	6031
