Term_id	pearson
490	0.962591208841
848	0.947993298249
977	0.899018063296
902	0.888230372223
1030	0.767062219032
1775	0.720848775544
968	0.903713653345
888	0.870657074967
368	0.754823197778
1787	0.674552520548
994	0.917898487376
900	0.897135535449
338	0.705659531238
643	0.862637459016
231	0.666402178762
1264	0.934625505966
1342	0.931725033213
335	0.510024461607
1590	0.800129829791
1412	0.816423954004
506	0.900927417366
483	0.894012414151
1961	0.604508833234
1136	0.17673201822
1393	0.133153780837
1957	0.567461508452
301	0.310788005585
1519	0.542991249408
1614	0.78227159457
1398	0.0187758674031
525	0.315380790245
696	0.683579514273
1604	0.588346619994
946	0.751126683963
991	0.191463192877
833	0.754666431771
723	0.673259957673
1505	0.659058546287
491	-0.0475869554908
1707	0.749711060847
829	0.647557612932
1584	0.67850799997
476	0.0728671163691
1193	0.694438627142
437	0.772824486617
808	0.735800304365
1759	0.0779022248488
531	0.851471281853
1443	0.177475030852
1689	0.795182482011
892	0.798868731122
1504	0.650056756665
1097	0.856084897014
1509	0.567551956705
1671	0.688109301744
669	0.729762411653
1701	0.797265215524
660	0.775483707348
1452	0.0806576942267
487	0.010787669866
1773	0.00704404667167
690	0.761665693376
1768	0.358355151424
602	0.565133507602
702	0.721170967565
1043	0.904005719927
1821	0.681559771566
1518	0.708886662316
566	0.683726496301
1039	0.900553046616
1078	0.87516683888
624	0.776072352731
554	0.664239843143
780	0.718737235472
1467	0.618078721442
1793	0.379723050319
1798	0.716245117045
1777	-0.0873861676157
1930	0.27534211006
464	0.0537541385404
596	0.737800955491
635	0.715496378124
649	0.733910870388
442	0.048557011501
1879	0.693534855578
641	0.709070659099
1833	0.410328541338
1137	0.677123854203
614	0.73136466466
224	0.305627496208
548	0.844496480529
740	0.921212703992
1878	0.388666037215
750	0.686614547206
1919	0.26699686362
1637	0.735074271804
448	0.592579790303
579	0.788524252386
588	0.69374509461
601	0.749784052838
196	0.237497150793
1897	0.496437750237
530	0.226438288283
771	0.746200361086
524	0.749761916985
1869	-0.0280472106238
365	-0.179255861497
1895	0.312090808418
1098	0.899169245169
1273	0.666315772235
1972	0.249202720707
1786	0.29436481093
1916	0.458472057007
435	0.506287915826
573	0.791956883684
1382	0.923630804084
277	0.513806555169
744	0.740756001413
758	0.760008737611
732	0.782849984481
188	0.187246753129
308	0.340923965434
585	0.80387521314
733	0.911921943697
1903	0.367730346225
1107	0.462443779541
1111	0.679878147092
1980	0.168513644798
728	0.83865978598
1522	0.576695584635
332	0.0017286325192
609	0.786280939646
761	0.785954159522
1052	0.874377926039
1085	0.8430115106
1138	0.836182452017
1267	0.695614106612
1305	0.60813720346
1784	0.177438992787
1830	0.452488690258
1858	0.181101307507
1882	0.442630856973
765	0.749515035482
1126	0.468100388085
1909	0.162811212765
1886	0.225232044262
1253	0.636080390756
409	0.162093299885
1186	0.488997399958
1258	0.660480582169
1565	0.573803711209
657	0.791871931047
1236	0.441074300726
1322	0.634596538749
906	0.672845947818
1970	0.266941446024
790	0.745913478322
535	0.819467605297
405	0.65610821118
1101	0.707881830303
1152	0.677026730558
1608	0.572412250951
1579	0.434631015498
185	0.174321977841
739	0.770868369286
571	0.78012451676
1653	0.557208516095
1514	0.668255587193
1044	0.819519897817
1765	0.81943868413
1239	0.649053122938
1556	0.648113091186
1844	0.337677043379
1091	0.729346810241
1092	0.75385680546
1314	0.626779764178
1776	0.323232538492
1814	0.326670995428
1558	0.891068107901
434	0.0425366016927
1656	0.272945588705
317	0.598945248279
689	0.803476276179
783	0.653688626511
852	0.622848635325
1301	0.654685070855
1141	0.693602359104
1540	0.879406578651
356	-0.081157510893
546	0.78128046645
686	0.716227314077
1038	0.835366554071
1225	0.674573649832
436	0.236228095414
544	0.804194420553
736	0.807301227632
1628	0.312314445845
350	-0.0385969624808
380	-0.00899340350363
1170	0.649876543118
1575	0.886470304031
186	0.502953755666
1221	0.422897922223
1228	0.589509794201
1711	0.725676608742
1716	0.54804649595
593	0.690932791638
1215	0.655437766362
572	0.420027381876
1792	0.360369812405
655	0.649695347674
1079	0.695127800985
1268	0.258767955727
1645	0.551421305606
1719	0.226300369448
1257	0.630870624039
1633	0.891068238184
334	0.727061922795
534	0.826551597515
1133	0.644411099663
1130	0.693918177122
1100	0.576075048889
397	0.66847618975
562	0.72180302826
1037	0.628530854001
1103	0.579959771864
200	0.377055694712
370	-0.00557918997396
458	0.525303182039
1060	0.568595614297
340	-0.0293027706781
336	0.251847693398
1081	0.612084916065
379	0.693831315244
1057	0.556086274225
1313	0.64954400692
1597	0.647749557262
684	0.59121744193
920	0.187682827409
1254	0.591678952863
1289	0.584698323596
606	0.36354691872
711	0.549853022757
1059	0.579118528265
1248	0.504469584386
215	0.444199479101
418	0.785935930727
551	0.604043489085
840	0.515195536228
1178	0.665103700162
1526	0.586446817879
1693	0.373905815776
1743	0.277069265383
1926	0.474919736766
1140	0.574758936965
1143	0.561395486983
1179	0.562753720684
391	0.712345872546
1288	0.570501601815
1327	0.491884576878
1399	0.781855894767
768	0.638861895854
305	0.3911346682
1839	0.696508100387
527	0.766909474604
796	0.634883721521
1303	0.743806249954
1343	0.580149619652
1281	0.466148893697
1324	0.490046305335
189	0.203365579581
433	0.663679589308
1024	0.617396441779
1576	0.223463008667
406	0.645535922481
542	0.00327153602602
1810	0.786706353597
779	0.577834886706
526	0.551034046369
880	0.694347563219
1040	0.594515296041
1345	0.410222585893
1631	0.644278443132
507	0.557086176552
1315	0.412868067174
1226	0.624396430209
421	0.738075740606
775	0.621566966163
811	0.548380790265
1102	0.601558299511
1153	0.651649451153
1429	0.586684026369
212	0.508288028432
371	0.42439102367
307	0.189213280867
450	0.7546389976
805	0.595223142223
859	0.553020045106
1192	0.66998575388
1424	0.637896210251
218	0.621118374143
389	0.613959692385
1110	0.593767372223
312	0.433290429676
221	0.506118438321
222	0.585903698001
1900	0.593086858628
836	0.497462786261
1142	0.642833791214
1177	0.642507318449
1974	0.571332806939
211	0.517998389957
854	0.536521424949
381	0.516344332219
754	0.671412578732
763	0.507771534778
1083	0.483937473479
318	0.689888508067
420	0.647652496739
469	0.578864049762
471	0.75674049802
625	0.635943022589
830	0.564281360304
958	0.730381922849
990	0.678731123865
1104	0.508549492767
1147	0.471207163236
1283	0.655571327898
1310	0.653219002141
1448	0.760471868824
1450	0.671117537887
1464	0.822682951555
1871	0.57908908525
1951	0.620144771213
1963	0.460672246887
886	0.68249744708
1317	0.665683595083
1411	0.587038078026
219	0.492738255842
492	0.51775869895
747	0.642057736956
757	0.568644329363
1347	0.616727236028
1517	0.895959537906
302	0.369260534105
191	0.0430623764255
413	0.649900840352
582	0.611101312864
612	0.676939565643
767	0.57344814373
998	0.613673652052
1195	0.637963549357
1454	0.818833628425
1684	0.496107649008
1944	0.643621690912
