parent	child
0	7176
0	7177
0	7178
0	7180
0	8211
0	8212
0	8213
0	8214
0	1711
0	5664
0	5665
0	6690
0	6691
0	7716
0	6693
0	4134
0	4135
0	5672
0	4138
0	4139
0	8236
0	8237
0	8238
0	6191
0	6192
0	6193
0	6194
0	8253
0	8254
0	8255
0	8256
0	8257
0	5473
0	6532
0	8268
0	3938
0	8270
0	8271
0	3939
0	8277
0	8278
0	8279
0	8280
0	3940
0	4699
0	4701
0	4702
0	4706
0	187
0	1128
0	1129
0	1130
0	2237
0	629
0	630
0	631
0	7800
0	633
0	7803
0	7804
0	8128
0	7813
0	2753
0	2754
0	7875
0	4889
0	2756
0	3738
0	5275
0	5276
0	3741
0	4891
0	6535
0	6854
0	1704
0	1707
0	7342
0	7343
0	7344
0	7346
0	2495
0	184
0	185
0	186
0	2235
0	3260
0	189
0	2238
0	3265
0	2242
0	2755
0	6852
0	7877
0	3270
0	6855
0	6856
0	8140
0	2764
0	7714
0	632
0	7715
0	5844
0	7713
0	5846
0	5847
0	5851
0	4324
0	4325
0	4326
0	6375
0	6376
0	6377
0	6378
0	4136
0	7878
0	8129
0	7940
0	7941
0	1410
0	6019
0	4887
0	4888
0	8068
0	4890
0	7963
0	6533
0	5073
0	6534
0	7801
0	1135
0	6536
0	7482
0	7483
0	7490
0	8004
0	8006
0	8007
0	847
0	848
0	849
0	5471
0	5472
0	3937
0	5474
0	5475
0	7012
0	7013
0	7015
0	7021
0	1406
0	1408
0	1409
0	6018
0	8067
0	6020
0	8069
0	8070
0	8071
0	1416
0	409
0	410
0	5274
0	4510
0	4511
0	4512
0	4513
0	418
0	6696
0	1969
0	1970
0	1971
0	1972
0	3509
0	3510
0	3512
0	2493
0	7615
0	2496
0	2497
0	7618
0	8131
0	7621
0	3017
0	3019
0	3020
0	4514
0	8269
0	5072
0	7633
0	5074
0	5075
0	5076
0	8130
0	8172
0	8174
0	8175
0	8176
8195	8205
8200	8206
6206	6216
8211	8218
8212	8224
8214	8216
8214	8235
8224	8227
8224	8231
8227	8232
4138	4142
8236	8243
8236	8239
8237	8242
8238	8251
6192	6199
6193	6196
8243	8246
8246	8249
8253	8263
8254	8258
8255	8264
8256	8259
8257	8262
8262	8266
8264	8267
4169	4172
8268	8276
8269	8272
8271	8274
6225	6231
4187	4195
5477	5488
5477	5484
4195	4205
6550	6581
4205	4210
4210	4223
4223	4260
4917	4923
3755	3785
2756	2760
6300	6362
7877	7880
4260	4275
6854	6858
4271	4307
4275	4308
3785	3788
3785	3790
184	188
185	200
186	192
187	190
188	194
189	195
190	197
190	198
2239	2251
2239	2252
192	196
194	206
195	204
196	203
196	207
198	201
198	212
200	208
201	220
203	217
204	214
206	213
207	210
212	232
213	234
213	229
214	225
2264	2270
217	275
6362	6372
220	233
220	259
2270	2276
2270	2340
225	294
5499	5500
2276	2309
229	238
2278	2285
234	250
4135	4150
4332	4365
238	288
2287	2328
4136	4151
4339	4346
6388	6400
6391	6398
6392	6428
7892	7898
250	280
250	266
6398	6402
4352	4357
5504	5512
6402	6426
6402	6407
259	297
2309	2341
6406	6408
6407	6420
6408	6487
4361	4372
266	273
266	307
5847	5848
273	385
273	379
4372	4384
280	285
6191	6202
6191	6198
285	347
2334	2339
6533	6543
288	318
6433	6461
2338	2353
2341	2372
4392	4396
4396	4409
4396	4494
2353	2358
307	335
4409	4446
2783	2911
6461	6475
6539	6544
4492	4506
6199	6208
335	344
335	340
340	360
6542	6554
6217	6224
344	359
4446	4461
6203	6217
359	369
360	378
4461	4492
6510	6529
6510	6526
6208	6215
4158	4169
378	382
379	395
382	397
385	390
6532	6539
6536	6542
4494	4504
6544	6550
409	413
410	417
413	438
413	423
4511	4518
4512	4515
417	420
417	428
420	436
4518	4535
423	431
428	451
431	447
6216	6225
436	473
6581	6609
2493	2506
447	468
2496	2513
2497	2508
4513	4520
4172	4176
4514	4522
5471	5486
4515	4532
468	502
473	478
4176	4187
4176	4271
502	508
6231	6260
6690	6708
6691	6695
6693	6698
6695	6728
6224	6291
6702	6706
6706	6726
4532	4536
7043	7079
6726	6833
6728	6846
4706	4709
4709	4716
4716	4724
7522	7529
3176	3207
4724	4730
629	637
631	635
631	639
632	636
632	646
4730	4735
635	649
636	651
637	644
639	643
644	666
646	665
649	652
651	688
652	710
4751	4761
666	684
4770	4773
7963	7976
4773	4786
7865	7873
684	702
688	692
4786	4803
692	735
8070	8082
702	817
2753	2762
710	734
2762	2769
6859	6864
2764	2768
2764	2799
6863	6882
2768	2783
2769	2775
2775	2779
2779	2851
6882	7008
6882	6982
6609	6617
2799	2840
7976	8002
5276	5282
5072	5112
4887	4893
2840	2849
4890	4907
4890	4892
4892	4899
4893	4901
2849	2864
5073	5081
2851	2937
4901	4917
7801	7815
5597	5653
2864	2869
817	821
2869	2888
2888	2938
847	890
847	854
848	852
848	853
849	858
852	864
852	867
853	861
854	855
855	866
855	892
864	887
864	879
867	875
7012	7016
7013	7020
7015	7017
7015	7018
7016	7026
7017	7055
875	913
7020	7043
879	891
6291	6300
887	906
887	919
2937	2966
890	904
892	896
896	914
904	1011
906	1072
906	949
913	925
914	940
2966	2992
919	927
925	976
927	1024
927	938
5282	5286
940	973
2992	3015
7667	7681
949	1005
5082	5232
3017	3032
3020	3024
3020	3025
973	997
976	1026
3025	3031
5076	5082
7125	7166
3031	3037
3032	3041
3037	3038
3038	3102
3039	3050
3920	3932
3041	3080
3050	3092
6196	6206
1005	1020
1005	1014
7088	7125
1011	1038
1014	1046
1020	1042
1024	1103
7681	7711
7177	7191
7178	7181
7178	7205
1042	1058
3092	3100
7342	7353
1046	1066
7191	7211
7343	7347
3100	3115
3102	3130
7344	7348
7205	7339
3115	3117
3117	3134
1072	1079
7713	7721
7713	7718
1079	1106
3130	3153
3134	3175
5301	5420
3153	3166
6379	6392
8036	8065
7695	7710
3166	3176
3166	3205
1129	1141
1129	1142
1130	1137
1135	1148
1137	1138
1141	1158
1141	1150
1142	1163
5507	5521
1150	1185
3205	3250
3207	3230
1163	1180
1163	1191
2242	2245
6375	6379
6375	6382
5274	5284
5275	5283
1180	1332
1180	1221
2245	2259
1185	1200
5283	5288
5286	5295
1191	1198
6617	6657
1198	1285
5295	5301
6382	6391
3250	3258
2495	2504
3260	3271
7359	7392
3265	3272
2251	2257
6860	6863
1221	1269
3270	3273
3270	3274
3271	3287
3272	3286
2252	2287
3274	3288
7714	7732
7715	7722
3286	3294
7392	7400
7718	7738
2257	2264
7400	7469
7346	7359
6696	6702
6195	6203
2259	2278
1269	1280
1269	1276
4308	4320
4134	4148
1276	1304
1280	1296
1296	1299
1299	1315
1304	1328
1315	1317
1317	1403
8071	8096
8071	8078
5420	5452
7469	7479
7483	7488
7488	7495
7490	7522
7615	7624
4324	4332
4324	4327
7888	7895
5474	5477
5474	5479
5475	5478
5479	5504
7529	7599
4327	4339
5484	5490
8082	8112
5486	5494
5488	5499
6376	6383
6377	6406
5500	5507
6378	6389
1406	1415
1408	1421
1410	1411
1410	1414
1415	1631
1416	1429
4139	4158
1429	1453
5526	5589
6383	6388
7599	7608
3509	3519
3510	3513
3512	3516
3513	3527
3516	3528
3519	3535
7618	7642
7621	7650
3800	3801
3535	3571
7633	7667
6554	6555
5589	5597
7642	7648
7643	7659
4346	4352
7648	7666
4142	4149
7211	7232
3571	3575
3575	3579
3579	3596
6400	6401
3596	3618
8128	8134
7176	7186
5653	5661
4357	4361
5664	5669
5665	5667
5665	5671
3618	3645
3618	3622
5669	5675
3622	3650
5675	5682
5682	5692
7732	7746
5692	5700
5700	5707
5850	5855
5707	5713
7757	7781
5713	5717
5848	5853
7624	7643
7781	7795
2237	2241
2237	2239
7079	7088
7800	7811
6420	6433
7803	7808
7804	7809
7811	7812
7813	7818
7818	7826
8130	8138
7659	7695
2328	2338
2328	2334
7826	7834
8131	8133
7353	7354
7353	7356
3738	3748
3741	3744
3741	3742
3742	3755
6194	6195
3748	3754
1707	1713
1707	1717
1707	1710
1710	1718
1713	1716
1716	1720
1717	1722
1718	1721
7354	7371
1720	1737
1720	1733
1721	1732
4384	4392
1732	1738
1733	1768
1733	1752
1733	1867
7878	7879
7879	7888
7879	7883
7880	7886
1737	1744
3788	3791
3790	3800
3791	3802
1744	1751
5846	5850
1751	1757
1751	1821
1752	1872
3801	3812
3802	3813
1757	1786
3024	3039
3812	3841
3812	3815
3813	3822
3815	3872
1768	1808
3822	3826
3826	3920
3826	3838
1786	1820
4735	4751
3838	3846
7940	7946
7941	7944
3846	3876
7944	7951
7951	7970
1808	1819
8129	8135
8129	8143
1819	1833
1820	1938
1821	1894
3876	3900
1833	1837
1837	1851
8004	8014
8006	8013
8007	8015
1867	1873
8014	8020
8015	8022
1873	1902
8022	8066
8022	8036
3938	3948
1894	1930
3948	3960
6019	6024
6019	6023
6020	6022
6023	6029
6024	6031
1930	1948
7746	7757
6029	6037
8078	8091
6031	6064
1938	1960
6037	6044
4761	4770
8091	8113
7834	7865
8112	8118
5521	5526
1969	1986
1971	1976
1971	1993
8118	8124
1986	1989
6475	6510
8134	8146
8135	8159
8143	8164
6852	6859
6852	6860
8159	8169
8159	8163
8163	8167
8164	8168
7883	7892
8174	8195
8175	8180
8176	8177
8180	8200
