Term_id	Sign_score	Gene_number	Time_point_length	leaf	Trend1	Trend2	Trend3
490	0.859	6	13	1	0	0	0
848	0.8056	6	10	1	0	0	0
977	0.4066	7	13	1	1	1	1
902	0.3792	5	16	1	0	1	0
1030	0.3356	8	18	1	1	1	1
1775	0.3333	7	12	0	1	1	0
968	0.33	9	11	0	1	1	1
888	0.3117	7	11	1	0	1	1
368	0.3056	6	10	1	0	0	1
1787	0.3037	6	15	1	1	1	0
994	0.2967	10	10	1	1	1	0
900	0.2925	7	14	0	1	1	0
338	0.2727	5	11	1	1	0	1
643	0.269	6	19	1	0	1	0
231	0.2172	6	11	1	0	0	1
1264	0.2167	6	10	1	1	1	0
1342	0.2167	6	10	1	1	1	0
335	0.2111	6	10	0	0	0	1
1590	0.2	6	10	1	1	1	0
1412	0.1889	6	10	1	1	1	0
506	0.1602	7	11	1	1	0	1
483	0.1574	6	12	1	0	0	1
1961	0.15	6	10	1	1	1	1
1136	0.1444	6	10	1	1	0	1
1393	0.1435	6	12	0	1	0	0
1957	0.1429	7	10	1	1	1	1
301	0.14	10	10	0	0	0	0
1519	0.1381	5	14	1	1	1	1
1614	0.1333	5	13	1	1	1	0
1398	0.1282	5	13	1	0	1	1
525	0.1179	13	10	0	0	1	1
696	0.1162	6	11	1	0	0	0
1604	0.1157	6	12	0	1	1	0
946	0.1111	7	12	1	1	1	1
991	0.1111	6	10	1	0	1	1
833	0.1082	7	11	1	1	0	1
723	0.1048	7	10	0	0	0	0
1505	0.1032	7	12	0	1	1	1
491	0.094	6	13	1	0	1	1
1707	0.0926	6	15	1	1	1	0
829	0.0917	8	10	0	1	1	1
1584	0.0917	8	10	0	1	1	0
476	0.0909	8	11	0	1	1	1
1193	0.0909	7	11	1	1	0	1
437	0.0889	6	10	1	0	0	0
808	0.088	6	12	1	0	0	0
1759	0.0866	7	11	0	0	1	1
531	0.0833	6	10	0	1	1	0
1443	0.0833	10	10	0	1	0	0
1689	0.0833	8	11	0	1	1	0
892	0.0808	6	11	1	1	0	1
1504	0.0794	7	12	0	1	1	1
1097	0.0788	5	11	1	1	1	0
1509	0.0787	6	12	1	1	1	1
1671	0.0778	9	10	0	1	1	0
669	0.0769	7	13	1	0	0	1
1701	0.0769	7	13	0	1	1	0
660	0.0758	10	11	0	0	0	1
1452	0.0758	8	11	1	0	1	1
487	0.0754	7	12	0	0	1	1
1773	0.0741	6	12	0	0	1	1
690	0.0697	11	10	0	1	1	0
1768	0.0694	6	12	1	1	1	1
602	0.0667	6	10	1	1	1	0
702	0.066	8	12	1	1	1	0
1043	0.0657	6	11	1	1	1	0
1821	0.0648	9	12	1	0	0	1
1518	0.0641	6	13	1	1	1	1
566	0.0633	10	10	0	0	1	1
1039	0.0619	7	10	0	0	0	1
1078	0.0619	7	10	0	1	1	0
624	0.0617	9	12	0	1	1	0
554	0.0615	5	13	1	0	0	1
780	0.0598	9	13	0	0	0	0
1467	0.0598	6	13	1	1	0	1
1793	0.0571	7	10	1	0	0	0
1798	0.0567	10	10	0	0	0	1
1777	0.0564	5	13	1	0	1	1
1930	0.0564	5	13	1	1	0	1
464	0.0556	12	10	0	0	1	1
596	0.0556	6	13	1	0	1	1
635	0.0556	6	15	0	0	0	0
649	0.0548	14	10	0	0	0	1
442	0.0542	8	10	1	1	0	0
1879	0.0515	11	10	1	0	0	1
641	0.051	5	17	1	0	0	0
1833	0.05	8	10	1	1	1	0
1137	0.0476	7	10	1	0	0	1
614	0.0466	13	11	0	0	0	0
224	0.0444	6	10	1	0	0	0
548	0.0444	5	12	1	0	1	0
740	0.0444	5	12	1	0	0	1
1878	0.0444	12	10	0	1	0	0
750	0.0437	6	14	1	0	0	0
1919	0.0433	7	11	0	1	0	1
1637	0.0429	7	10	1	0	0	0
448	0.0404	9	11	0	0	0	0
579	0.0404	6	11	1	0	0	1
588	0.0401	9	12	0	0	0	1
601	0.04	15	10	0	1	1	0
196	0.0397	7	12	1	1	0	0
1897	0.0397	7	12	1	1	1	1
530	0.0396	16	10	0	0	1	1
771	0.0394	12	12	0	1	1	0
524	0.0389	6	10	0	1	1	0
1869	0.0389	6	10	1	1	0	1
365	0.0375	5	16	1	1	1	1
1895	0.037	6	12	1	0	1	1
1098	0.0364	5	11	1	1	1	1
1273	0.0364	5	11	1	0	0	0
1972	0.0359	13	10	1	1	0	1
1786	0.0356	5	15	1	0	1	1
1916	0.0337	9	11	1	1	1	1
435	0.0333	11	10	0	0	0	1
573	0.0333	8	10	0	0	0	0
1382	0.0333	6	10	1	0	0	1
277	0.0324	6	12	1	0	1	0
744	0.0321	8	13	0	0	0	0
758	0.032	25	10	0	1	1	0
732	0.032	18	11	0	0	0	1
188	0.0303	9	11	0	0	1	0
308	0.0303	5	11	1	0	1	0
585	0.0303	5	11	1	0	0	1
733	0.0303	6	11	0	0	1	1
1903	0.03	10	10	0	1	1	1
1107	0.0299	6	13	0	1	0	1
1111	0.0299	6	13	1	1	0	1
1980	0.0298	19	10	1	1	0	1
728	0.0286	7	10	0	0	0	1
1522	0.0286	5	14	1	1	1	1
332	0.0282	13	10	0	1	0	1
609	0.0278	6	10	1	1	1	1
761	0.0278	6	10	1	1	1	1
1052	0.0278	6	12	1	0	0	1
1085	0.0278	6	10	0	1	1	0
1138	0.0278	6	10	1	0	0	1
1267	0.0278	6	10	0	1	1	0
1305	0.0278	6	10	1	0	0	1
1784	0.0278	6	14	0	0	1	1
1830	0.0278	6	14	1	1	1	1
1858	0.0278	7	12	1	0	1	1
1882	0.0278	12	10	0	0	0	1
765	0.0275	22	11	0	0	0	0
1126	0.0275	5	17	1	1	1	0
1909	0.0273	11	10	0	1	1	1
1886	0.0265	8	11	0	0	1	1
1253	0.0262	10	14	0	0	0	0
409	0.026	7	11	1	0	0	0
1186	0.026	7	11	1	1	0	1
1258	0.0259	6	15	1	0	1	1
1565	0.0256	6	13	1	0	1	0
657	0.0253	6	11	0	0	0	0
1236	0.0253	6	11	1	0	0	1
1322	0.0253	11	12	1	0	0	0
906	0.025	8	10	1	0	0	1
1970	0.0248	11	11	1	1	1	1
790	0.0246	23	10	0	0	0	1
535	0.0242	5	11	1	0	0	1
405	0.0238	14	10	0	0	0	0
1101	0.0238	7	12	0	1	1	1
1152	0.0238	7	12	0	0	0	1
1608	0.0238	7	12	1	1	1	0
1579	0.0233	5	20	1	0	1	1
185	0.0231	13	10	0	1	0	0
739	0.0226	16	12	0	0	0	0
571	0.0222	6	10	1	0	0	0
1653	0.0222	5	12	1	1	0	0
1514	0.022	7	13	0	1	1	1
1044	0.0216	7	11	0	1	0	1
1765	0.0216	7	11	1	1	1	0
1239	0.0208	12	12	0	0	0	0
1556	0.0208	8	12	0	0	0	0
1844	0.0205	13	10	0	0	1	1
1091	0.0202	9	11	0	1	0	1
1092	0.0202	6	11	1	1	0	1
1314	0.0202	12	11	0	0	1	1
1776	0.0202	11	12	0	0	1	1
1814	0.0202	12	11	0	0	1	1
1558	0.0198	7	12	0	0	0	1
434	0.0194	12	10	1	0	1	1
1656	0.0194	10	12	1	1	0	1
317	0.0192	12	13	0	0	0	0
689	0.019	7	10	1	1	1	1
783	0.019	5	14	1	1	1	0
852	0.019	7	10	0	0	0	0
1301	0.019	14	10	0	0	0	0
1141	0.0189	8	11	0	0	1	1
1540	0.0189	8	11	0	1	0	0
356	0.0185	9	14	0	1	1	1
546	0.0185	6	12	0	0	1	1
686	0.0185	9	10	0	1	1	1
1038	0.0185	9	10	0	0	0	1
1225	0.0185	9	10	0	0	0	1
436	0.0182	11	10	0	0	0	0
544	0.0182	5	11	1	0	0	1
736	0.0182	5	11	1	0	0	0
1628	0.0182	11	10	0	1	0	1
350	0.0179	10	13	0	0	1	1
380	0.0177	11	12	1	0	1	1
1170	0.0174	6	16	1	0	0	0
1575	0.0174	6	16	1	0	1	1
186	0.0167	6	10	1	0	1	0
1221	0.0167	16	10	0	0	0	1
1228	0.0167	6	10	1	0	0	0
1711	0.0167	6	10	1	0	0	0
1716	0.0167	6	10	1	0	0	0
593	0.016	8	13	1	0	0	1
1215	0.0159	7	15	1	1	0	1
572	0.0154	13	10	0	0	1	0
1792	0.0154	13	10	0	1	0	1
655	0.0152	10	11	0	0	0	1
1079	0.0152	11	10	0	1	1	1
1268	0.0152	11	10	1	1	0	1
1645	0.0152	8	11	0	1	1	0
1719	0.0152	11	10	1	1	0	0
1257	0.0148	6	15	1	1	1	0
1633	0.0148	9	10	1	0	0	1
334	0.0143	7	10	1	1	0	0
534	0.0143	7	10	0	1	1	1
1133	0.0143	7	10	1	0	0	1
1130	0.0139	12	10	0	0	0	0
1100	0.0135	18	11	0	1	0	1
397	0.0133	5	15	1	0	0	1
562	0.0133	10	10	0	0	0	1
1037	0.0133	10	10	0	0	0	1
1103	0.0131	17	12	0	1	1	1
200	0.0128	6	13	1	0	0	0
370	0.0128	13	10	0	0	1	1
458	0.0128	6	13	1	0	0	0
1060	0.0128	8	13	1	1	1	0
340	0.0126	12	11	0	0	1	1
336	0.0125	16	10	0	0	1	0
1081	0.0125	8	10	0	1	1	1
379	0.0123	9	12	0	0	0	0
1057	0.0123	9	12	0	0	0	0
1313	0.0121	5	11	1	1	1	1
1597	0.0121	15	11	0	1	1	0
684	0.0119	14	10	0	1	1	1
920	0.0119	7	12	0	1	0	0
1254	0.0119	8	14	0	0	0	0
1289	0.0119	8	14	1	1	1	0
606	0.0118	17	10	0	0	1	1
711	0.0114	9	13	1	0	1	1
1059	0.0114	9	13	0	0	1	1
1248	0.0114	9	13	0	1	1	0
215	0.0111	5	18	1	0	1	0
418	0.0111	5	12	1	0	0	0
551	0.0111	5	12	1	0	1	1
840	0.0111	5	12	1	1	1	1
1178	0.0111	9	10	0	1	1	1
1526	0.0111	5	18	1	0	1	1
1693	0.0111	5	12	1	1	0	0
1743	0.0111	6	10	1	1	0	0
1926	0.0111	5	12	1	1	1	0
1140	0.0106	22	10	0	0	0	1
1143	0.0106	20	11	0	0	1	1
1179	0.0106	22	10	0	1	1	1
391	0.0103	5	13	1	0	0	0
1288	0.0103	10	13	0	1	1	0
1327	0.0103	10	13	0	1	1	0
1399	0.0103	5	13	1	1	1	1
768	0.0101	6	11	1	0	0	0
305	0.01	10	10	1	0	0	0
1839	0.01	10	10	0	1	1	1
527	0.0095	7	10	0	1	1	1
796	0.0095	7	10	1	0	0	0
1303	0.0095	7	10	0	0	0	1
1343	0.0095	7	10	1	1	1	1
1281	0.0093	12	12	0	1	1	0
1324	0.0093	12	12	0	0	0	1
189	0.0089	17	11	0	1	0	0
433	0.0089	15	10	0	0	0	0
1024	0.0089	5	15	1	0	1	1
1576	0.0087	9	17	0	0	1	1
406	0.0087	14	11	0	0	0	0
542	0.0087	7	11	0	0	1	0
1810	0.0087	7	11	0	1	1	1
779	0.0085	6	13	1	0	0	1
526	0.0083	12	10	1	1	1	1
880	0.0083	12	10	0	1	1	0
1040	0.0083	12	10	0	0	0	0
1345	0.0083	16	10	1	1	1	1
1631	0.0083	16	10	0	0	0	0
507	0.0083	11	11	1	0	0	0
1315	0.0081	15	11	0	1	1	0
1226	0.008	25	10	0	0	0	1
421	0.0079	7	12	0	0	0	0
775	0.0079	7	12	0	1	0	0
811	0.0079	7	12	1	0	1	1
1102	0.0079	7	12	1	1	1	1
1153	0.0079	7	12	0	0	1	1
1429	0.0079	7	12	0	1	1	0
212	0.0078	10	17	0	0	1	0
371	0.0078	60	10	0	0	0	1
307	0.0076	8	11	0	0	1	0
450	0.0076	8	11	1	0	0	0
805	0.0076	8	11	0	0	0	1
859	0.0076	12	11	0	0	0	0
1192	0.0076	8	11	0	1	1	1
1424	0.0076	8	11	0	1	0	1
218	0.0074	5	18	1	0	0	0
389	0.0073	7	13	0	0	0	1
1110	0.0073	7	13	1	1	1	1
312	0.0071	51	12	0	0	0	0
221	0.007	5	19	1	0	0	0
222	0.007	5	19	1	0	0	0
1900	0.0069	8	12	1	0	0	0
836	0.0067	9	11	0	0	0	0
1142	0.0067	9	11	0	0	1	1
1177	0.0067	10	10	0	1	1	1
1974	0.0067	10	10	1	0	0	1
211	0.0065	6	17	0	0	0	0
854	0.0063	16	10	0	0	0	0
381	0.0062	9	12	0	0	0	1
754	0.0061	11	10	0	1	1	0
763	0.0061	10	11	0	0	0	1
1083	0.0061	11	10	0	1	1	1
318	0.006	8	14	1	0	0	0
420	0.0056	10	12	1	0	1	1
469	0.0056	12	10	1	0	0	1
471	0.0056	12	10	1	1	0	1
625	0.0056	5	12	1	1	1	0
830	0.0056	12	10	0	1	1	0
958	0.0056	6	10	1	0	0	1
990	0.0056	6	10	1	1	1	1
1104	0.0056	10	12	0	1	1	1
1147	0.0056	5	12	1	0	0	1
1283	0.0056	10	12	1	1	1	1
1310	0.0056	12	10	0	0	0	0
1448	0.0056	6	10	1	0	0	1
1450	0.0056	12	10	0	0	0	1
1464	0.0056	5	12	1	0	0	1
1871	0.0056	6	10	1	0	0	1
1951	0.0056	5	12	1	1	1	0
1963	0.0056	6	10	1	1	1	0
886	0.0055	11	11	1	0	1	0
1317	0.0055	11	11	0	1	0	1
1411	0.0053	25	10	0	1	1	0
219	0.0053	7	18	0	0	0	0
492	0.0051	5	13	1	0	0	1
747	0.0051	5	13	1	0	1	1
757	0.0051	13	10	0	1	1	1
1347	0.0051	13	10	0	1	1	1
1517	0.0051	5	13	1	1	1	1
302	0.0051	72	10	0	0	0	0
191	0.0051	6	11	0	0	0	0
413	0.0051	12	11	0	0	0	1
582	0.0051	6	11	1	1	0	0
612	0.0051	6	11	0	0	0	0
767	0.0051	18	11	0	0	1	0
998	0.0051	6	11	0	0	1	1
1195	0.0051	6	11	1	1	0	1
1454	0.0051	6	11	0	1	1	1
1684	0.0051	6	11	0	1	1	0
1944	0.0051	6	11	0	1	1	1
