Term_id	Sign_score	Gene_number	Time_point_length	leaf	Trend1	Trend2	Trend3
5896	0.9333	7	10	1	1	1	1
5640	0.9167	6	14	0	1	1	1
5656	0.9125	5	16	1	1	1	1
5886	0.9091	6	11	1	1	1	0
5743	0.9048	7	11	1	1	1	0
5453	0.8714	7	10	1	0	0	1
4679	0.8704	6	12	1	1	0	1
5104	0.8667	5	11	1	1	1	0
5382	0.8586	6	11	1	0	1	1
1328	0.8545	5	11	1	0	0	1
3918	0.8524	7	10	1	0	0	0
1317	0.85	6	10	0	0	0	1
5619	0.8438	8	12	0	1	0	0
2717	0.8389	5	12	1	1	0	0
184	0.8333	8	10	1	0	1	0
3789	0.8303	5	11	1	0	1	1
2710	0.8232	6	11	0	0	0	1
2859	0.8182	6	11	1	1	0	1
4321	0.8182	5	11	1	1	0	1
5090	0.8111	6	10	0	1	0	1
1455	0.8111	6	10	1	0	1	1
3783	0.8111	6	10	0	0	1	1
4670	0.8106	8	11	0	1	1	0
5373	0.8083	8	10	0	1	1	0
4775	0.8	9	10	1	1	1	1
4437	0.78	10	10	1	1	0	0
5193	0.77	10	10	1	1	1	0
2850	0.7667	8	10	0	1	1	1
890	0.7667	7	10	1	0	1	1
5736	0.7524	14	10	0	1	0	1
4316	0.7481	9	10	0	0	1	1
3506	0.7455	5	11	1	1	1	1
3785	0.7444	6	10	1	0	1	1
5884	0.7424	11	10	0	1	1	1
3646	0.7389	6	10	1	0	0	0
2128	0.7242	11	10	1	0	0	1
5524	0.7222	6	10	1	1	1	1
3495	0.6967	10	10	0	1	1	1
4561	0.6909	5	11	1	0	1	1
3347	0.6909	5	11	1	0	1	1
3500	0.6889	6	10	1	0	1	1
3033	0.6833	5	12	1	1	0	0
4549	0.6619	7	10	0	0	1	1
4550	0.6611	6	10	1	0	1	1
3017	0.6429	7	10	0	0	0	0
3930	0.6414	6	11	1	0	1	1
5676	0.6364	6	11	1	1	1	1
4175	0.6333	6	10	1	0	0	0
4050	0.6273	11	10	1	0	1	1
4886	0.6212	11	10	0	1	0	0
4665	0.6208	8	10	0	1	0	0
4696	0.6154	6	13	1	0	1	1
4792	0.6147	7	11	1	0	1	1
3645	0.6083	8	10	1	1	0	0
3338	0.6074	9	10	0	1	0	0
1329	0.5974	7	11	1	0	0	1
4892	0.596	9	11	1	1	1	1
5449	0.5944	6	10	1	1	0	1
1203	0.594	6	13	1	0	0	0
5620	0.5889	5	12	1	1	0	1
5863	0.5758	6	11	0	1	1	1
4990	0.5744	13	10	1	0	1	1
1849	0.5667	8	10	0	1	0	0
1986	0.5667	9	10	1	0	1	1
2282	0.5576	5	11	1	0	1	0
3339	0.5576	5	11	1	1	1	1
5525	0.5556	6	10	1	1	1	0
1173	0.5541	7	11	0	0	0	0
3335	0.5524	7	10	0	0	0	1
1310	0.5519	9	10	0	0	0	1
5188	0.55	12	10	1	1	1	1
1576	0.5455	11	10	1	0	0	1
4551	0.5444	6	10	1	0	1	1
2418	0.5389	6	10	1	0	0	0
5901	0.5389	6	10	1	1	0	1
4556	0.5381	7	10	1	1	1	0
1855	0.5333	5	11	1	0	0	1
5616	0.5273	5	11	1	1	1	0
5873	0.5222	5	12	1	1	1	1
1586	0.5185	6	12	1	1	0	1
537	0.5167	10	10	1	0	0	1
2276	0.5167	6	10	0	1	1	0
5615	0.5152	6	11	0	1	1	0
305	0.5143	7	10	1	0	0	0
5603	0.5143	7	10	0	1	0	0
1579	0.5133	10	10	0	0	0	1
4176	0.51	10	10	1	0	0	1
3781	0.5095	7	10	1	0	1	1
1705	0.503	11	10	1	0	1	1
5672	0.5028	12	10	0	1	1	0
2853	0.5	6	10	1	0	1	1
1584	0.4886	8	11	0	0	0	1
1170	0.4867	10	10	0	0	1	1
1461	0.4727	5	11	1	0	0	1
3178	0.4545	6	11	1	0	0	1
189	0.4481	9	10	1	0	0	0
4885	0.4444	9	10	1	0	0	1
5812	0.4416	7	11	0	1	1	0
5799	0.4333	8	10	0	1	1	0
896	0.4273	11	10	0	1	1	1
914	0.4246	7	12	1	0	0	1
5461	0.4242	9	11	1	1	0	0
1315	0.4222	6	10	0	0	0	1
5275	0.419	7	10	0	0	0	1
2702	0.4167	8	10	1	1	0	0
3787	0.4152	11	10	1	1	1	1
3172	0.4148	9	10	0	1	1	1
3170	0.4133	10	10	1	0	1	1
4690	0.4127	7	12	1	0	0	1
4779	0.4103	13	10	1	1	1	1
1024	0.4083	8	10	1	0	0	1
1326	0.4061	5	11	1	0	1	1
4440	0.4037	9	10	0	0	0	1
5837	0.3974	6	13	1	1	1	0
1987	0.3949	13	10	0	0	1	1
5848	0.3926	9	10	0	1	0	0
5740	0.3917	8	10	1	1	0	0
5284	0.3838	6	11	1	1	1	0
2568	0.381	7	11	1	0	1	1
5691	0.3796	6	12	0	1	1	1
3958	0.378	8	14	1	0	0	1
5724	0.3778	5	15	1	1	1	0
4181	0.3774	11	11	1	0	1	1
4667	0.3733	10	10	0	0	0	1
5846	0.3714	7	10	1	1	0	0
4438	0.3704	9	10	0	0	0	0
5371	0.37	10	10	0	1	1	1
5725	0.3689	5	15	1	1	1	0
5871	0.3651	7	12	1	1	0	0
5329	0.3646	6	16	1	1	0	0
2457	0.363	6	15	1	0	0	1
3566	0.3627	6	17	1	0	1	1
2590	0.3605	7	14	1	1	1	0
2851	0.36	10	10	1	1	1	0
5890	0.3561	8	11	1	1	1	0
4455	0.3556	5	12	1	0	0	1
4552	0.3556	6	10	1	1	1	0
4675	0.3535	9	11	0	1	1	0
2565	0.3519	9	10	0	0	1	1
5394	0.3516	7	13	1	1	1	0
2424	0.35	8	10	1	0	0	0
3919	0.35	10	10	1	0	0	0
2278	0.3485	11	10	1	0	1	1
4553	0.3481	9	10	0	1	1	1
4676	0.3468	9	11	1	1	1	1
3493	0.3467	10	10	0	1	1	0
5857	0.3447	8	11	0	1	0	1
3702	0.3423	7	16	1	0	0	1
5088	0.34	10	10	1	0	0	0
2860	0.3371	8	11	0	0	1	0
5880	0.337	9	10	0	1	1	0
3365	0.3365	8	13	1	0	1	1
3355	0.3364	9	12	0	0	0	0
3947	0.3359	10	13	0	1	1	0
4442	0.3333	8	11	1	0	1	1
766	0.3333	11	10	0	0	0	1
3014	0.3333	9	10	1	0	0	0
2002	0.3302	9	12	1	0	1	1
3643	0.3273	11	10	0	0	0	1
4187	0.3251	11	11	1	1	1	1
4569	0.3229	8	12	1	0	1	1
796	0.3179	5	13	1	0	1	1
2580	0.3173	8	13	0	0	1	1
3502	0.3144	8	11	0	0	0	1
4778	0.3133	10	10	1	1	1	0
2445	0.3129	7	14	0	0	0	1
2703	0.31	10	10	1	0	0	1
3551	0.3095	7	16	0	1	1	0
5089	0.3091	11	10	1	0	0	1
3011	0.3074	9	10	1	0	0	1
4995	0.3068	8	11	1	1	0	1
5383	0.303	5	11	1	1	1	1
1893	0.3022	5	15	1	0	0	1
3691	0.3012	9	15	0	1	1	0
2421	0.3	9	10	0	0	0	1
5454	0.3	9	10	0	0	0	0
2985	0.2998	7	27	1	1	0	1
1876	0.2981	8	13	0	0	0	1
1453	0.2967	10	10	1	0	1	1
1887	0.2959	7	14	0	0	0	0
2569	0.2896	9	11	0	0	0	0
5527	0.2833	10	10	0	1	1	1
2434	0.2813	8	12	0	0	0	1
2563	0.2792	16	10	0	1	1	0
1852	0.2741	9	10	0	0	0	0
2172	0.2708	5	16	1	0	0	1
5803	0.2697	11	10	0	1	1	1
5595	0.2667	10	10	0	0	0	1
5889	0.2626	9	11	1	1	1	1
1325	0.2626	9	11	1	0	0	1
5618	0.2562	9	12	0	1	0	0
5011	0.2546	6	12	1	1	1	0
421	0.25	10	10	1	0	0	1
2701	0.25	6	10	1	1	0	1
1246	0.2485	6	19	1	0	0	0
1454	0.2472	12	10	0	1	1	1
5535	0.2468	7	11	1	1	1	1
225	0.2465	6	16	0	0	0	0
238	0.2444	5	18	1	0	0	1
4996	0.2424	7	11	0	1	1	1
5883	0.2417	12	10	0	1	1	1
779	0.2386	8	11	0	0	1	1
2159	0.2381	6	14	0	0	0	1
3012	0.237	9	10	1	1	0	0
4314	0.2314	17	10	0	1	1	0
5601	0.2292	8	10	0	1	0	0
5186	0.2278	6	10	1	1	1	1
3920	0.2229	16	10	0	0	0	1
5277	0.22	15	10	1	0	0	0
427	0.2121	6	11	1	0	0	1
3791	0.2078	14	11	1	1	0	1
5735	0.2071	14	10	0	0	0	1
5665	0.2048	7	10	1	1	1	1
5674	0.2005	13	11	0	1	1	0
5485	0.2	5	14	1	1	0	0
539	0.1956	11	11	0	0	0	1
647	0.1944	12	10	0	0	0	1
4899	0.1889	5	12	1	0	0	1
2419	0.1852	9	10	1	1	0	0
209	0.1845	8	14	0	0	0	1
319	0.1833	5	12	1	0	1	1
536	0.1806	12	10	0	0	0	1
669	0.1806	6	12	1	0	1	1
5622	0.1806	6	12	1	1	0	0
3332	0.1708	8	10	1	0	0	1
5666	0.1689	15	10	0	1	1	0
5829	0.1667	5	12	1	1	1	1
1168	0.1667	13	10	0	0	1	1
1702	0.1615	13	10	0	1	0	1
4052	0.1594	23	10	0	1	1	1
5369	0.1576	22	10	0	1	1	0
3951	0.1571	5	14	1	1	0	1
1026	0.1556	6	10	1	1	0	0
194	0.1549	9	11	0	0	0	1
5738	0.1524	7	10	0	1	0	0
5849	0.1524	7	10	1	1	0	0
306	0.15	10	10	1	0	0	1
1580	0.1485	10	11	1	0	0	1
5751	0.1455	5	11	1	1	1	1
2207	0.1433	5	20	1	1	0	0
3356	0.1389	6	12	1	1	0	0
2858	0.1364	6	11	1	1	0	1
1731	0.1314	8	13	0	0	0	1
556	0.1282	5	13	1	0	0	1
5630	0.1282	5	13	1	1	0	0
5014	0.1245	7	13	0	0	0	1
895	0.1216	17	10	0	0	1	1
5054	0.1209	6	17	0	0	0	1
2129	0.1183	20	10	0	0	0	1
663	0.1157	6	12	1	0	0	1
1484	0.1154	6	13	1	1	1	0
5202	0.1145	9	11	0	1	1	1
3333	0.1143	7	10	0	1	0	1
5191	0.1133	15	10	0	1	1	0
1076	0.1125	5	16	1	1	0	0
5063	0.1111	5	18	1	0	1	1
4313	0.1083	16	10	0	1	1	1
1507	0.1083	5	16	1	1	1	0
2849	0.1048	7	10	0	0	1	1
2136	0.1037	19	11	0	0	0	1
183	0.1028	12	10	0	0	0	0
1719	0.1019	6	12	0	1	1	0
5750	0.101	9	11	1	1	0	0
4319	0.0996	7	11	0	1	1	0
1741	0.0986	7	14	1	1	1	1
1740	0.0972	12	14	0	1	1	0
2146	0.0952	7	13	0	1	1	0
1479	0.0952	7	13	0	0	0	1
5314	0.0918	7	14	0	1	0	1
1489	0.0913	6	14	0	1	1	0
2290	0.0903	8	12	1	0	1	1
1049	0.0879	7	13	0	1	0	0
2504	0.0873	10	21	1	0	0	1
4327	0.087	15	12	0	1	1	1
3784	0.0865	37	10	0	1	1	0
2704	0.0857	28	10	0	0	0	0
4256	0.0852	5	18	1	0	0	1
1063	0.0852	6	15	0	1	0	0
1355	0.0833	6	14	1	0	0	1
4381	0.0826	14	17	0	1	1	1
5189	0.08	15	10	0	1	1	1
1616	0.08	10	15	0	0	1	1
1470	0.0799	8	12	0	0	1	1
1854	0.0796	36	10	0	0	0	0
4988	0.0792	24	10	0	1	1	0
2765	0.0787	16	18	1	0	0	0
4200	0.0769	6	13	0	0	1	0
5689	0.0764	8	12	0	1	1	0
1031	0.0758	8	11	0	1	1	1
929	0.0754	6	14	0	1	0	0
4365	0.075	5	16	1	1	1	0
4113	0.0745	5	17	1	1	1	0
2570	0.0745	24	11	0	0	0	1
4060	0.0744	11	11	1	1	0	1
5327	0.0741	6	15	1	0	1	1
2562	0.0733	10	10	0	0	1	1
1975	0.0709	9	35	0	1	0	1
940	0.0708	5	16	1	0	0	0
1080	0.0706	5	17	1	0	1	1
5281	0.0701	16	11	0	1	1	0
2496	0.07	15	20	0	0	0	0
5199	0.0699	13	11	0	1	1	1
2758	0.0692	17	17	0	1	0	1
4385	0.0685	10	18	1	1	1	1
764	0.0685	18	10	0	0	0	0
2910	0.0672	21	17	0	0	0	1
5219	0.0671	11	14	0	1	1	0
1976	0.0664	6	36	0	0	0	0
2363	0.0658	14	21	1	0	1	1
3934	0.0657	12	11	0	1	1	1
5206	0.0648	6	12	1	1	1	1
774	0.0646	15	11	0	0	0	1
4664	0.0631	28	10	1	0	0	0
1944	0.063	13	24	0	0	0	0
4359	0.063	6	15	0	1	1	0
3066	0.0625	22	16	0	0	0	0
5215	0.062	12	13	0	1	1	1
3924	0.0619	14	10	0	1	0	0
2489	0.0614	16	19	0	0	0	1
2900	0.0597	22	16	0	1	0	1
1624	0.0595	7	16	1	0	0	1
1848	0.0593	5	36	1	1	1	1
3516	0.059	24	12	1	1	1	1
2357	0.0578	15	20	0	1	1	1
1681	0.0577	8	26	1	0	0	0
2746	0.0568	22	16	0	0	0	0
5299	0.0568	14	13	0	1	0	0
4317	0.0556	18	11	1	1	0	1
5234	0.0556	6	16	1	1	1	0
5678	0.0556	6	11	1	0	1	1
5761	0.0556	8	12	1	1	1	1
4066	0.0556	6	12	0	1	1	0
3055	0.0551	23	15	0	1	1	1
1938	0.0549	14	23	0	0	0	1
4693	0.0545	16	13	1	1	0	0
1723	0.0541	19	12	0	1	1	0
5811	0.0539	9	11	1	1	1	1
5296	0.0537	15	12	0	0	0	1
4889	0.0534	21	11	0	1	1	0
4180	0.0533	15	10	1	0	0	0
3654	0.0533	29	11	0	0	1	1
1749	0.0528	8	15	1	0	0	1
2721	0.0524	23	13	0	0	0	1
4997	0.0522	18	11	0	0	0	1
5549	0.0521	8	12	0	0	1	1
1041	0.0516	7	12	0	0	0	1
4813	0.0516	12	14	0	1	1	1
5552	0.0513	5	13	1	0	0	1
907	0.0509	6	12	1	0	0	1
5534	0.0505	12	11	0	0	1	1
5847	0.05	12	10	1	1	0	1
2475	0.0494	21	18	0	0	0	0
4312	0.0491	19	10	0	0	1	1
1674	0.0489	9	25	0	0	0	1
2585	0.0487	22	14	1	1	1	1
901	0.0485	10	11	0	1	0	0
3923	0.0483	29	10	0	0	0	0
236	0.0481	5	18	1	0	0	0
5671	0.0481	9	10	0	0	1	1
1928	0.0472	17	22	0	0	0	0
4987	0.0467	20	10	0	0	1	1
4475	0.0463	12	15	0	1	0	0
2346	0.0456	20	19	0	0	0	1
1452	0.0456	19	10	0	0	1	1
651	0.0455	22	10	0	0	1	0
897	0.0455	12	11	0	0	0	1
1176	0.0455	8	11	1	0	0	0
1850	0.0452	76	10	0	0	0	1
5232	0.0444	8	15	0	1	1	0
1617	0.0444	6	15	1	0	0	1
2055	0.0434	19	21	0	0	0	1
200	0.0432	9	12	1	0	1	0
3682	0.0429	5	14	1	0	0	1
2142	0.0417	12	12	0	0	0	1
1506	0.0417	5	16	1	0	1	1
5737	0.0417	12	10	0	1	0	1
4489	0.0417	27	16	0	0	0	1
5316	0.0411	11	14	0	0	0	0
2280	0.0409	53	10	0	1	1	0
5730	0.0407	6	15	1	1	1	0
5801	0.0405	14	10	0	1	1	1
1860	0.0404	33	11	0	0	0	1
3927	0.0404	6	11	1	1	0	1
1028	0.0398	31	10	0	0	0	1
4583	0.0397	15	14	0	1	1	0
5900	0.0392	17	10	1	1	0	1
1708	0.0389	60	11	0	0	0	1
2178	0.0387	7	16	0	0	0	1
920	0.0385	6	13	1	0	0	1
1664	0.0382	12	24	0	0	0	0
893	0.0379	29	10	0	1	0	1
1703	0.0377	23	10	0	0	1	1
1706	0.0374	65	10	0	1	1	0
1985	0.037	5	45	1	1	1	1
5272	0.0362	23	10	0	1	0	1
311	0.0361	26	11	0	0	1	0
3175	0.0361	42	11	0	1	0	1
2890	0.0359	39	15	0	0	0	1
3197	0.0356	41	13	0	0	0	1
1861	0.0354	30	11	0	0	0	1
1989	0.0352	70	10	0	1	1	1
2453	0.0349	7	15	1	0	1	1
4436	0.0346	26	10	0	0	0	1
1298	0.0345	7	29	1	0	0	0
3043	0.0339	40	14	0	0	0	0
3680	0.0333	5	14	1	0	0	1
1867	0.033	32	12	0	0	0	0
3994	0.0326	7	19	1	1	0	1
4496	0.0319	8	17	0	0	1	1
4816	0.0317	9	14	0	1	1	1
1035	0.0314	28	11	0	0	0	1
1718	0.0312	41	12	0	1	1	0
5608	0.0303	15	11	1	1	1	1
1858	0.0303	44	11	1	0	1	1
4821	0.0296	6	15	1	1	1	0
1025	0.029	23	10	0	1	0	0
4527	0.0286	5	21	1	1	0	1
1294	0.0283	8	28	0	0	1	1
790	0.0278	11	12	0	0	0	0
1152	0.0276	5	29	1	0	0	1
2866	0.0272	49	12	0	1	0	1
3171	0.0272	27	10	1	1	1	0
5726	0.0267	10	15	1	1	0	1
5790	0.026	11	14	1	1	0	0
4504	0.0259	5	18	1	0	0	1
3082	0.0259	10	18	1	0	0	1
2441	0.0256	11	13	0	0	1	1
558	0.0256	5	13	1	0	0	0
2848	0.0256	52	10	0	1	0	1
1883	0.0254	30	14	0	0	0	1
1169	0.025	40	10	0	1	1	1
4472	0.0248	23	14	0	0	0	1
3015	0.0247	58	10	0	0	0	1
1988	0.0247	54	10	0	1	1	0
3503	0.0245	63	11	0	0	1	1
1891	0.0245	29	15	0	0	0	1
4488	0.0243	6	16	0	0	0	1
4888	0.0242	5	11	1	0	1	1
5529	0.0242	33	10	0	1	1	1
2422	0.0242	62	10	0	0	0	1
4493	0.024	9	17	0	1	0	1
5741	0.0238	7	10	0	0	0	1
5840	0.0238	14	13	1	1	1	0
2924	0.0234	9	19	0	0	1	1
4452	0.0233	25	12	0	0	0	1
4687	0.023	41	12	0	0	0	1
3019	0.0229	57	11	0	1	0	1
3498	0.0225	46	10	0	1	1	0
676	0.0224	8	13	1	1	0	0
1596	0.0224	39	13	0	0	1	1
4811	0.0223	53	13	0	1	1	1
5321	0.0222	5	15	1	1	0	1
5687	0.0222	5	12	1	1	1	1
5874	0.0222	15	12	1	1	0	1
4786	0.0221	59	11	0	1	1	1
4443	0.0219	58	11	0	1	1	1
3456	0.0217	6	23	1	1	0	1
4883	0.0214	56	10	0	0	0	1
1286	0.0213	11	27	0	0	0	0
1606	0.0211	26	14	0	0	0	1
5891	0.021	13	11	1	1	1	0
5805	0.021	35	10	0	1	1	1
1316	0.0209	59	10	0	0	0	1
1994	0.0208	54	11	0	0	0	1
5523	0.0206	55	10	1	1	1	0
3354	0.0206	27	12	0	0	0	1
5802	0.0206	60	10	0	1	1	0
1312	0.0205	26	10	0	0	0	1
5697	0.0205	15	13	0	1	1	1
1587	0.0203	56	12	0	0	0	1
5190	0.0203	51	10	0	1	1	1
1585	0.0202	60	11	0	0	1	1
2732	0.02	25	14	0	0	0	1
3935	0.0198	14	12	0	0	0	1
5894	0.0198	26	11	1	1	1	0
3169	0.0198	96	10	0	1	1	1
3363	0.0197	26	13	0	1	0	1
1014	0.0197	7	29	1	0	0	0
2428	0.0197	60	11	0	0	0	1
5000	0.0197	60	11	0	1	1	1
2756	0.0196	23	17	0	1	0	1
1577	0.0195	116	10	0	0	1	1
301	0.019	6	35	1	0	0	0
423	0.0189	106	10	0	0	1	0
3644	0.0187	96	10	0	0	0	1
2852	0.0187	66	10	0	1	0	0
658	0.0186	13	11	0	0	0	1
953	0.0185	8	18	0	0	1	1
1621	0.0183	25	16	0	0	0	1
2127	0.0183	62	10	0	0	0	0
1627	0.018	24	17	0	0	0	1
5758	0.018	17	12	0	1	1	1
2564	0.018	128	10	0	1	1	1
1147	0.0179	8	28	0	0	0	0
5315	0.0179	8	14	1	1	0	1
3647	0.0179	28	10	0	0	0	1
768	0.0178	15	10	0	0	0	1
2990	0.0176	7	27	1	1	1	1
4776	0.0176	74	10	0	1	1	1
838	0.0175	7	19	1	0	1	1
2286	0.0175	59	11	0	0	0	1
5680	0.0173	21	11	0	1	1	1
4439	0.0171	84	10	0	0	0	1
5526	0.0169	59	10	0	1	1	1
5690	0.0169	23	12	1	1	1	1
3505	0.0168	18	11	1	0	1	1
3652	0.0168	27	11	0	1	0	1
4579	0.0167	40	13	0	1	1	1
5868	0.0167	5	12	1	1	0	1
5882	0.0167	12	10	0	1	1	1
5447	0.0167	16	10	0	0	0	1
5855	0.0165	22	11	0	0	0	1
4662	0.0164	59	10	0	0	0	1
5902	0.0164	59	10	1	1	0	1
1081	0.0163	12	17	0	0	1	1
2294	0.0163	58	12	0	1	1	1
2009	0.0162	49	13	0	0	0	1
5375	0.0162	15	11	0	1	0	1
5668	0.0159	23	10	0	1	1	1
5800	0.0158	19	10	1	1	1	1
903	0.0158	25	11	0	0	0	0
2720	0.0157	60	12	0	0	0	1
2334	0.0157	5	17	1	0	0	1
5781	0.0154	5	13	1	1	1	1
2018	0.0154	48	14	0	1	1	1
5739	0.0153	24	10	0	1	0	0
2712	0.0152	64	11	0	0	0	1
3391	0.0152	22	16	0	0	0	1
5747	0.0152	6	11	0	1	1	1
5860	0.0152	8	11	0	1	1	1
1599	0.0151	17	13	0	0	0	1
2192	0.0148	5	18	1	0	0	1
2288	0.0148	45	11	0	0	0	0
5852	0.0148	9	10	0	1	0	0
1472	0.0147	17	12	0	1	1	1
2141	0.0146	55	12	0	0	0	1
5456	0.0146	54	11	0	1	0	1
3016	0.0146	64	10	0	0	0	1
1089	0.0146	14	18	0	0	0	1
5749	0.0145	25	11	0	1	0	1
2372	0.0145	16	23	0	1	0	0
3345	0.0145	44	11	0	1	0	1
5097	0.0144	21	11	0	1	0	1
5423	0.0144	13	16	0	1	1	1
2674	0.0143	5	28	1	1	1	0
1361	0.0143	14	15	0	0	1	1
3990	0.0142	17	18	0	0	0	1
3961	0.0141	11	15	0	1	1	1
2778	0.014	19	20	0	0	0	0
4088	0.014	19	15	1	1	0	1
2323	0.0139	6	16	0	1	1	1
5450	0.0139	48	10	0	0	0	0
1061	0.0138	19	14	0	0	0	0
2150	0.0138	54	13	0	0	0	1
1197	0.0137	30	13	0	0	1	0
5276	0.0136	91	10	0	0	0	1
5604	0.0135	37	10	0	0	0	1
5473	0.0135	35	12	0	0	0	1
776	0.0135	27	11	0	0	0	0
4557	0.0134	62	10	0	1	1	0
3810	0.0134	23	13	0	1	0	1
693	0.0133	5	15	1	0	0	1
3336	0.0133	60	10	0	0	0	1
5670	0.0133	10	10	0	1	1	1
5897	0.0133	35	10	1	1	1	1
228	0.0131	6	17	1	1	0	0
5342	0.0131	6	17	0	1	1	0
1336	0.0131	34	12	0	0	1	0
1999	0.0131	51	12	0	1	1	1
5451	0.013	64	10	0	0	0	1
2355	0.013	18	20	0	1	1	1
4007	0.013	9	20	0	0	0	1
5878	0.0129	88	10	0	1	1	1
440	0.0128	10	13	0	1	0	0
2277	0.0127	68	10	0	1	1	1
5496	0.0127	14	15	0	1	1	1
434	0.0126	11	12	1	0	1	0
551	0.0126	11	12	1	0	1	0
5845	0.0125	24	10	0	0	1	1
822	0.0125	5	16	1	0	0	0
2509	0.0125	17	22	0	0	0	0
2820	0.0123	5	27	1	1	0	1
5093	0.0123	81	10	0	0	0	0
2584	0.0123	54	13	0	0	0	1
4559	0.012	58	11	0	1	0	1
2577	0.012	58	12	0	1	1	1
2423	0.0119	53	10	0	0	0	1
186	0.0119	14	10	0	0	1	0
2309	0.0119	10	14	0	1	1	1
279	0.0119	7	28	0	0	0	0
2700	0.0118	96	10	0	0	0	1
983	0.0118	9	22	0	0	1	0
5667	0.0117	94	10	0	1	1	1
4048	0.0117	103	10	0	1	1	1
1230	0.0116	22	17	0	0	0	1
2132	0.0115	58	11	0	0	0	1
4055	0.0114	98	11	0	1	0	1
1371	0.0113	24	16	0	0	0	1
4822	0.0111	16	15	0	1	0	0
2865	0.0111	5	12	1	1	1	1
975	0.0111	10	21	0	0	0	1
5521	0.0111	10	18	1	1	1	0
3733	0.0111	6	20	1	0	0	1
2488	0.0111	19	19	0	0	0	0
4174	0.0109	107	10	0	0	0	1
2587	0.0109	35	14	0	1	1	1
3018	0.0109	39	11	0	0	1	1
275	0.0108	8	27	0	0	0	1
4130	0.0108	13	19	0	1	1	1
560	0.0107	24	13	0	0	0	0
4011	0.0106	6	21	1	1	0	0
2299	0.0105	39	13	0	0	0	0
5817	0.0105	26	11	0	1	1	1
1066	0.0105	17	15	0	0	0	1
262	0.0104	8	24	1	0	1	0
936	0.0104	15	15	0	0	0	0
448	0.0104	23	14	0	0	0	0
5304	0.0103	5	13	1	1	0	1
4039	0.0103	5	26	1	0	0	0
4148	0.0101	6	22	1	1	1	1
935	0.0101	11	15	0	0	1	1
5458	0.0101	6	11	1	1	0	1
223	0.0099	21	16	0	0	0	0
4296	0.0099	7	24	1	1	0	1
4848	0.0099	15	18	0	1	1	1
1462	0.0098	62	11	0	0	1	1
3038	0.0098	21	13	0	1	0	1
767	0.0098	41	10	0	0	0	0
5446	0.0097	9	19	1	1	1	0
1023	0.0097	86	10	0	0	0	1
382	0.0097	9	23	1	0	1	0
205	0.0096	8	13	0	0	1	0
4134	0.0095	7	20	1	1	1	0
302	0.0095	14	10	1	1	0	0
455	0.0095	7	15	1	0	0	0
3179	0.0095	35	11	0	0	0	1
1491	0.0095	15	14	1	1	1	1
1688	0.0095	5	28	1	0	0	1
5092	0.0095	14	10	0	0	0	1
4005	0.0095	7	20	0	0	1	0
5303	0.0094	19	13	0	1	1	0
2318	0.0094	38	15	0	0	0	0
5372	0.0093	25	10	0	1	1	1
1106	0.0093	12	21	0	0	0	1
5877	0.0093	18	12	1	1	1	0
1583	0.0091	53	11	0	0	0	1
494	0.0091	10	22	1	0	1	1
2566	0.0091	90	11	0	0	0	1
717	0.0091	11	20	0	0	1	1
5507	0.009	13	17	0	1	1	1
5842	0.009	17	13	1	1	1	0
1101	0.009	13	20	0	0	0	1
5273	0.009	26	10	0	0	0	0
3029	0.009	31	12	0	0	0	1
2661	0.0089	9	25	0	1	1	0
4036	0.0089	6	25	0	0	0	1
2432	0.0089	47	12	0	0	0	0
1382	0.0089	23	18	0	0	0	1
1180	0.0088	38	11	0	0	0	0
1388	0.0088	22	19	0	0	0	1
1704	0.0088	57	10	0	1	1	1
1184	0.0087	35	12	0	0	1	1
1488	0.0087	30	14	0	0	1	1
1040	0.0087	16	12	0	0	1	1
5537	0.0087	21	11	0	1	0	1
2431	0.0085	39	12	0	0	0	1
1045	0.0085	26	12	0	0	0	0
1047	0.0085	24	13	0	0	0	1
5307	0.0085	12	13	0	0	1	1
1322	0.0085	39	11	0	0	0	1
1478	0.0085	45	13	0	0	0	1
3453	0.0085	16	22	0	0	0	1
5893	0.0085	57	11	1	1	1	0
1243	0.0084	21	19	0	0	0	1
217	0.0083	8	15	0	1	0	0
4880	0.0083	16	10	0	0	0	1
1104	0.0083	8	20	0	0	1	0
1250	0.0083	20	20	0	0	1	1
2604	0.0083	20	16	0	1	1	0
5368	0.0081	86	10	0	1	1	1
5822	0.0081	24	12	0	1	1	1
842	0.0081	13	19	0	0	1	0
3403	0.0078	20	17	0	1	0	1
3937	0.0078	75	12	0	0	0	1
2450	0.0078	46	14	0	0	0	0
5387	0.0078	43	12	0	1	1	1
5438	0.0077	12	18	0	1	1	1
327	0.0077	10	13	0	0	1	0
2595	0.0077	29	15	0	0	0	1
203	0.0076	11	12	0	0	1	0
3504	0.0076	12	11	0	0	0	1
550	0.0075	37	12	0	0	0	0
439	0.0071	36	13	0	0	0	0
5853	0.0071	80	10	0	0	0	1
1207	0.0071	27	14	0	0	1	1
3093	0.007	15	19	0	0	1	1
3044	0.007	17	14	0	0	0	1
425	0.007	13	11	0	0	1	0
2029	0.0069	6	16	1	1	1	1
5602	0.0069	29	10	0	1	0	0
4068	0.0069	89	12	0	1	1	1
2131	0.0067	9	11	0	0	1	1
252	0.0067	9	22	0	0	0	1
4812	0.0067	32	14	0	1	1	1
4179	0.0067	15	10	0	1	0	0
5854	0.0066	64	11	0	1	0	1
1347	0.0066	31	13	0	0	0	1
5459	0.0066	46	11	0	1	1	1
216	0.0065	34	15	0	0	0	0
4182	0.0065	14	11	0	1	0	1
2644	0.0065	14	22	0	1	1	0
894	0.0065	77	10	0	0	1	1
4292	0.0064	9	23	0	1	1	1
5819	0.0064	39	12	0	1	0	1
924	0.0064	12	13	0	0	0	0
943	0.0064	13	16	0	0	1	1
1166	0.0064	68	10	0	1	1	1
2168	0.0063	7	15	1	0	1	1
249	0.0063	10	21	0	0	0	0
4589	0.0063	7	15	1	1	1	1
723	0.0063	5	21	1	0	0	0
815	0.0063	7	15	0	0	0	1
5178	0.0063	5	21	1	1	0	1
5733	0.0063	7	15	1	1	1	1
1030	0.0063	67	11	0	0	1	1
313	0.0061	69	11	0	0	0	0
2609	0.0061	16	17	0	0	0	1
2571	0.0061	5	11	1	0	1	1
4076	0.0061	55	13	0	1	1	1
810	0.006	8	14	0	0	0	1
927	0.006	20	14	0	0	0	1
5711	0.006	8	14	0	1	1	0
2817	0.0059	13	26	0	0	0	1
5610	0.0059	31	11	0	1	0	1
5360	0.0058	15	19	0	1	0	1
925	0.0058	22	13	0	0	0	0
3968	0.0058	18	16	0	0	0	1
5003	0.0057	34	12	0	1	1	1
300	0.0057	5	35	1	0	0	0
673	0.0057	9	13	0	0	0	1
984	0.0057	8	22	1	0	0	0
3823	0.0057	21	14	0	1	1	1
2786	0.0056	17	21	0	1	0	1
4080	0.0056	34	14	0	1	1	1
4253	0.0056	10	18	0	1	0	1
201	0.0056	65	12	0	0	0	0
4594	0.0056	8	15	0	1	1	1
1385	0.0056	10	18	0	0	1	0
5309	0.0055	13	14	1	1	0	0
2332	0.0054	18	17	0	0	0	1
3712	0.0054	17	18	0	0	0	1
2464	0.0054	23	16	0	0	0	1
3949	0.0053	72	13	0	0	1	1
602	0.0053	22	20	0	0	0	1
2343	0.0053	14	18	0	1	1	0
2478	0.0053	7	18	0	0	0	0
3964	0.0053	21	15	0	1	1	1
1165	0.0053	5	38	1	0	1	1
326	0.0051	5	13	1	0	1	0
4223	0.0051	13	15	0	0	1	1
5633	0.0051	5	13	1	0	0	1
712	0.0051	24	19	0	0	0	1
811	0.0051	14	14	1	0	0	0
317	0.0051	11	12	0	0	1	0
1160	0.0051	6	33	0	0	1	0
5816	0.0051	42	11	0	1	1	0
307	0.005	40	10	0	0	0	0
