parent	child
82223	83196
272	278
272	288
272	282
272	295
272	293
274	295
274	293
276	416
276	409
278	407
278	454
278	411
100014	100512
128293	128455
95792	96026
46792	46965
46790	46969
46790	46963
21618	22020
21610	21946
154272	154326
154271	154453
153556	153782
154279	154341
101355	101530
134341	134833
134341	134607
113318	113548
113318	113540
113311	113546
113311	113473
113317	113466
113316	113480
113316	113429
37799	38291
70662	70833
112958	113058
83476	84333
79391	79627
156655	157522
156653	157522
156653	156944
156653	156942
129452	130195
129452	131217
136117	137091
136115	136154
109448	109547
109443	109548
109440	109545
156030	156143
156030	156149
76884	77310
109198	109356
109196	109243
109196	109244
109196	109247
109197	109242
109197	109244
65082	65163
65082	65400
65083	65396
52811	52885
52811	52874
46568	46607
52813	52890
22672	22950
160880	161383
77027	77408
77027	78295
77027	77417
77027	77167
77027	77149
22019	22566
114448	114718
114448	114668
98454	101315
98454	101144
98454	98748
101028	101307
93358	93990
101533	102115
101533	102114
101533	102810
101533	102111
101530	102115
101530	102114
101530	102807
101530	102810
153129	153217
64020	65078
27652	27871
74220	75360
74220	75388
74221	74565
80108	80284
80108	80262
21932	23216
21932	22790
21932	22321
46304	46429
46304	46572
21287	22751
21288	22751
42488	43520
42333	42673
138186	138433
45301	45571
45303	45568
45303	45715
45302	45718
45302	45571
7213	7639
7213	7615
7213	7510
70833	71434
70830	71434
41176	41725
41177	41743
41177	41792
41177	41790
102369	102564
37300	37801
24149	24422
83287	84246
119217	119386
119214	119668
119215	119673
147196	147320
147196	147322
147196	147312
147196	147222
690	885
47687	47901
698	903
698	909
698	912
37299	37799
37299	37787
92357	92788
92357	94828
96088	96525
96088	96335
87908	88020
22247	22460
22247	22432
22245	22460
22244	22460
22242	22432
22241	22413
22241	22460
97685	99135
100031	100236
100032	100238
100033	100234
140853	142475
41793	42048
41793	42034
1094	1224
1094	1230
22813	22968
22810	22967
3535	3644
3535	3643
149813	150142
116106	116339
94176	94521
94172	94821
113557	113829
70649	70833
70649	70830
113555	113729
113554	113859
113553	113710
113553	113718
102555	102767
102557	102689
70644	70838
70644	70827
113558	113720
113558	113717
113558	113718
106641	106797
102773	102847
102772	103135
38199	38398
41541	41673
106700	106810
106700	106978
40948	41785
40948	41201
40948	41176
109468	109723
109468	109551
109468	109717
15118	15281
15118	15261
109467	109709
109467	109551
109467	109717
25897	26293
52836	52883
52836	52897
52836	52890
60927	61206
60927	61127
60927	61108
126480	128176
31968	32249
4742	4759
4745	4764
4745	4768
4745	4773
4744	4760
4744	4747
4744	4745
4744	4759
32241	33197
32247	33200
32249	33198
5860	6051
116359	116572
116359	116579
145015	145128
25563	25787
25563	25883
74209	75368
74209	75332
74204	75723
74207	75721
74207	75723
74207	75382
74203	75328
74203	75367
6184	6334
6183	6337
6183	6748
6188	6560
6188	6332
45329	46352
45329	46346
45329	45530
52219	53109
105928	106255
105928	106261
45322	46346
97475	97741
97478	97753
6234	6702
160743	160846
21408	21491
21409	21596
21407	21874
21402	21932
21402	21918
122487	122580
122489	122561
119231	119583
137309	137898
94976	95785
122226	125069
122226	122554
122226	125094
122222	122518
72577	73272
122229	122556
91188	91276
91181	91262
145577	147049
5670	5918
5678	5972
89003	89284
23719	25467
23715	24725
82158	82298
82153	82232
82153	82223
82153	82405
82153	82439
82153	82415
82153	82280
82153	82448
131886	132054
100238	100295
100236	100329
100234	100328
107912	107977
158348	158616
25714	26352
100055	100514
21874	22321
24445	24727
105565	105656
105565	105649
141472	142466
160216	160848
22830	22952
102572	102783
102572	102695
102571	102689
102571	102782
102570	102855
60693	60848
60693	61360
60693	60905
113536	113829
113539	113720
113538	113685
5382	6184
105402	105664
105402	105644
105401	105664
105401	105644
112914	112969
112917	113131
112917	113041
112917	113053
33722	34162
106663	106860
106663	107487
106664	107489
106664	106855
125914	126046
29762	29940
156348	156653
147523	149285
108866	109042
108866	109122
143067	143144
143067	143146
143062	143146
143063	143148
119007	119043
131652	131852
31492	31687
21902	22266
155196	155201
77069	77376
4760	4793
4762	4775
4762	4925
4764	4795
86268	86751
86268	86466
4768	4789
4768	4783
4768	4800
4768	4801
4768	5565
4768	4824
4768	5371
4768	4820
4768	4821
4768	5680
4768	5148
4768	5670
4768	4799
4768	5677
4768	4792
4768	5366
4768	4816
4768	5576
4768	5575
4768	5369
4768	5919
4768	4853
26293	27650
26293	28014
26293	27927
26293	27926
145389	145820
145388	145532
77795	78376
77795	80131
104580	105183
82367	82667
61271	61569
27218	29772
25509	25772
25509	25564
25509	25565
25509	25775
25508	25563
25508	25631
25508	25565
25508	25564
25508	25619
25508	25635
25508	25571
25508	25626
25502	25644
25502	25525
25502	25529
25505	25772
25505	25564
25505	25565
25505	25775
25504	25772
25504	25564
25504	25565
25504	25775
25507	25563
25507	25571
25507	25565
25507	25564
25506	25772
25506	25564
25506	25565
25506	25775
152879	153556
152878	152954
152878	153045
152870	152914
152870	152909
152875	152959
152874	152954
152874	153039
98414	101147
98414	98454
4880	5031
4880	5027
52144	52428
119583	120575
97498	97817
70307	70851
70306	70650
42997	43044
42997	43036
139892	139973
42999	44076
21469	21653
21462	21646
37432	37574
37433	37575
37433	37569
45613	46621
45612	46625
45612	46619
122208	122354
144979	145211
144979	145210
144975	145063
144974	145213
144974	145215
144976	145107
144976	145066
115722	115970
115722	115990
144973	145230
89025	89284
114890	115985
71091	72501
132510	133059
161776	161843
161777	161818
103749	104035
161772	161842
161779	161820
156154	156655
67335	67613
67335	67599
67335	67629
156156	157526
145745	145833
7777	7817
7777	7812
7776	7812
7778	7792
7778	7952
19481	19824
19481	19750
82280	83497
96093	96641
96093	96339
216	250
32701	34834
211	231
55508	55729
219	250
3646	3825
3646	3824
60905	61365
60905	61349
5012	5954
5012	6460
5012	6408
5012	5196
5012	6197
5012	5212
5012	6234
5012	6244
5013	5196
5013	5212
97531	97833
5016	5194
5016	5212
5016	5196
97532	97834
5018	5954
5018	6460
5018	6408
5018	5196
5018	6197
5018	5212
5018	6234
5018	6244
134814	136117
134814	135503
80284	80972
919	1374
113513	113891
113041	113124
66766	67048
66766	67053
105428	105644
106689	106835
106685	106834
87250	87383
87250	87886
87250	88504
87250	87391
87250	87542
87250	87547
87250	87560
87252	87580
87252	89857
87252	89854
128186	128338
128184	128338
128183	128235
21361	21433
21361	21628
21361	21619
21361	21618
21361	21610
21361	23403
48014	48520
37089	38214
109429	109519
31436	32030
109424	109489
109426	109489
109423	109489
1030	1107
1030	1240
1030	1330
1030	1303
503	612
4089	4275
76240	76668
88504	89113
88507	89110
40677	40827
40677	40826
89849	90053
89849	90022
89849	90895
28078	28343
47901	48487
157419	157496
108337	109153
73544	73883
77042	77151
77042	78293
77042	77168
4789	4800
4789	4801
4783	4800
4783	4801
4783	4798
4783	5937
5822	6052
51301	52311
51301	52307
51302	52812
51302	52826
51308	52813
51308	52307
51309	52844
87884	88252
87886	88245
65978	66011
65978	66016
65978	66017
65978	66022
65976	66009
65976	66011
65976	66016
65976	66030
65976	66031
65976	66022
198	213
198	219
197	216
197	219
191	222
190	202
140488	141246
12795	12987
21198	21246
21198	21259
21196	21277
21194	21264
21194	22773
21335	21588
46940	47306
21331	21583
45360	45427
14148	14215
14145	14215
14140	14430
14140	14421
14140	14432
14140	14442
14140	14215
14142	14215
41195	41794
41191	41789
70325	70880
70324	70837
70323	70837
70323	70883
70323	70564
102302	102412
138341	138760
102116	102582
102116	102579
144956	145565
144956	145566
144956	145131
62160	62477
62160	65623
62166	62476
144959	145015
144958	145006
103013	103127
103012	103126
101021	101301
83196	83476
23200	24086
1301	1382
1303	1378
1303	1331
66001	66772
66001	66766
66001	66767
66003	66752
66003	66766
82111	82597
82111	82598
499	598
499	609
109214	109431
491	700
492	579
492	588
105949	106078
6472	6550
6476	6557
6476	7736
145532	147114
113542	113829
32540	32715
95785	96026
115964	115992
161366	161457
161368	161482
95787	96029
26319	26550
25754	26238
25754	26250
21831	22524
75328	75396
96641	97241
5037	5179
5030	5099
5030	5081
5030	5093
5030	5107
113141	113228
113141	113316
113141	113301
113142	113311
113142	113325
973	1123
80262	80968
62374	62678
105445	106013
87270	87347
109120	109133
46572	47778
78375	79386
78376	79388
131618	132199
92558	92957
40658	41541
106490	106641
106490	106634
106490	106663
106490	106656
106492	107588
106492	106633
106492	106643
106492	107587
106492	106655
106492	106664
106493	106689
106493	106693
106494	106634
106494	106656
106497	107588
106497	106633
106497	107587
106497	106655
35357	35775
61056	61219
61056	61222
22368	23023
154688	154866
154683	155837
88246	89118
76910	77590
82324	82623
14877	15012
52988	53647
93017	93419
70838	71502
105323	105402
105323	105401
105320	105428
105320	105569
105320	105401
141518	141789
113729	113975
113729	113827
113720	113835
113720	113855
113230	113539
113230	113553
113230	113560
113230	113558
107780	108870
107786	108015
46969	47354
46969	47331
46964	47327
46963	47331
879	965
879	960
3432	3546
3432	3535
4845	4946
71696	72030
5200	5928
114825	116005
114825	115980
71078	72506
108180	108390
142699	142944
142699	142945
34929	35013
155977	156323
155977	156042
67044	67329
1095	1224
109588	109715
161734	161806
161735	161813
30916	31489
30916	31396
30916	31692
82133	82267
82133	82252
153045	153833
78945	79588
24441	24731
155746	155901
51345	52817
154168	154231
3609	3825
3609	3824
97571	97832
97571	97841
116189	116345
102807	103131
128235	128340
6334	6742
6337	6614
42679	42999
6332	6741
139992	140028
139992	140033
53647	54132
53646	53784
53646	54131
156320	156565
77408	78600
37047	37433
37047	37103
37044	37104
37044	37432
102115	102570
102114	102568
102111	102555
102111	102572
102110	102557
102110	102571
102118	102576
102118	102580
102118	102581
102118	102378
30215	30695
30215	30694
30215	30686
84234	84482
598	1094
598	1095
598	733
598	1218
71489	72568
71489	71696
71489	72577
71488	72550
71488	72409
71488	72568
30074	30123
77089	80084
77089	77189
77089	80109
77089	80388
51348	51977
51349	52008
51340	52847
51433	52263
51433	51724
23433	23741
82656	83074
76939	77573
76935	77617
76935	77627
76935	77600
76932	77598
55974	56256
74570	75362
74570	75704
74574	75366
131236	131311
97741	98306
97741	99171
131233	131263
12750	12795
81650	82063
81657	82060
158450	158663
21370	21619
21370	21433
108962	109159
17711	19273
71018	71309
30689	30969
143497	144887
47773	47823
454	494
454	502
109709	109930
105901	106025
105901	106227
31123	31229
31123	31376
31123	33722
31123	33721
119673	119803
22443	22711
61579	62211
77147	78297
77147	78298
77144	78009
77144	79360
77144	78292
77144	77795
86301	87214
77149	78289
77149	78295
4009	4089
154403	154521
51083	51490
93274	95922
75360	75731
75361	75705
75362	75722
75365	75716
75366	75709
75367	75720
145132	145349
145132	145327
145132	145328
35413	35861
35413	35864
145131	145470
73240	74193
73240	73542
114659	114716
93418	94176
154702	154974
154702	154976
154702	154824
154702	154836
106370	106482
106372	106497
113028	113136
113028	113141
113026	113117
113026	113120
42078	42547
134833	135486
134833	136115
90022	90921
161523	161720
161522	161558
161524	161721
161524	161643
36998	37075
36998	38281
113685	113809
113681	113813
63130	63699
113973	114684
78198	78728
137244	137309
579	719
579	721
137241	137309
137243	137309
137242	137332
122166	122226
122166	122222
122167	122229
112888	113028
112888	113142
112888	113051
112888	113132
122165	122222
122160	122360
112882	113035
112882	113122
112882	113026
112882	113050
112885	113113
112885	113119
112885	113121
76739	76917
76739	76920
76736	76918
76736	76924
76737	76936
76737	76932
76735	76909
76735	76932
76730	77069
76730	77051
4275	4308
160733	160814
160732	160828
160735	160839
160737	160841
97825	98330
30099	30727
30099	30318
30099	30251
30099	30319
30098	30248
30098	30317
30094	30176
30094	30184
30094	30855
30094	30856
30096	30185
30096	30855
30096	30883
30096	30314
30096	30215
30096	35281
30090	30218
30093	30176
30093	30841
35310	36209
35310	36204
23633	23719
23632	23720
25923	26321
22321	22519
76958	77620
76958	77625
357	476
357	483
355	488
355	480
154700	154841
10953	11921
10953	11918
65400	65627
25580	25729
154462	154584
52498	52718
4800	6211
4800	5184
4801	6211
4801	5184
256	267
256	272
256	274
256	269
38401	39280
106427	106492
52720	53027
52720	53108
52726	53114
52726	53127
70387	70500
60635	61329
60630	61824
62183	62709
99453	101274
78297	79391
78297	80108
78295	78618
78295	79474
78295	78614
78293	78614
78293	79477
78292	79390
78298	79382
78298	79385
85958	86002
85957	86167
41752	41974
109723	109936
114816	115981
86751	87094
66359	66912
66359	66918
66352	66917
61376	61592
61376	61624
61375	61622
61375	61591
61371	61605
40405	40645
40405	40482
92787	93916
92786	93877
92789	93897
92788	93876
40409	40501
40409	40482
40408	40492
40408	40971
40408	40499
472	1026
472	627
472	503
472	656
472	650
472	1030
472	512
472	514
1367	1415
3194	3211
22460	22831
22460	22829
77160	80113
51068	51738
51068	51433
32524	32701
73264	74215
73261	74207
73261	73553
52266	53118
52263	52726
52263	53118
114671	114707
114671	114716
42051	42547
42051	42538
87580	89032
299	357
299	469
299	472
299	465
299	467
299	344
299	355
299	471
299	431
295	465
295	355
295	466
295	469
295	467
293	465
293	464
293	467
293	466
293	469
290	464
290	466
290	454
290	411
290	460
36200	36478
36200	37047
36200	37034
36201	36462
36201	36480
36207	36478
36207	37044
36204	36478
36204	36460
36204	37047
102843	102979
102843	102993
102843	103115
102847	103100
102847	102978
102847	102998
102847	102994
101389	101594
101389	101564
101388	101606
101384	101554
101384	101605
101386	101602
101386	101569
101383	101569
101382	101554
101382	101561
82531	83608
82530	83608
82530	82774
135104	135218
135104	136016
8097	8239
65805	66038
65805	65983
65805	66001
105718	106014
105718	106217
105719	106215
105717	106223
105717	106370
105712	106229
63113	63711
137883	138782
8943	9191
21721	23216
21721	22790
37006	37274
134507	134972
102152	102302
80974	81169
3207	3224
3207	3216
3207	3226
3207	3227
157673	158707
157673	158699
5186	5382
5186	6329
157675	157827
157675	158688
157678	158462
157678	157781
157678	157827
157678	157793
157678	158689
76714	77144
98364	101147
30251	30689
31691	32524
31691	32540
31691	32531
31691	32532
31691	32534
31691	32537
31692	32538
31692	32531
31692	32524
31692	32532
160719	160804
106430	106502
131908	134219
113556	113681
113556	113696
3838	3924
140151	141038
140151	141040
140157	140333
88494	89116
35334	36493
35334	37044
92644	93017
92644	93043
145328	145396
145328	145394
51296	52836
51296	52821
51296	52897
51296	52883
96525	97222
149325	149391
131274	131577
131274	131381
25611	25843
25611	25932
60836	61056
60836	61060
60836	61059
60836	61050
60833	60935
60833	60947
105380	105622
105383	106069
159164	159423
77621	78701
77627	78701
154449	155914
154449	154558
116756	117206
116752	117367
4824	5012
4824	5176
4824	5018
4824	5037
4824	5617
4824	5212
4824	7227
4824	5358
4824	5356
4824	5822
4824	5254
4824	5350
4824	5374
4824	5196
4824	5623
4824	6244
4824	5029
4824	5028
4824	4880
4824	5891
4824	5251
4824	5013
4824	5042
4824	5954
4824	5345
4824	4870
4824	6460
4824	6408
4824	7213
4824	4879
4824	4878
4824	5612
4824	6197
4824	4974
4824	6234
4820	5012
4820	5013
4820	5016
4820	5018
4820	5196
4820	5212
4821	5012
4821	5013
4821	5018
4821	5196
4821	5212
104127	104216
17555	17684
17555	17936
62476	62660
62476	63000
62477	62653
134972	135104
106643	106858
106643	107496
122161	122360
122161	122362
122556	124875
122554	124875
122554	125071
147202	147309
147202	147313
147200	147320
147200	147322
147200	147314
147200	147227
147200	147310
147200	147305
147204	147307
92411	94811
92412	94811
92415	94822
92415	94811
50248	51020
50248	50402
50248	50403
50248	50409
50248	51755
50248	51489
50248	51737
50245	50292
50245	50277
50242	50292
50242	50277
50240	50272
50240	50292
50240	50277
61681	61827
61687	61851
61685	61852
77369	78593
77369	78600
77364	78591
416	1211
411	494
411	595
27802	27943
160504	160735
160505	160728
160500	160724
82087	82551
82087	82370
82086	82656
82086	82371
25422	25464
25422	25463
42033	42701
42033	43011
42030	43004
42034	43039
42034	42693
42034	43001
52241	52720
52241	52498
52242	52720
82551	82747
19824	19990
61827	64971
61824	64179
97269	97447
97269	97433
105739	105901
105739	105856
105732	105856
105734	106424
105734	105856
105737	105856
105737	105853
21702	22244
21702	22241
21259	21469
37575	37930
37575	37912
37574	37931
159955	160228
159954	160097
113429	113557
113428	113545
113428	113536
3229	3545
3229	3883
3229	3399
3229	3609
3229	3635
3229	3632
3229	3372
3229	3631
3229	3269
3229	3275
3229	3412
3229	3649
3229	3646
3229	3421
3229	3278
157655	158702
3227	3399
3227	3275
3227	3412
3226	3399
3226	3412
157650	158702
94812	95008
38284	38401
38280	38943
47306	47509
47306	47489
47306	47694
47306	48014
47306	47687
62138	63119
25965	26328
25965	26810
25964	26325
25964	26811
30340	30820
30340	31437
160998	161473
65991	66911
65991	67044
65991	66906
65991	66425
65991	67335
35862	36449
35862	36469
35861	36217
35864	36468
145349	145393
145349	145388
145348	145392
131254	131306
131254	131585
131254	131357
131254	131364
131254	131366
131254	131362
131257	131306
131257	131585
131253	131358
60815	60846
60815	60913
60815	60852
60815	61345
60810	60913
60810	60846
60810	60935
60810	60947
60810	60852
105231	105725
105231	105724
105231	106070
105231	105443
105231	105445
105231	105383
105231	106008
25635	26319
25635	25897
25635	25923
25635	25868
25635	25913
25635	25853
25635	25860
25631	26319
25631	26270
116594	116746
22723	22953
22723	24732
97676	99944
97675	100142
97675	100146
106255	106528
105507	105717
153217	153951
27943	29679
60679	60938
60679	61360
60679	60848
85068	85359
85069	85238
85069	85233
45740	46792
99149	100348
11918	12187
76698	78337
41792	41958
76697	78329
113859	114455
113859	113897
113859	113920
37215	37326
37215	37299
37213	37327
37213	37300
50264	50960
50264	51747
50260	51020
50260	51022
50260	50403
50260	50960
50260	50409
50260	50407
50260	51755
50260	51489
50260	51747
50260	51737
50261	51020
50261	51022
50261	50960
50261	50409
50261	50407
50261	51755
50261	51489
50261	51747
50261	51737
50262	51020
50262	51022
50262	50402
50262	50403
50262	50409
50262	50407
50262	51755
50262	51489
50262	51737
50263	50292
50263	50960
50263	50277
50263	51747
1016	1098
1016	1214
47825	48052
40442	40569
47793	47827
50996	51225
50997	51225
50994	51234
50994	51227
51020	51503
51022	51068
51027	51348
51027	51210
109243	109424
109243	109419
101618	102042
140059	141038
23806	24034
155218	155823
155218	155819
10836	12212
103125	103178
98737	99118
98737	100698
117367	117485
26261	26553
26261	26446
26261	26437
113190	113554
21273	21606
21273	22751
21273	23224
21277	22758
21277	22755
134239	134507
134239	134499
45530	46352
45530	46346
159977	160093
116015	116042
116017	116106
116017	116199
116017	116098
116017	116094
116017	116096
116017	116093
116017	116092
116012	116054
116012	116122
106069	106456
106069	106836
102994	103871
102993	103872
108045	109138
108048	108804
112868	112914
112869	112948
62203	62699
112860	113118
112861	112885
112862	112930
112862	112886
112862	112926
112863	112882
112864	112931
112864	112887
112864	112934
112865	112888
112866	112920
112866	112923
112866	112917
112867	112947
112867	112917
87383	89849
87383	87994
76750	76912
76751	77144
76751	77045
76752	77045
106478	109143
106478	108045
106478	108973
1277	1367
1277	1382
143087	143333
31963	32187
137229	138496
137228	137282
514	622
621	1018
1224	1239
1224	1301
627	1016
89852	90192
89854	90055
89854	90051
62016	62385
122316	122572
161003	161386
77068	77376
77068	77364
77068	77351
133903	134205
92355	92789
92355	94803
92359	92558
145819	147096
145818	147099
158029	158266
158026	158764
22523	24441
22523	23715
22523	24445
22523	22723
13892	14043
60879	61341
98380	98448
98380	98739
21741	22790
22749	23196
22749	23205
116577	116746
141246	141343
22747	23632
43001	43044
43001	43039
114712	114816
114716	114908
114716	114825
114719	115722
154484	154683
154484	154688
154486	154700
5937	6187
5937	6212
5933	6188
5930	6194
41958	42051
41958	42078
90922	91188
90924	91181
128886	129023
105569	105644
105569	105652
27927	28744
27926	28744
27926	29150
105561	105674
105561	105663
105561	105681
105567	105631
102695	102843
60696	61098
60696	61059
53783	54371
53781	55168
99161	99342
99162	99336
33405	34836
70941	71142
70940	71133
70940	71142
70940	71137
30176	30845
102038	102764
107631	107912
37237	37279
37237	37272
71096	73234
71094	73240
71094	73259
71095	74209
149628	151089
62699	63111
62699	63130
7791	7807
7792	7951
126037	126235
40460	40539
79360	80285
89110	90197
89110	89606
89110	90199
89111	89276
89113	89608
89113	90035
89113	90022
89113	90059
89114	89600
89114	90029
89116	89852
89116	89603
89118	89286
89119	89286
89119	89287
132427	132505
109125	109155
109122	109162
161804	161844
88245	89119
10819	11182
10819	12212
10819	12211
7809	8943
83074	83401
83074	83420
83074	83394
105778	106080
105778	105949
26242	26556
26242	26450
26247	26429
26245	26429
128340	128477
128340	128694
128343	128476
128343	128886
128343	128479
21219	21408
21219	21421
21218	21412
21218	21422
21214	21413
21214	21418
138223	139528
141038	141356
141038	141518
141038	141249
87350	87744
14043	15264
14043	15257
80990	81377
3269	3423
3269	3432
60732	61090
60732	60927
116033	116106
116033	116098
116033	116094
71133	73006
71133	72663
71137	72663
133071	134194
113466	113538
113469	113536
22791	23277
103131	103197
40691	40758
40691	40752
40692	40827
40692	40826
40692	40753
609	1213
30819	31417
30819	31174
161165	161401
469	1026
469	627
469	503
469	1030
469	512
469	514
15579	15778
109333	109451
97829	98403
97829	98404
30812	31122
30812	30980
460	506
460	502
460	627
460	499
460	503
61108	62183
61108	61636
61108	62374
61108	62190
61108	62705
60852	61621
14677	15592
22760	23206
22761	23194
98367	99118
150072	150416
43579	43687
43575	43678
5919	6472
106217	106420
106215	106487
106215	106427
106215	106372
17553	17933
17553	17684
90949	91501
60502	61681
60502	61686
60502	61687
60502	61685
139632	139892
10798	10819
10798	10836
10798	10839
10798	10821
10799	10839
10794	10850
10796	10822
10796	10874
10796	10821
10793	10839
21683	22237
0	77160
0	92658
0	101389
0	101388
0	101385
0	101384
0	101387
0	101386
0	101381
0	101380
0	101383
0	101382
0	25591
0	25598
0	93322
0	128293
0	97447
0	154272
0	154271
0	154279
0	134341
0	21929
0	139938
0	137883
0	139933
0	17721
0	139937
0	21721
0	70662
0	134144
0	161477
0	70630
0	112958
0	157387
0	155893
0	157816
0	76714
0	76716
0	160719
0	109448
0	40566
0	109443
0	109440
0	161619
0	161618
0	156030
0	50259
0	50258
0	50255
0	50254
0	50257
0	50256
0	50253
0	50252
0	131908
0	142574
0	61348
0	61342
0	61345
0	109198
0	40411
0	109196
0	109197
0	139984
0	35336
0	35335
0	35334
0	160887
0	160885
0	160884
0	92644
0	160888
0	149325
0	149329
0	159954
0	131278
0	60836
0	60835
0	60833
0	120558
0	159164
0	119858
0	82523
0	116028
0	21932
0	21287
0	154287
0	154284
0	42488
0	154282
0	154283
0	134155
0	17553
0	45307
0	45306
0	45301
0	45303
0	45302
0	21666
0	116116
0	14897
0	21737
0	141061
0	41177
0	21420
0	119217
0	119214
0	119215
0	147196
0	161593
0	122155
0	161594
0	147202
0	147200
0	40950
0	147204
0	147205
0	157938
0	92411
0	161625
0	161627
0	92415
0	161622
0	161623
0	161629
0	50248
0	50245
0	50242
0	50240
0	131910
0	133903
0	160923
0	160504
0	160505
0	160500
0	160878
0	160879
0	160874
0	160873
0	32250
0	25601
0	82087
0	82086
0	65679
0	65678
0	60803
0	60806
0	60805
0	65697
0	65696
0	65698
0	154452
0	42031
0	97685
0	101522
0	21388
0	140853
0	21387
0	21385
0	60793
0	60796
0	97269
0	45316
0	45315
0	134143
0	45313
0	45310
0	45311
0	60667
0	60665
0	158771
0	60660
0	70649
0	70356
0	70357
0	70354
0	159955
0	70353
0	92402
0	21410
0	21417
0	92403
0	87293
0	87295
0	87294
0	87296
0	122499
0	147183
0	94815
0	94812
0	40948
0	40548
0	109468
0	161632
0	92406
0	109467
0	30341
0	30340
0	158825
0	142599
0	158823
0	158820
0	21332
0	142593
0	21331
0	87246
0	25965
0	25964
0	151160
0	15024
0	151163
0	23253
0	142594
0	160518
0	160514
0	92338
0	160513
0	160866
0	131254
0	131256
0	131257
0	131250
0	131253
0	131258
0	72508
0	60815
0	60810
0	4742
0	4740
0	60819
0	4744
0	82098
0	82099
0	82095
0	82096
0	82097
0	82092
0	60499
0	105232
0	63675
0	63673
0	161805
0	97278
0	97279
0	97272
0	97273
0	97270
0	97271
0	97276
0	97277
0	97274
0	97275
0	128159
0	45329
0	45323
0	45322
0	45321
0	45327
0	45326
0	45325
0	45324
0	21719
0	10776
0	97475
0	134226
0	134223
0	159969
0	159967
0	159960
0	159961
0	159962
0	87289
0	157138
0	87282
0	87283
0	87280
0	157136
0	87286
0	87287
0	21402
0	122487
0	76699
0	76698
0	76691
0	76690
0	76693
0	76692
0	76694
0	76697
0	76696
0	112859
0	112858
0	112855
0	112854
0	112856
0	112852
0	1700
0	76749
0	76748
0	76747
0	76744
0	76742
0	76740
0	147152
0	109471
0	109470
0	50264
0	50265
0	50260
0	50261
0	50262
0	50263
0	161489
0	122228
0	158835
0	158834
0	158837
0	158836
0	137231
0	137239
0	147086
0	145577
0	158788
0	40442
0	161157
0	55493
0	55494
0	55495
0	151192
0	92345
0	82158
0	92347
0	92348
0	82153
0	160852
0	35693
0	131243
0	4774
0	149809
0	131245
0	149807
0	151205
0	151204
0	155218
0	151206
0	151208
0	22751
0	158348
0	25714
0	153119
0	25577
0	141470
0	26261
0	101478
0	101473
0	101471
0	152888
0	21273
0	60689
0	158755
0	155938
0	85019
0	128099
0	134239
0	134238
0	155982
0	159979
0	159978
0	122581
0	159971
0	159977
0	159976
0	70373
0	99172
0	10794
0	116015
0	116017
0	116011
0	116012
0	116018
0	45334
0	45336
0	45331
0	45332
0	45333
0	76686
0	76687
0	112868
0	112869
0	112860
0	112861
0	112862
0	112863
0	112864
0	112865
0	112866
0	112867
0	1713
0	71083
0	156348
0	71087
0	157745
0	76750
0	76751
0	76752
0	142608
0	142600
0	50217
0	159995
0	159996
0	122214
0	147092
0	122217
0	147523
0	158807
0	158808
0	137229
0	137228
0	144962
0	144961
0	40453
0	40454
0	14533
0	161520
0	55462
0	161524
0	92357
0	92355
0	92359
0	82142
0	127193
0	7764
0	7765
0	4762
0	158029
0	149813
0	60879
0	151234
0	87305
0	17709
0	55510
0	208
0	82367
0	61271
0	25509
0	25508
0	25501
0	25500
0	25503
0	25502
0	25505
0	25504
0	25507
0	25506
0	152879
0	152878
0	152873
0	152870
0	152875
0	152874
0	101408
0	45342
0	101402
0	45613
0	101400
0	101401
0	101406
0	101407
0	101404
0	105567
0	158748
0	60696
0	158741
0	21267
0	60693
0	60691
0	70309
0	155990
0	70307
0	70306
0	139890
0	45298
0	99161
0	99162
0	116020
0	116021
0	116022
0	116026
0	21462
0	45341
0	45614
0	45612
0	45347
0	45346
0	45349
0	45348
0	112872
0	112871
0	112870
0	161790
0	71091
0	71096
0	71095
0	149628
0	147176
0	122208
0	144979
0	40689
0	158818
0	144975
0	158816
0	158815
0	158814
0	158813
0	40682
0	144973
0	40460
0	40660
0	161172
0	161777
0	156154
0	13791
0	13796
0	13799
0	13798
0	55475
0	92368
0	82173
0	92364
0	92361
0	7777
0	7776
0	92169
0	7778
0	60846
0	151225
0	151224
0	151223
0	22772
0	55508
0	55509
0	93015
0	137249
0	25512
0	25510
0	25511
0	154546
0	128342
0	128343
0	70578
0	125115
0	125113
0	21219
0	21218
0	21214
0	21188
0	160880
0	105317
0	70318
0	70319
0	70313
0	70314
0	10782
0	10781
0	10780
0	21320
0	87255
0	87250
0	87252
0	60731
0	60732
0	116037
0	116034
0	116033
0	116032
0	105226
0	105224
0	105225
0	105222
0	105223
0	45354
0	105221
0	128186
0	128184
0	45359
0	128183
0	161781
0	161780
0	161787
0	60679
0	157568
0	158798
0	157562
0	157561
0	158819
0	149438
0	149437
0	144974
0	50237
0	50236
0	50233
0	76734
0	144976
0	149432
0	144949
0	158811
0	40691
0	40677
0	30819
0	161165
0	109333
0	161763
0	30727
0	157419
0	13782
0	13783
0	13781
0	13786
0	13787
0	13784
0	13785
0	13788
0	23219
0	82164
0	97478
0	82166
0	82160
0	92378
0	35390
0	35392
0	156028
0	155558
0	92953
0	43579
0	77445
0	43575
0	17555
0	21663
0	191
0	190
0	193
0	60508
0	60506
0	60507
0	60504
0	60505
0	60502
0	60503
0	60500
0	60501
0	26252
0	125108
0	125106
0	125103
0	21207
0	21409
0	21198
0	21196
0	21194
0	139632
0	21407
0	21335
0	157175
0	87284
0	87249
0	158659
0	87247
0	60724
0	21683
0	60728
0	105235
0	105234
0	105237
0	105231
0	105230
0	105233
0	35310
0	45366
0	45365
0	45364
0	105239
0	45361
0	45360
0	142874
0	97288
0	160008
0	149604
0	70326
0	70325
0	70324
0	70323
0	157577
0	157576
0	157570
0	144957
0	144956
0	144959
0	144958
0	1692
0	1693
0	1690
0	1691
0	76651
0	76653
0	40642
0	40641
0	132531
0	158817
0	22373
0	22372
0	82111
0	105210
0	82117
0	35382
0	35380
0	35387
0	35385
0	89860
0	25821
0	131281
0	131280
0	55455
0	55456
0	55459
0	145061
0	22791
0	158812
0	93034
0	76906
0	93032
0	70995
0	77455
0	93038
0	97289
0	142875
0	142872
0	97282
0	97281
0	97280
0	97287
0	97286
0	97284
0	155560
0	155562
0	64183
0	186
0	184
0	185
0	188
0	189
0	85348
0	99131
0	87279
0	87278
0	87273
0	87270
0	87277
0	87276
0	87275
0	87274
0	60712
0	154285
0	60717
0	60719
0	105207
0	105209
0	45372
0	45374
0	155818
0	45308
0	21542
0	157548
0	157546
0	157547
0	155965
0	109353
0	109350
0	40658
0	147089
0	158660
0	157141
0	143115
0	82102
0	82103
0	82100
0	82101
0	82104
0	82105
0	76721
0	35357
0	35359
0	35358
0	140001
0	109172
0	109173
0	22368
0	82635
0	154171
0	82320
0	82324
0	154195
0	60523
0	97297
0	97291
0	97293
0	25789
0	97298
0	159072
0	17683
0	105323
0	105320
0	134240
0	134241
0	134242
0	134243
0	128205
0	101353
0	101356
0	101355
0	87267
0	87261
0	70637
0	87268
0	87269
0	158678
0	157155
0	157154
0	125126
0	125124
0	105218
0	105217
0	139985
0	139986
0	139987
0	105211
0	125128
0	161513
0	102078
0	161517
0	161514
0	161515
0	102072
0	161518
0	157557
0	157556
0	157554
0	157553
0	157552
0	157559
0	157558
0	71078
0	155978
0	155977
0	160112
0	14583
0	122339
0	122332
0	161734
0	122330
0	149407
0	149405
0	149408
0	82136
0	82134
0	82133
0	82132
0	161642
0	160742
0	160743
0	144844
0	35347
0	128144
0	109169
0	109168
0	105851
0	109165
0	109164
0	109167
0	109166
0	92585
0	23403
0	154168
0	13778
0	63607
0	65729
0	65723
0	65722
0	65725
0	65724
0	65727
0	65726
0	147198
0	124311
0	17698
0	134258
0	45551
0	45555
0	101347
0	21361
0	60771
0	158447
0	139993
0	139992
0	139990
0	105267
0	139995
0	139994
0	41018
0	102061
0	21563
0	21561
0	87325
0	87327
0	87326
0	87320
0	21569
0	21568
0	155900
0	155906
0	137110
0	92412
0	70990
0	30105
0	30104
0	30101
0	30100
0	142538
0	142537
0	125344
0	161725
0	151207
0	149411
0	149410
0	149413
0	134142
0	147128
0	150854
0	144876
0	21324
0	30074
0	30073
0	30079
0	35373
0	77089
0	35379
0	160912
0	160917
0	106581
0	60543
0	65732
0	65730
0	65731
0	65736
0	65735
0	131236
0	45352
0	131233
0	45350
0	161390
0	161393
0	25498
0	161398
0	25493
0	25491
0	154248
0	46618
0	21793
0	154246
0	153295
0	153296
0	25477
0	101375
0	101377
0	101378
0	101379
0	70619
0	70618
0	134285
0	45585
0	45584
0	158450
0	21373
0	21375
0	60768
0	60769
0	16841
0	125140
0	125143
0	25497
0	21573
0	21575
0	139949
0	87330
0	60614
0	17481
0	17483
0	17482
0	71875
0	161402
0	161404
0	161406
0	161407
0	144918
0	95124
0	95123
0	30114
0	137255
0	143497
0	3158
0	30205
0	76729
0	76728
0	76725
0	76727
0	76726
0	30208
0	76720
0	40513
0	144869
0	158796
0	35363
0	119075
0	160928
0	160929
0	160925
0	160920
0	160921
0	160922
0	45355
0	92674
0	93274
0	159595
0	159597
0	65707
0	65705
0	65704
0	65703
0	65702
0	65701
0	65700
0	65709
0	35412
0	149318
0	131229
0	161387
0	25482
0	25483
0	25484
0	25485
0	50238
0	101369
0	35327
0	60757
0	60750
0	60759
0	105244
0	105245
0	105240
0	105241
0	36464
0	105243
0	105248
0	122188
0	122189
0	128101
0	161522
0	122186
0	122187
0	122182
0	87309
0	87308
0	21589
0	60684
0	139957
0	87302
0	87307
0	87306
0	17708
0	87304
0	17496
0	21741
0	17492
0	158732
0	146789
0	122566
0	21288
0	137245
0	137244
0	137247
0	137246
0	137241
0	137240
0	137243
0	137242
0	119087
0	137248
0	3166
0	3167
0	3163
0	122166
0	122167
0	122164
0	122165
0	122162
0	122160
0	122161
0	159602
0	159605
0	159606
0	76738
0	76739
0	76736
0	76737
0	149435
0	76735
0	149433
0	76733
0	76730
0	160732
0	87281
0	92442
0	30099
0	30098
0	30094
0	30097
0	30096
0	30090
0	30093
0	61364
0	82639
0	87552
0	119667
0	119064
0	119067
0	119063
0	119062
0	119069
0	119068
0	151120
0	50925
0	151124
0	65711
0	65712
0	65713
0	65714
0	65715
0	65717
0	65718
0	65719
0	155428
0	101483
0	283
0	21479
0	21918
0	128242
0	101396
0	101397
0	101394
0	101395
0	101392
0	101393
0	101390
0	101391
0	25580
0	97302
0	97300
0	97301
0	127902
0	154268
0	154269
0	87315
0	87317
0	87310
0	87313
0	122193
0	122192
0	87319
0	21592
0	21590
0	60639
0	70387
0	82165
0	60635
0	60630
0	137096
0	122579
0	139983
0	122570
0	122572
0	83240
0	83244
0	30319
0	119227
0	95004
0	122177
0	76709
0	40970
0	158942
0	76703
0	76702
0	142492
0	76707
0	76706
0	76705
0	76704
0	25840
0	161608
0	161603
0	161600
0	161601
0	161606
0	30088
0	30089
0	30087
0	30082
0	35308
0	35309
0	35302
0	35303
0	35301
0	127906
0	35304
0	40405
0	40406
0	23199
0	40409
0	40408
0	119055
0	119056
0	119057
0	25938
105235	105536
105235	105739
105235	105734
105235	105737
105234	105724
105234	105507
105234	105443
105234	105512
105234	105445
105234	105739
105234	105383
105234	105718
105234	105734
105234	105732
105234	105712
105234	105725
105237	105739
105237	105734
105237	105737
12338	12750
113813	114432
113813	115998
159833	159936
24014	24144
24014	24149
157578	158683
157577	157676
157577	157664
5356	5630
5350	5595
5358	6463
5358	5623
5358	5617
40482	41191
147596	147783
147596	147794
154567	154755
106847	106976
62015	62384
106849	107521
106849	106923
62019	62385
30739	31123
30739	30981
135503	137103
156042	156163
61592	62193
61591	62216
151124	151152
161211	161356
100306	100678
100306	100533
100304	101305
10874	10953
52885	53783
4946	5927
4946	5933
97288	97448
97288	97323
97288	97327
97288	97329
97288	97447
97282	97571
97281	97549
97281	98348
97281	98380
97287	97317
97286	97675
97286	97670
97284	97690
97284	97676
81226	81644
154565	154754
154565	155563
154560	154754
21946	23196
14028	15266
14028	15625
14028	15259
14029	15624
158663	158750
60712	61086
60712	60923
60712	61094
106021	106238
60719	61090
116054	116115
880	973
880	961
885	973
885	961
45718	46623
45718	46612
155814	155919
155819	155939
113480	113542
41673	41941
107775	107804
107775	107812
94973	95792
109353	109438
109350	109472
109356	109423
109356	109412
109356	109434
664	909
664	1039
664	1035
664	1036
664	1034
664	912
660	880
660	885
157141	157396
143333	144881
131761	131889
131763	131891
23162	24077
23165	23399
22566	22761
22566	22781
22565	22759
22565	22780
87996	89025
87997	89009
87994	89003
87995	89012
5680	5891
5680	5860
98348	98739
93043	93416
93042	93985
93045	93991
51747	52219
51210	51349
51210	51380
154195	154252
60523	61681
60523	61686
60523	61687
60523	61685
116286	116594
116286	116577
5677	5972
116280	116577
106231	106372
106231	106431
25787	26293
25785	26232
25785	26247
25785	26245
25784	26230
25784	26236
25784	26251
25784	26234
82252	82706
99342	99442
14051	15259
70637	70859
70637	70840
70630	70833
70630	70830
134499	136015
105218	105561
105217	105566
105211	105399
113836	113919
113836	113928
102072	102409
3546	3643
157554	157667
157553	157675
37274	38284
37274	37952
157559	157669
157559	157661
157559	157687
157558	157673
157558	157668
157558	157650
157558	157655
157558	157686
45727	46304
102855	103012
1077	1164
5371	5584
151480	152075
14583	14877
106820	106919
106797	107486
62034	62377
122332	122560
122332	122573
122330	122489
122330	122560
101394	101618
5769	5924
5769	5941
61607	62160
61607	65623
140033	140161
109169	109228
109165	109620
109164	109488
109166	109229
50970	51241
50970	51301
77189	80084
88209	88494
100329	101335
63607	63805
63607	64199
12187	12342
12187	12338
65727	65789
65726	66188
65726	65805
65726	65807
65726	66187
65726	65789
65726	65780
46357	46792
46604	47243
46607	47779
46606	47239
17698	17884
134258	134695
4926	5071
4926	5074
4925	5070
45551	45745
45551	45730
45555	45719
45555	45740
93985	94161
93986	94981
93986	94498
93986	94996
93986	94973
105664	105816
105663	105768
105663	105778
145394	145479
113136	113319
113136	113301
113131	113326
113131	113472
113132	113322
87325	87791
83835	84434
129017	129212
70840	71434
70840	71488
137282	137894
30856	35281
30856	35280
30856	30916
94981	95131
94982	95132
143317	144938
122323	122568
1241	1414
1241	1392
1240	1378
22239	22432
22234	22436
22234	22431
86002	86446
26437	26692
160912	160926
160917	161154
91249	91823
51234	51287
51234	51302
51234	51340
51234	51345
51234	51316
51234	51333
143115	143479
143115	143440
51239	51296
51239	51314
51724	52238
51725	52261
60543	61813
161390	161450
98323	99163
161393	161455
99323	99451
153295	154171
153296	154172
117206	117373
70619	70840
70618	70818
70618	71489
102582	102773
102581	102772
75399	75932
150137	151091
21573	22234
21573	21902
21573	21927
21573	22259
21573	22252
21573	21928
21575	21902
21575	21900
21575	21911
21575	21826
21575	22259
21575	21815
21575	22337
21577	21910
84333	84794
84333	85067
84333	84492
17483	17706
17483	17711
17482	17706
71875	73250
708	903
708	919
700	903
700	909
700	912
5313	5612
5313	5623
5313	5617
5313	5633
30114	32241
78614	79472
31791	31909
78618	79472
157601	158026
157601	158773
106803	107615
106803	107491
122354	122611
122354	122612
66282	67034
61622	62216
61624	62138
25868	26293
25868	26323
29150	29766
29150	29762
25860	26550
66758	67111
61127	62016
61127	62019
66752	67048
61126	62015
87542	89855
87542	87995
87547	88214
87547	87884
87546	87957
87546	89847
15259	15623
15256	15575
15257	15594
15257	15587
15255	15599
61086	61162
24731	25228
24731	25234
24732	25229
159595	159825
159597	159829
65705	65781
65702	65781
65702	65763
65709	65805
65709	65807
65709	65978
65709	65976
65709	65780
141360	142540
154523	154673
154521	154666
154527	154669
154528	154670
25482	26807
25484	26794
21908	22268
46623	47774
46332	46643
75704	76636
75705	75931
101564	102036
101564	102033
101561	102111
101561	102110
101561	102118
101569	102121
101569	102116
101569	102038
105644	105762
105644	105768
105644	105835
105644	106077
105646	105812
105649	106077
120851	121329
116096	116195
116096	116197
36462	37023
36460	36998
113114	113318
113114	113305
113113	113217
113113	113211
36464	37051
36468	37058
36469	37056
36469	37057
113119	113203
113118	113166
137248	137334
80131	80293
80131	80952
122188	122254
122188	122316
122186	122315
122187	122316
122182	122254
22831	22969
87307	87426
87306	87426
87306	87354
87306	87770
87306	87763
87305	87791
30308	30815
30304	30746
159602	159820
159605	159833
159606	159826
131508	131615
149435	149457
149433	149465
149433	149457
67342	67629
23786	24031
86167	86268
40501	41187
40501	40968
14421	14677
131585	132198
13810	14029
13811	14029
13811	14036
47243	47418
103080	103876
112913	112969
112913	112971
51253	52403
51253	52246
51253	52241
51253	52733
51253	51725
51257	52733
51257	52254
51257	51763
51257	52242
51257	52403
87957	89012
87955	89003
61163	62810
61162	62841
61161	62830
101483	103749
99302	100031
99307	99453
267	930
267	1335
267	1077
267	299
267	1333
267	295
267	293
269	282
269	276
269	1093
97302	97496
97302	97526
97302	97506
97302	97567
97300	97498
97301	97506
97301	97525
97301	97517
97301	97520
35308	36461
35308	35413
35309	36493
35309	36200
35309	36207
35309	36209
35309	37044
105254	105760
35302	36455
35302	35481
154269	154449
113300	113469
113300	113428
113301	113555
113301	113429
113305	113539
113305	113540
113305	113555
21598	21910
21593	21881
21593	21910
21590	22259
21590	22252
21590	21902
21590	21928
47355	47509
47355	47489
47355	48014
106633	107483
106634	106803
47350	47509
47350	47489
47350	47694
47350	48014
143141	143317
143143	143444
143146	143263
143149	143334
27563	27955
27563	28078
40971	42018
40971	41812
728	1039
728	1036
728	912
1164	1337
25840	26240
25840	26252
25840	26235
161603	161779
144887	144932
144881	144954
471	1026
471	627
471	503
471	656
471	650
471	1030
471	512
471	514
477	724
477	664
477	728
15270	15610
15270	15592
76897	77576
87560	87997
87560	89866
50398	50991
50398	51027
50398	51026
50398	51308
50398	50997
50398	50970
50398	50992
50398	50982
50398	50996
50398	50994
50398	50986
65093	65329
65093	65226
38291	38943
131440	131583
131440	132196
60913	61375
66772	67048
61203	61492
119087	119138
75720	75933
75721	75958
75723	75935
75726	76240
75726	75959
161606	161783
128479	128720
128476	129025
128477	129021
93322	93900
52134	52421
105622	105933
122611	122764
36449	37055
36449	37056
21926	22229
21926	22248
80118	80966
21922	22247
21922	22245
21922	22239
80113	82046
80113	80292
21929	23216
21929	22790
21928	22257
149405	149792
149405	149682
21433	21626
21433	21649
147309	147346
147307	147346
147307	147386
147307	147373
147307	147362
147305	147346
83291	83620
26807	27318
26807	27319
119191	119250
40566	40760
40566	40915
40566	40775
47694	48023
47694	47901
47697	48028
28369	28901
13836	14148
13836	14145
13836	14146
13836	14140
13836	14142
13837	14145
13837	14148
13837	14142
13830	14033
13830	14050
13830	14145
13830	14146
13830	14140
77576	78198
145213	145348
145211	145292
145211	145281
23274	24029
23274	23806
23277	24014
23277	23870
23273	23786
23278	24022
51273	52124
51273	52144
51273	52135
132655	134228
132655	134193
51277	52124
51277	52134
102078	102409
102078	102152
82232	83185
82232	83196
241	708
241	660
241	491
241	690
241	879
241	1077
241	465
241	464
241	281
241	930
241	1335
241	466
241	1333
241	484
241	965
241	1048
241	969
241	472
241	471
241	477
241	479
241	698
241	290
243	256
131306	131440
113548	113715
107522	107780
107522	109120
107521	107775
107521	107763
21606	22769
153833	154229
154284	154677
154284	154381
154285	154677
154285	154523
154285	154530
154285	154381
154285	154533
154285	154528
154285	154484
154285	154403
154285	154527
154282	154677
154282	154535
154282	154530
154282	154523
154282	154381
154282	154533
154282	154528
154282	154484
154282	154486
154282	154496
154282	154403
154282	154490
154282	154527
154283	154677
154283	154381
37279	38288
158706	158780
116115	116390
116116	116626
116116	116216
99180	99301
99180	99323
99180	99318
99181	100014
99181	99298
70650	70842
112947	113131
112947	113041
112947	113053
112947	112999
14876	15012
112948	113053
112948	112999
157396	157513
106656	107494
106655	107484
102767	102836
102764	102837
79382	79624
27544	28345
27541	28348
79385	80271
42050	42545
67111	67330
67112	67330
161593	161678
40950	41202
40950	41181
29777	29909
23511	23601
161627	161788
50407	51022
50402	50992
50402	50996
50402	50997
50402	50994
82142	82405
82142	82439
82142	82392
61492	62034
158143	158160
26558	27927
26558	27926
26558	27652
26558	27650
26558	28014
60938	61654
26553	28789
26553	26759
60935	61376
60935	61650
26550	27927
26550	27926
26555	26652
26555	27937
26555	27926
160878	160998
160879	160999
160874	160994
160873	161005
160873	160994
22020	22760
61222	61892
61222	62274
61222	61899
31979	32247
31979	32289
114455	114659
114455	114671
114455	114717
114450	114719
114450	114712
5374	6463
5374	5623
98448	98618
75296	75726
75296	75705
101522	102807
101522	102114
101522	102810
101522	102431
101527	102807
101527	102114
101527	102810
101527	102431
74212	75723
74210	75359
74216	75365
74216	74574
74215	75360
74215	74570
74214	75361
74214	75296
6194	6757
87347	87911
134143	134208
80390	82030
105607	106223
105607	106426
102374	102569
70354	70941
70354	70939
70353	70940
21412	21491
21417	21593
21417	21577
21418	21598
21418	21582
122499	122584
137334	137947
137332	137521
40548	40760
62135	63119
30341	30821
15594	15780
23253	24029
109242	109419
109242	109429
87911	88014
109244	109419
109244	109426
109244	109429
82439	83495
30969	31283
30969	31356
22259	22443
22259	22523
22252	22436
72506	73352
72501	73356
72500	73357
72502	73351
72508	73250
98618	98736
225	243
222	241
97690	98767
81169	81223
81168	81218
100029	100240
81167	81214
81166	81226
21626	22019
21626	22754
21628	22749
105297	105963
35412	35862
27215	29161
22829	22970
161642	161766
5042	5612
5042	5623
5042	5617
5042	5633
5041	5161
5041	5174
102568	102857
112920	113131
112923	113028
112923	113142
112923	113132
112923	113131
112923	113051
125384	125914
125384	125519
5180	5344
5180	5355
5180	5351
157676	157795
157676	158467
157676	158481
157676	158162
109472	109506
109471	109547
109471	109551
109470	109551
109470	109588
1123	1166
1124	1159
25883	26293
108870	109125
108870	109043
31489	31685
158162	158783
52822	52885
40641	40916
160852	161003
23399	24082
145396	145817
4774	4926
4775	4924
145392	145648
116344	116577
116344	116581
116344	116579
93361	93986
82371	82670
82371	82662
82370	82747
154326	154462
154326	155359
154326	154461
106080	108048
106080	106478
106080	109128
106080	108972
102979	103877
102978	103080
25577	27127
25571	25787
102975	104226
147089	147161
7952	8097
7952	8101
7227	7642
7227	7491
63798	64025
63795	64020
105375	105622
6244	6702
21479	21640
21470	21730
21475	21707
1713	1733
5254	6463
157745	157936
14442	15270
144961	145566
145565	145745
145565	145847
145566	145848
112908	112969
112908	112973
112908	112971
5667	5920
38398	38800
106503	106689
23720	25422
23720	25467
109228	109431
87426	87732
6408	6461
6408	6466
27037	27806
27037	27802
7764	7786
7764	7791
7764	7789
51737	52265
6747	6758
6741	6785
6742	6756
106431	106504
6748	6755
106693	106820
106693	106840
201	216
201	219
201	211
202	232
55510	55730
208	225
66346	66758
21646	22565
21649	22563
45614	46973
45614	45747
45614	45719
45614	46357
45614	46940
45614	46771
45614	45736
45614	45740
99944	100122
45347	46082
116626	116756
116626	116752
38800	38826
113050	113299
113051	113300
105416	105649
105416	105652
106696	106847
106696	106931
45298	45720
64208	65082
161558	161804
161558	161726
40916	43579
40916	42488
40916	43575
40915	43579
40915	42488
40915	43575
109412	109489
34292	34362
109419	109538
109419	109489
28744	28883
151353	151480
151353	151479
132193	133071
132196	132507
132196	132427
132198	132510
132199	132728
132199	132470
4798	4845
4799	6211
4799	5184
104226	104580
132738	132914
51316	52817
51314	52831
65780	66117
65780	66118
25512	25619
25512	25635
25512	25631
25512	25626
25510	25772
25510	25525
25510	25775
25511	25563
25511	25626
25511	25619
25511	25635
25511	25571
25511	25631
98400	99180
98400	98898
98400	99175
98404	98566
98406	99173
98406	99181
70578	71018
70578	70991
5161	5344
5161	5355
145327	145394
145327	145389
42183	42333
105317	105569
105317	105416
105317	105565
105317	105409
70318	70644
70319	70630
21324	21557
32531	32704
21458	21648
45359	45427
41181	41752
41187	42030
41187	41791
41187	41793
132505	132655
161766	161835
161763	161829
161769	161833
156149	156322
83185	85057
83185	84234
129345	129587
129345	129599
156143	156320
23216	23511
23216	23273
23219	23274
23219	23520
126370	127092
126370	126480
488	537
488	547
488	531
488	518
484	724
484	664
484	728
483	518
480	537
480	531
30928	31492
6460	6603
6461	6602
6466	6602
161372	161474
161371	161472
161376	161465
32717	33405
32717	34292
161774	161841
19273	19481
131364	131508
131366	131652
131362	131516
131362	131521
25745	26362
21561	21922
21663	22374
21666	22243
75332	75399
143479	144447
1107	1241
97526	97825
97524	97829
160228	160847
5005	5196
5005	5194
5005	5193
5005	5200
5005	5212
5005	5186
64199	65083
102836	102987
102836	102979
102836	102993
102836	103115
102837	102994
102837	102978
80292	81650
87249	89853
87246	87552
87246	87546
87246	88507
87246	87562
87246	87854
87247	87395
87247	87390
87247	88507
87247	87552
87247	87546
87247	87562
87247	87854
99298	100306
83401	84285
102782	102845
102783	102851
27871	28015
107494	107631
109438	109501
109438	109500
109431	109678
113920	114448
1692	1738
1692	1709
1693	1709
1690	1738
1690	1709
1691	1709
37891	38217
26652	27022
40646	41195
40645	40960
157407	157479
157401	157527
22373	22966
22374	22966
38217	38464
38214	38799
38214	38398
77051	77408
77051	77357
77051	77369
61060	61222
87870	88246
60887	61341
145061	145132
145063	145166
76906	77594
76906	77582
76909	77595
82623	83234
128694	129017
142874	143087
142874	143063
142875	143067
142875	143091
142875	143062
142872	143067
142872	143150
52311	52822
186	198
184	200
188	201
188	197
80084	80321
113718	113856
113718	113846
113718	113860
113246	113539
113246	113558
113717	113846
113243	113539
113710	113836
113710	113848
53594	54116
53594	53646
46973	47355
46973	47336
46970	47330
46970	47350
46977	47270
22964	23630
22964	23633
45372	45578
45372	45527
89858	90919
89858	90895
89858	90924
46625	47773
71688	72025
5212	5770
5212	5769
70883	71497
70880	71497
70880	71490
108422	108962
37280	38280
17936	19126
155965	156027
155965	156156
91176	91249
115718	115964
115718	115877
66908	67112
66906	67342
32704	34834
32704	33405
66011	67463
66011	67452
66011	69644
66011	70004
66016	67460
66016	69644
66016	70004
82102	82560
82102	82565
82102	82374
82103	82375
82103	82565
82100	82588
82100	82567
82100	87238
82100	82582
82100	82593
82100	83608
82100	82530
82101	82586
82101	82592
91823	92181
72568	73272
72568	73293
161356	161441
6702	6999
151479	152343
151479	151625
151479	151624
22413	22813
22413	22810
22413	22738
22413	22747
131380	131761
131380	131886
131381	131604
154171	154234
75352	75714
21826	22527
5028	5374
5028	5358
97506	97813
97506	97818
144876	144926
116199	116275
116199	116286
116199	116247
116193	116359
116193	116344
116195	116344
116197	116280
116197	116273
965	1064
960	1124
961	1124
102810	103125
85359	86173
85359	85956
128205	128326
128205	128327
101353	101527
101353	101541
101356	101533
80271	80390
87268	87337
87269	87337
87269	87339
46563	46629
46563	46615
139984	140151
139984	140166
139985	140151
139985	140166
139985	140164
139986	140158
139986	140157
139983	140151
139983	140166
139983	140059
161513	161523
161517	161772
161517	161763
161515	161776
161515	161774
161518	161774
157665	158706
157665	157779
157665	157791
157665	157826
157668	158707
157668	158696
157668	158699
37075	37269
37075	37896
3649	3824
158696	158759
131604	131769
1414	1436
1414	1489
30317	30682
30317	30694
5565	5667
5566	5678
5566	5696
5567	5678
106487	106700
106487	106811
106484	106696
106484	106685
106484	106700
51359	52262
87854	88245
23401	24085
76920	77621
76920	77627
74568	75713
74568	75352
74565	75308
74565	76638
97753	99156
97753	98314
94828	94976
13838	14215
13838	14148
13838	14142
93876	94162
105681	105778
105681	105805
105681	105789
113229	113539
113229	113560
113228	113559
63802	64023
21188	21370
116275	116594
116275	116577
116275	116590
116275	116593
116273	116577
116273	116593
3423	3462
3422	3472
3422	3479
3421	3646
3421	3609
3421	3649
3427	3472
3427	3485
3427	3479
3427	3539
158447	158669
61094	61161
142682	142879
83234	83291
41725	41973
41725	41808
161720	161812
161720	161816
161720	161814
161725	161807
161726	161808
1330	1381
1333	1356
109717	109932
26759	27215
100240	100304
100533	101314
66038	66368
22436	22711
22436	22672
22431	22830
22432	22830
61569	62203
61569	62196
26325	26602
77151	78293
26323	26558
3635	3838
3635	3820
3632	3979
3631	3825
3631	3824
3631	3820
73234	74203
65736	65939
106365	106483
113035	113114
113035	113136
101378	101802
152909	153129
45585	46362
45585	45749
45585	45727
45584	46964
161392	161454
12174	12341
12174	12757
6329	6747
90035	90198
113696	114426
37055	37215
37055	37280
37056	37209
37057	37209
37057	37210
78329	78397
37053	37213
37058	37209
37058	37210
102121	102374
102122	102378
102122	102369
512	621
588	719
76729	77027
76729	77042
76729	77067
76728	77068
76728	77493
76728	76861
76728	76960
76725	76939
76727	77455
76727	77458
76726	76967
76726	76861
76720	76897
76720	76910
160727	160840
160724	160813
160728	160832
106977	108866
106976	107522
82405	83497
82405	83495
25913	26322
22337	22527
22337	22451
22335	22524
25919	26273
25644	27541
140164	140488
82662	83074
76947	77625
76947	77618
92674	93053
92674	93024
92679	93045
149318	149373
131229	131282
131229	131274
116877	117008
63711	65631
93897	94162
81644	82050
125519	126037
141789	142561
141789	142040
4870	5033
4870	5041
138627	138827
4879	5030
4878	5030
4878	5026
53007	53594
17706	19322
17706	18051
146789	147077
62196	62462
62196	62699
62196	62380
147077	147134
41743	42033
125143	125337
125143	125344
465	512
465	627
465	514
465	503
464	506
464	627
464	503
467	1026
467	627
467	503
467	1030
467	512
467	514
466	512
466	627
466	514
466	503
154673	155902
92442	94822
61365	62166
61365	61627
61364	61629
61364	61607
61360	61606
100512	100821
3184	3188
3184	3193
3182	3193
3188	3207
3188	4009
3188	3205
3188	3229
3188	3227
3188	3226
3188	3194
3188	3848
106528	106876
51097	51257
51097	51277
52277	52811
73259	74214
73250	74216
114668	114909
145128	145251
288	464
288	466
288	454
288	411
288	460
281	407
281	454
281	411
282	407
282	409
4773	4800
4773	4801
4773	5369
4773	5366
4773	4816
4773	5148
4773	5565
4773	5575
4773	4824
4773	5371
4773	4820
4773	4821
4773	5670
4773	5919
4773	4799
4773	5677
4773	5576
4773	4853
4773	5680
4773	4792
129347	129452
129347	129599
102854	102984
102854	103831
102854	102975
17481	17706
17481	17784
17481	17716
17481	17710
102857	103013
102851	102993
102851	103115
101392	101617
101392	101564
42048	42680
47270	47673
97546	98414
97546	101315
97546	98364
97546	101144
37052	37209
137898	138186
137898	138430
137894	138223
137894	138218
37034	37234
37034	37089
37035	37237
141040	141248
141040	141360
157602	158026
132914	133128
108015	108180
76709	77217
30920	31492
30920	31408
30920	31489
30920	31692
30920	31693
30920	31396
76703	77232
76703	77217
76705	76910
147445	147487
147445	147483
30088	30310
30089	30321
30089	30310
31356	34931
47354	48517
47354	48016
23196	23365
73884	74192
73883	74221
25930	26230
25930	26251
25930	26234
25932	26243
25932	26233
73547	73884
77045	77147
77045	77168
77045	77153
76967	77440
76960	77491
76960	77631
88486	89114
344	483
344	492
92658	93042
61192	62810
105652	105762
105652	105768
105652	106077
22711	25222
105399	105646
161378	161481
154381	154674
25591	26351
25591	25745
25591	26364
25596	25745
25598	26368
25598	26363
25598	25754
104219	105149
4816	5196
4816	5212
4816	5016
4816	5005
53027	53595
105536	105607
160097	160672
106132	106493
106132	106503
122764	123368
62466	62666
52733	53027
52733	52988
52733	53007
63594	63799
63594	64208
85057	85957
128720	128891
108952	109137
78289	80118
78289	79375
157816	158004
50259	51020
50259	51022
50259	50403
50259	50960
50259	50409
50259	50407
50259	51755
50259	51489
50259	51747
50259	51737
50258	51020
50258	51022
50258	50403
50258	50409
50258	50407
50258	51755
50258	51489
50258	51737
50255	51020
50255	51022
50255	50403
50255	50960
50255	50409
50255	50407
50255	51755
50255	51747
50255	51737
50254	51020
50254	50407
50254	50403
50254	50960
50254	50409
50254	51022
50254	51755
50254	51747
50254	51737
50257	51020
50257	51022
50257	50402
50257	50403
50257	50409
50257	50407
50257	51755
50257	51489
50257	51737
50256	51020
50256	51022
50256	50960
50256	50409
50256	50407
50256	51755
50256	50292
50256	51747
50256	51737
50253	51020
50253	50407
50253	50403
50253	50409
50253	51022
50253	51755
50253	51737
50252	50292
50252	50277
61349	62212
61349	62166
61348	62213
61348	61579
61345	61607
40411	40646
40411	40645
407	1227
407	595
85070	85958
85070	85232
1378	1449
26362	26401
26362	26406
32532	32715
32534	32717
32534	32704
114684	115718
80952	80990
105708	105853
36493	37107
14897	15024
14897	15017
21737	22321
21737	22790
21735	22242
141061	141472
62873	64223
80968	81168
80966	81166
157661	158702
157663	158706
157663	157858
157663	158694
157663	157830
157663	157826
157663	158690
157667	158695
157667	158694
157667	158696
157667	157830
157667	158699
157669	158707
157669	158695
157669	158694
157669	158696
157669	157830
157669	158699
5196	5770
5196	5930
5193	5922
151625	151727
94821	96093
62254	62805
30248	30688
30248	30682
30248	30707
147422	147484
147422	147488
106424	106490
106426	106494
106420	106485
41785	41846
41785	42183
131910	132552
23601	23833
119075	119191
132063	132193
47330	47509
47336	47509
160920	161211
65983	66908
65983	66282
65983	66291
65983	66346
65983	66352
97525	97825
31427	31968
31376	34160
100142	101333
100146	101080
154670	155902
154670	154876
154670	155953
154670	155952
25601	25785
25604	25930
25604	25754
25604	25784
60803	61342
60805	60887
22738	22964
154453	154567
154453	154571
154452	155814
154452	154565
154452	154560
43039	43708
43520	43679
43036	43709
21388	21479
21388	21462
21388	22791
21388	23219
21388	23253
21388	23199
21387	21462
21387	21479
21387	21458
21385	21462
21385	21479
21385	21458
116746	116877
116746	117009
104136	104225
104131	104188
104133	104191
105512	105719
60665	61323
80293	80974
99156	100333
99156	99319
99156	99343
99156	99302
99156	99307
99156	100055
100348	101021
30185	30860
30185	30886
30185	30884
30184	30860
41789	42050
78009	78375
78009	80123
30981	31356
92402	94804
92402	92787
92403	93014
92403	92679
92406	94809
92406	92786
50272	50689
50272	50670
66368	66916
142599	142679
142594	142629
142593	142630
142593	142679
50277	50690
77351	78591
77357	78593
77357	78588
47782	47825
50982	51242
50982	51239
50986	51234
50986	51362
50986	51257
50986	51359
50986	51253
50986	51273
50986	51277
50986	51097
160518	160733
160514	160737
160513	160727
61323	61751
61329	61754
99291	100294
101606	102024
101606	102042
82098	82592
82099	82586
82099	82531
82099	82592
82095	82559
82095	82563
82095	82544
82097	82577
82097	82544
82097	82573
82097	82566
82092	82492
82092	82468
120575	120851
52238	52726
82544	82761
82544	83415
82544	83410
82544	82727
63675	63802
63673	63798
63672	64197
63672	64208
63672	63795
105726	106021
105726	106031
105725	106010
105724	106013
97278	97516
97278	97571
97278	97528
97278	97556
97279	97544
97272	97579
97272	97458
97272	97582
97272	98366
97272	98372
97273	97524
97273	97531
97273	97516
97273	97528
97270	97441
97270	97456
97270	97433
97271	97458
97271	98366
97271	97581
97276	97535
97276	97569
97276	97516
97276	97562
97276	101144
97276	97540
97276	97556
97276	97571
97276	101315
97276	97546
97277	97516
97277	97528
97274	97524
97274	97516
97274	97520
97274	97506
97274	97537
97274	97564
97274	97540
97275	97540
97275	97516
97275	97520
21246	21470
21246	21475
37569	37912
159960	160216
159961	160573
159961	160109
159962	160113
159962	160109
106077	108422
106077	106445
106074	108952
157648	158702
157138	157394
106070	106463
106070	106849
157136	157397
102987	103147
102984	104219
90053	90922
21900	22338
90059	90193
14215	14437
94809	94973
76749	76913
76747	76935
76747	76920
76742	77534
76742	76960
76740	76967
76740	76958
76740	76947
41812	42021
161489	161772
161489	161642
161489	161763
1235	1273
1235	1277
47313	48016
47313	47697
1230	1272
1230	1275
136016	137176
126235	126370
161158	161376
161156	161371
161157	161389
161154	161362
161155	161372
55493	55721
55494	55722
55495	55731
100122	100138
35693	36212
35693	36452
103831	104221
131243	131585
149809	150137
149809	151097
149807	150141
149807	151097
132470	132738
25626	26319
25626	25923
25626	25913
25626	26270
25626	25860
25626	25919
22759	23200
22758	23162
116581	116746
22751	23223
22755	23177
22755	23175
22754	23197
22754	23207
5148	5365
5148	5301
5924	6182
5925	6185
5927	6183
5920	6476
5922	6178
5928	6196
5928	6184
102409	105032
90919	91176
90912	91176
101478	102810
101478	102807
101478	102431
101471	102810
101471	102807
116098	116193
116098	116189
105576	105928
105576	105930
99396	100029
60689	60938
153202	154217
153202	153303
85019	85346
113117	113305
99173	99298
99173	99291
36461	37006
36461	37052
36461	37053
99175	99301
99175	99318
105240	105726
105240	105737
105240	105739
15625	15779
131521	131618
76686	76884
76686	76895
113846	113935
113846	113928
113848	113919
113848	113928
71083	72500
71083	72502
71087	73264
71087	74220
24022	24146
24022	24423
24029	24149
142608	142699
142600	142682
30707	30986
30707	31125
7789	7809
7789	7802
7789	7807
7786	7816
147096	147171
154976	155196
147099	147174
33721	34164
40453	40692
40453	40514
40454	40693
40454	40516
122189	122325
122189	122270
122189	122264
122189	122254
122189	122244
14533	14877
14533	14876
79375	79620
106876	108337
17884	18102
143262	143636
143262	143634
143263	144941
143263	144934
61654	62221
61650	62135
61650	62219
153039	153202
35481	36201
23345	23433
82706	83287
82706	85070
155201	155955
32289	32732
82563	83113
82565	83415
82565	82761
82567	82774
10822	11182
10822	12212
10822	12211
100821	101331
10821	11182
10821	12212
10821	12211
7816	8943
7817	8943
101080	101300
101080	101320
161601	161785
117373	117586
42680	42997
23207	23364
124875	125080
26270	26555
21264	22755
21267	23189
4974	5180
3275	3422
3275	3427
160337	160575
3278	3423
3278	3419
138433	138627
112872	112908
112872	112949
112871	112908
112871	112949
112871	112913
112870	112908
112870	112913
71142	74156
62212	62999
62212	62466
62213	62477
62213	63113
62216	63119
87395	89848
87395	87952
87390	89858
87390	87955
87391	89862
87391	87996
113472	113811
113472	113681
113472	113696
113472	113701
113473	113556
147176	147335
47489	47650
143091	143141
143091	143149
40689	40827
40689	40826
506	608
40682	40827
40682	40725
40682	40727
1213	1278
89848	90912
1211	1274
1215	1272
1218	1235
161172	161392
97818	98323
129599	130100
97813	98400
55475	55974
66117	66359
61813	63594
61813	63672
60848	61371
60846	61372
151224	151478
151223	151281
151223	151279
22773	23225
22772	23165
154496	154707
154490	154702
114707	114890
93014	93358
93015	93361
46426	47313
46429	46606
46429	46977
27937	29140
134695	134814
102689	102832
102689	102859
99376	99485
10782	10799
10782	10798
10782	10801
10782	10793
10781	10798
10781	10799
10781	10796
10781	10793
10781	10801
10781	10803
10780	10804
105226	106070
105226	107515
105226	105297
105226	105293
105226	106008
105225	106070
105225	105297
105225	105293
105225	106008
105222	105383
105222	106070
105222	107515
105221	105383
105221	106070
105221	107515
11921	12174
102024	102854
161788	161837
161783	161826
161781	161824
161785	161828
113860	113939
113860	113928
157568	157746
157562	157678
157562	157665
157561	157663
157561	157675
50238	50400
50236	50407
50236	50398
50233	50292
50233	50277
5345	5630
1026	1330
30727	30969
13782	13836
13782	13837
13782	13830
13782	14028
13782	13838
13782	15259
13782	14051
13783	13807
13783	13810
13783	13811
13781	14030
13781	13810
13786	13830
13786	13809
13786	13810
13786	13811
13787	13807
13784	13830
13784	14028
13784	13809
13784	14051
13784	13810
13788	13837
13788	14897
13788	15033
13788	13838
13788	15024
13788	14533
13788	14583
23365	23407
23364	23405
82761	83095
65807	66045
65807	66001
65807	66003
65807	65983
65807	66025
65807	65991
65807	66038
65807	66029
82588	83608
82588	87238
82582	82774
88252	89111
107812	107937
107814	108019
10801	10819
10801	10836
10801	10822
10801	10821
10803	10874
61852	64169
105768	106074
105760	105925
154571	154755
64179	65093
26252	26431
26252	27218
26252	26437
125103	125386
125103	125384
21207	21663
21207	22368
21207	21248
90895	90949
14033	15625
158616	158735
60724	61126
60724	61203
106031	106240
75368	75732
155823	155941
157795	158143
157793	158143
80972	81167
147114	147137
15780	16042
129025	129214
71434	71696
71434	72568
1278	1379
612	1016
612	1214
1272	1430
1274	1388
1274	1425
1275	1413
1275	1382
97833	98406
97834	98309
119063	119229
119129	119231
35380	36493
35380	37044
145847	147119
145847	147159
89860	90186
89862	90021
89866	90022
131282	131380
131282	131381
131280	131763
103871	104133
103872	104127
103877	104136
103876	104131
26401	27032
26401	27037
5031	5081
50925	51207
131577	132063
5696	5973
5696	5971
64183	65081
94803	95005
94803	94991
94803	94973
98372	98737
98372	98739
22790	23278
98370	99118
93034	93418
93032	94172
93038	96088
117497	119007
51755	52228
51977	52277
51380	51982
52403	52685
85233	86301
85232	85989
85238	86301
155560	155820
147222	147422
147222	147423
147222	147445
155562	155819
27318	27544
154217	154259
25229	25366
25222	25366
99135	99376
45719	46332
45719	46326
99131	99445
45715	46614
45715	46611
105207	105576
105209	105254
159826	159904
159820	159905
21542	23023
21542	21665
157548	157602
62805	62873
157546	157578
157547	157601
26794	27350
26794	27351
87956	89009
160109	160337
5366	5569
5365	5566
5365	5574
5365	5567
87952	89025
40499	40964
40499	41190
40492	40966
40492	41192
106836	106913
106836	106891
106835	107511
106835	107517
1018	1212
1018	1099
87274	87426
87274	87350
87274	87344
87274	87494
143112	143156
143112	143436
143112	143440
143113	143479
143113	143440
50960	51083
160573	160683
160575	160798
87344	87925
87344	87911
140001	140110
109173	109228
109173	109214
76861	77491
76861	77459
76861	77488
82747	83075
117008	117497
42538	42679
98748	100352
98748	99149
45374	45598
93991	94171
93990	94982
93990	94508
161643	161735
97297	97525
97297	97517
97297	97530
97297	97532
97291	97693
97291	97695
97293	97448
97293	97329
97293	97447
97293	97327
97298	97526
81218	81657
26232	26429
46362	46790
46362	46426
98309	99181
138218	138341
41846	42642
134240	134507
134240	134499
134241	134695
134243	134507
134243	134499
53127	53579
106014	106215
106014	106231
158678	158782
106010	106221
106013	106132
106013	106228
157155	157407
99301	99396
113124	113317
113122	113246
113122	113230
113122	113190
113120	113229
113120	113243
113121	113201
113121	113190
84794	85068
62709	62996
62705	62996
62705	62964
70859	71477
107763	107812
71100	73261
30821	31427
30821	31436
30821	31177
37107	38199
37104	37891
37103	37896
37103	38214
149408	149452
144447	144774
144447	144898
23175	23345
23175	23401
96339	97241
73357	74210
73357	74194
73356	73555
73356	74194
73356	74210
73352	74204
73352	73547
73352	74212
73351	74205
73351	73544
127906	128162
96026	96083
96029	96094
51738	52266
51738	52222
51227	51287
51227	51302
51227	51340
51227	51326
51225	51286
51225	51307
51225	51328
106229	106430
106228	106493
106223	106365
106221	106484
82267	84253
82267	85069
42701	43014
105267	105380
105267	105375
113827	113973
102061	102409
21563	21735
21569	21804
21568	21926
21568	21806
45730	46323
45730	46325
70995	71100
70990	71094
70991	71129
30105	30308
30105	30230
30105	30812
30104	30727
30104	30319
30101	30727
30101	30739
30101	30319
30101	30812
30100	30304
30100	30812
30100	30308
30100	30739
106810	106977
31417	31970
31417	31963
51503	51745
5770	5925
5770	5942
109488	109612
27650	27869
29140	29777
140028	140160
109620	112779
109620	109951
145470	145849
14146	14215
14146	14430
145479	145819
145479	145818
74192	75730
74193	75296
74194	75359
74194	74568
61090	61178
61090	61192
61090	61163
88214	88486
6614	6749
61098	61161
61899	62254
65732	65939
65735	65939
154535	154686
154535	154694
154530	154670
154533	154683
25497	25611
25497	25619
25497	25631
25493	25611
25493	25596
25493	25604
25493	25620
25493	25632
46618	47793
46619	47382
46615	47782
46612	47792
75713	76635
105674	105778
5176	5313
5176	5345
5176	5328
5176	5356
5174	5344
5174	5355
125140	125337
125140	125344
145393	145542
87337	87908
87337	87916
124311	125012
161401	161468
161402	161470
161404	161475
161406	161478
161407	161480
149792	150072
71472	72410
71472	72577
71472	71688
71477	72404
71477	72409
30841	31791
30845	31691
94991	95787
94996	95126
114909	115946
114908	115980
147488	147596
147484	147790
147483	147792
34160	34946
34162	34943
34162	34929
34162	34780
34164	34946
34164	34932
40513	40760
86173	86276
14437	15120
14437	15256
14437	15118
14432	15255
656	1039
650	1039
37326	37787
13809	14033
13809	14029
13809	14050
13807	13892
13807	14036
160928	161368
160928	161380
160929	161378
160929	161366
160925	161158
151281	151353
160921	161156
160922	161155
79472	79623
79474	79874
79474	80105
79477	80394
51241	51309
51242	51296
51242	51314
130195	131184
161389	161445
161387	161479
161386	161484
27350	27563
27350	28369
161383	161448
161380	161482
161380	161447
99319	100033
99318	100032
142944	142981
142944	143112
142944	143113
142944	143001
142945	143143
142945	142981
142945	143112
142945	143113
97317	98604
107511	108014
107517	108014
107517	107786
107515	107814
105244	105708
105245	105708
105243	105708
105248	105724
105248	106070
105248	107515
105248	105445
105248	105383
105248	106008
75388	75924
21589	22337
21589	22259
21589	21911
21589	21902
21588	21908
21588	21910
21583	21908
21583	21831
21583	21910
21583	22335
21583	21822
21582	21910
17496	17784
17496	17716
17496	17791
17496	17710
724	909
724	1039
724	1035
724	1036
724	1034
724	912
5328	5632
5328	5633
102042	102831
83495	83835
108804	109147
78600	78945
28789	29768
28789	29148
122362	125088
3166	3184
3166	3182
143150	143262
94521	96089
733	1215
23520	23621
66291	66773
25853	26293
144898	144929
161678	161769
129212	129347
129212	129345
87552	87870
87552	88209
15264	15590
15264	15579
15261	15597
119067	119129
119062	119229
119068	119105
105805	108977
105805	106080
105805	108903
31437	31979
31437	32031
35775	36023
35775	36164
25843	26243
25843	26242
25843	26233
100352	101028
52874	53781
24727	25217
24727	25218
24725	25230
65712	65805
65712	65807
65712	65978
65712	65976
65712	65780
156028	157401
156028	156141
61219	61892
155428	155746
157556	157648
157556	157638
75359	75725
21918	22321
21918	22790
21918	23216
75732	75932
75732	76234
46323	46563
21910	22341
21911	22340
46326	46568
46326	46604
46326	46643
46326	46970
46326	46940
41808	42642
101554	102122
101554	102118
52124	52421
105656	106077
97433	97800
97433	98367
97433	98350
97433	98370
113166	113513
113166	114450
36455	37024
36455	37035
80123	80285
122193	122323
122192	122324
70818	71472
87562	87956
87562	89873
147314	147346
147310	147346
147312	147346
147313	147346
30319	30728
30860	30920
30860	30928
30314	30694
30314	30686
95008	95122
158942	159140
142492	142558
21557	22370
21557	21702
83113	83616
5026	5099
5026	5093
