parent	child
73399	73621
73398	73621
73462	73941
73462	73955
132643	132762
132643	132775
61177	62883
117788	118010
135030	135200
98318	99785
113998	114541
113998	114049
270	287
275	320
95794	99074
95794	98784
95791	95973
95791	95981
150600	150649
150600	150690
134611	134825
113319	113968
44792	45024
44792	44908
113316	113924
113316	113933
116123	116439
62884	63223
62881	63213
62880	63269
62880	63152
62883	63220
122337	122543
122337	122908
122337	122530
122337	122519
122337	122521
122337	122913
122337	122905
62888	63224
76622	77314
76623	79143
76626	76951
13054	14132
91061	91408
122388	122913
122388	122908
122388	123193
122388	123194
122386	122913
122386	123194
122386	123193
122386	122908
122386	122530
87105	87767
87107	87762
83619	83722
133527	133600
22959	23307
27610	27789
27610	27782
161618	161892
123382	123509
123382	123646
161610	161682
12833	13049
12833	12903
12833	12873
12833	12871
12833	13183
12832	13049
12832	12873
12832	12879
12832	12871
12832	13183
12834	12875
12834	12863
12834	12871
12834	12867
12834	12879
12834	13049
12834	13183
12834	13162
12839	12875
12839	13154
12839	13158
12839	12863
12839	13162
95941	96198
95941	96184
92269	92929
150381	150464
84900	85135
84900	85129
84900	85140
84902	85201
84902	85619
84902	85206
84903	85604
84903	85202
84903	85204
84903	85199
84903	85619
84903	90210
4737	4824
4737	4984
92085	92839
92085	94917
92085	92822
141330	141522
31908	32608
31908	35130
31908	35124
31908	34663
31908	32921
31909	32608
31909	35130
31909	35124
31909	34663
31909	32921
4725	4780
31905	32608
31905	35130
31905	35124
31905	34663
31905	32921
4720	4779
31903	32119
31903	32008
31903	32125
31903	31994
3749	3780
98105	98321
98105	99289
98107	98732
4621	4638
4622	4968
90812	91109
90812	91062
90816	91059
90815	91061
90815	91108
51103	51249
20885	21971
25542	25878
146319	146435
146318	146433
113148	117732
113148	113961
113144	113983
113144	113905
113144	113843
113144	113862
113144	115063
113144	113462
113144	113882
113144	113536
113144	113654
113144	114957
113144	113469
113144	113481
113144	113652
113144	113482
113144	113577
113144	113895
113144	115372
113144	113690
113144	113889
113144	113877
113144	113878
113144	116036
113144	113516
113144	113474
113144	113520
113144	113885
113144	115064
113144	113886
113144	113496
113144	113888
113144	113479
113145	113438
113145	113330
113145	113437
146311	146426
113147	113209
113147	113961
113147	113749
113147	113998
146317	146436
113141	113433
113141	113428
113141	113426
113141	113437
113142	113433
113142	113437
113142	113438
135203	135284
46301	46730
46305	46734
46307	47270
133754	133854
133754	133844
15871	16003
15871	15984
15871	15982
15871	15989
24142	25545
130998	131101
147995	148946
115019	115357
115019	115480
115010	115231
115011	115497
115011	115361
30620	30947
115015	115374
115015	115336
165016	165206
165016	165162
164999	165044
164998	165181
164998	165029
28429	28716
28429	28720
697	1024
697	1208
695	1015
695	1020
28425	28717
28425	28721
698	1015
699	771
699	773
13840	13980
13840	14063
115276	115440
136320	136401
136322	136366
113577	113989
151977	152165
151975	152161
253	317
253	275
250	270
98593	98744
98593	98767
98590	98733
98591	98734
19321	19558
152997	153900
150620	150653
150620	150644
40009	40747
146309	146933
146309	146938
101663	101673
101663	101674
101663	101748
3682	3735
3681	3753
85679	85864
85679	86091
85679	86217
85679	86027
152199	152344
152668	152761
135412	135563
74686	76068
85670	86105
85670	86223
85670	86217
85670	86036
152661	152757
152194	152289
152667	152758
152667	152777
135419	135578
135419	135572
147859	147934
147859	147933
147850	147894
147857	147934
134093	134496
116103	116287
116101	116288
87291	87451
87290	90179
87290	87460
87290	87474
148610	148950
113889	115023
146105	146302
146102	146297
146102	146310
158478	159107
48059	48272
48059	48287
48059	48526
48059	48289
129431	129770
129432	129862
129432	129772
129436	129772
115480	115996
113312	113695
132492	132643
97916	98332
97916	98311
97916	98333
161638	161898
147874	147919
50476	50744
95963	96083
95963	96027
92530	92714
32008	32310
32008	32313
155462	155609
86241	86355
86245	86360
4745	5133
4745	5930
16001	16326
16001	16301
16001	16300
96433	96746
96434	96746
96746	97579
96746	97628
96746	97595
141862	142802
141862	142772
141863	142028
141867	142772
85440	85679
85440	85753
49154	49644
48784	49698
48784	49401
49156	49696
58212	58311
26837	26958
68637	68969
138304	138391
92839	93646
92839	93086
108470	109656
54032	54204
54032	54199
54032	54201
79723	80505
28402	29000
28402	28798
28402	28695
28406	29002
28404	29002
28404	28694
115079	115258
165132	165174
115985	116101
150820	150942
92182	92230
55788	56058
6750	7047
98609	98775
125870	125932
19047	19244
19244	20354
42788	42910
42780	42911
42780	42909
236	263
236	268
64638	65961
64638	64881
140870	141067
125660	125709
125661	125689
125663	125691
150649	150906
150649	150904
150649	150911
150649	151404
150643	150809
150643	150796
150646	150800
150644	150800
162368	162430
99959	100091
22830	23222
22830	23201
22830	23196
22830	23199
22830	23211
22832	23426
22832	23416
22832	23427
22832	23174
22835	23222
22835	23425
22835	23418
22835	23218
22836	23218
22836	23222
22836	23425
22836	23427
22836	23418
22837	23201
22837	23211
22837	23218
22837	23199
22837	23222
22837	23196
22837	23418
53955	54272
53955	54288
53955	54816
54201	54543
80444	80914
80444	81144
125440	125604
146430	146942
146435	146745
48074	48095
48071	48287
29721	30038
39632	39904
39633	39899
39633	39903
129140	130063
67140	67806
1132	1179
23501	23663
78118	78369
78118	78365
78119	78230
78116	78232
78116	78385
8501	8688
12875	12985
12875	13045
8502	8687
7498	8404
7494	7643
114154	114629
114154	114632
114150	114908
4766	4922
4766	5202
4766	4952
4766	4963
4766	7121
4769	4922
4769	5568
4769	4838
4769	4853
4769	4858
4769	5030
4769	4952
4769	5202
4769	4848
4769	5930
4769	5137
4769	4843
4769	5133
4769	5131
4769	5130
77062	77380
124891	125502
124891	125440
124096	124266
94349	94652
94349	94638
94349	94917
116375	116928
94344	94910
94344	94469
94344	94917
124099	124380
116372	117775
110237	111117
7366	7410
42373	42565
42373	42579
42373	42568
42373	42574
140466	141060
140466	140870
140466	141089
42376	42579
42376	44750
42376	42538
42378	42579
42378	44750
42378	42538
52142	52614
113271	113602
141731	141895
141737	142726
7454	7498
7452	7498
7452	7494
157207	157719
157207	158056
157209	158312
95949	96215
95949	96677
95949	96480
27452	27730
27452	27608
67555	68047
67555	68332
115058	117598
115058	117606
115058	115983
115056	115983
115053	115502
114897	114990
132519	132856
132519	132688
132519	132984
132514	132633
132510	132639
147775	147857
103036	103332
103036	103303
103036	103216
23222	23424
23223	23592
23224	26206
23224	26218
23224	24769
23224	23595
23224	26220
136366	136550
150800	150930
30952	31261
73621	73998
74078	74436
74078	74407
74073	74402
74073	74853
74073	74427
123860	124077
73955	77062
73955	76816
73956	74888
117544	117718
217	245
215	236
211	236
22171	22404
22171	22390
100075	101567
158321	158391
46734	47275
46730	47205
46730	47273
46730	47124
162300	162344
90447	90847
162306	162351
162307	162352
162304	162349
99978	100075
43101	43659
43101	43664
99977	100087
99977	100653
99977	100081
97535	98753
97535	98749
97535	98766
116146	116285
116149	116272
152400	152491
152400	152504
125604	125660
911	948
113516	113987
912	947
912	942
58903	59572
58903	59412
58903	59400
58906	59572
58906	59640
99289	99955
146145	146489
146145	146369
146145	146501
146145	146373
125932	126095
80467	81131
85104	85522
85104	85398
132989	133140
27592	28718
48014	48124
48015	48128
48015	48124
107480	108401
107481	108427
29702	29721
54221	54819
37886	38230
37886	38228
37886	38229
131634	132447
76245	76918
133854	134009
133854	134102
133854	134001
133854	134005
133854	134025
133854	134100
133854	134482
133854	133976
133856	134009
77723	78454
1112	1132
86223	86319
86223	86346
146373	146568
38228	38930
38228	38718
38228	38715
38229	38930
38229	38715
95876	96759
95876	96677
73547	73956
31907	32608
31907	35130
31907	35124
31907	34663
31907	32921
73543	73924
95871	96480
95871	96215
95871	96498
95871	96677
95871	96699
114171	114628
114171	114629
114171	114625
114174	114452
114174	114460
114174	114914
4783	4922
4783	5202
4783	4952
4783	4963
4783	7121
4780	4922
4780	4838
4780	4853
4780	4858
4780	5030
4780	5202
4780	4848
4780	5930
4780	4843
4780	5133
4780	5130
148012	148148
32938	33288
32938	33089
150329	150375
150329	150378
124079	124096
124079	124269
64773	67025
110252	111089
74792	75217
150499	150616
61298	62470
61298	62123
61295	62880
61295	62450
199	245
199	240
196	255
190	203
190	215
190	211
193	205
192	217
192	199
42358	42510
42358	45143
42358	42550
42358	42528
42357	42942
42353	42747
42352	42510
12791	13925
12791	13054
12791	13002
98163	98303
162535	162669
162535	163141
117536	117713
122913	123185
122911	122986
105307	105536
113708	113979
113708	113916
63290	63409
63290	63450
854	923
854	927
855	911
147970	148207
134468	134824
134468	135091
26873	26954
62162	62877
132538	132873
132530	133284
111282	111406
23208	23415
5725	6064
493	542
493	549
493	544
113544	113769
32092	32317
32097	35496
32097	32313
32097	33693
158303	158389
133414	133601
81131	81933
81136	81936
100092	100315
100092	101461
100093	101463
1665	1686
1663	1683
153886	153919
146312	146429
146310	146940
5030	5146
153085	153611
972	1018
972	1309
972	1312
90390	90763
90390	90533
90393	92046
90393	90705
152429	152509
152429	152508
19284	19494
19284	19480
76811	78119
109126	109818
125483	125670
60845	61555
161562	161707
161562	162348
129108	129430
15177	15333
113935	114082
113935	114416
113935	114828
113935	115015
113937	114081
113937	114150
113937	114163
113937	114148
113932	114081
113938	114167
113938	114171
113938	114154
113938	114148
113938	114142
1686	1702
115576	116553
115576	115722
76065	76248
76065	77039
13929	14137
13925	14139
13925	14134
160775	160994
108352	109884
31986	32940
95858	96677
13693	13831
95854	98318
95854	99308
95854	99800
95854	100654
95855	96248
95855	96235
95857	96749
95857	96339
95857	96759
95857	96477
95857	101601
95857	96319
95857	96433
95850	96248
19070	19486
19070	19115
19070	19476
19070	19136
19070	19552
19070	19488
27789	27993
27789	28299
141254	141863
124052	124161
124052	124149
124053	124106
23413	23591
23418	23594
76914	77023
76913	77013
163876	163880
76918	77017
76919	77036
135280	135309
135287	135317
135284	135324
93862	95578
112949	113066
61948	62899
61941	62891
159107	159220
125549	125686
49718	50396
49712	50438
49710	50436
116266	116367
116264	116375
116262	116360
116263	116372
116261	116927
877	1053
877	1312
877	987
877	1370
877	1009
158472	158590
4848	4893
4848	4890
4848	5030
4848	5130
4843	4893
4843	4890
4843	5030
4843	5130
5202	5352
164914	164977
164910	164971
164913	164976
11199	11676
122530	122911
62146	62468
27413	28247
27412	28247
45927	46629
45927	46332
27416	28247
67046	68362
8683	9028
87459	88636
87457	88156
87451	88626
30623	30952
110861	111115
117721	117750
115986	116103
111406	111676
111406	111659
111406	112949
111404	113121
115983	116149
115980	116146
61555	61910
61551	61948
114587	114954
86320	87441
86320	87012
86320	86769
5786	5931
165087	165194
90409	90679
90402	90552
114632	114897
114632	114919
107195	107364
19228	19785
19228	19548
97579	97916
97579	97879
97579	98302
97578	97887
97573	97880
97573	97851
148346	148610
124551	125483
64254	64429
85140	85685
85140	85400
139997	140186
135490	135747
45024	45195
115378	115540
42744	43016
42744	43018
107196	107423
107194	107364
113911	114694
113911	114677
132941	133217
132941	133219
132940	133216
132940	133212
1661	1680
1661	1673
596	697
599	713
599	695
162856	163105
76062	76251
76062	76914
76060	76919
76060	76245
76061	76811
76061	76246
76068	77994
76068	76254
76069	78116
76069	78017
76286	77075
76287	76447
28427	28723
28427	28719
73501	74692
73501	73653
132763	132939
132762	132965
132762	132952
132762	132958
23432	23556
23432	23552
23430	23556
74759	75222
74756	75205
92822	93638
92822	93076
92822	94917
92829	93652
93085	94232
93087	93286
135413	135594
125789	126057
16449	17200
16449	17068
65421	66046
65421	65884
75484	77072
162286	162329
152761	152985
138161	138814
116247	116364
90211	90325
90212	90342
164932	164965
19239	19550
60610	61295
60610	61298
62772	63144
138387	138481
113749	113996
113749	113993
91103	91315
91103	91343
94466	94679
94466	95672
122515	122834
67065	68358
67060	67555
146223	146317
146222	146312
146222	146308
103050	103303
79672	80467
455	603
92108	92530
92450	92619
131000	131097
131003	131101
50131	50534
107220	107463
28957	29691
43702	47322
73248	73314
35411	35500
35411	35468
73241	73751
73242	73753
93415	94210
94191	94290
64264	66929
49037	50669
13153	13307
101812	102184
10122	10284
113683	113988
113683	113936
152398	153941
152398	153892
152399	152490
152399	152486
152399	152510
152399	152513
37021	37886
49692	50434
49692	49710
49696	49718
49695	49718
49694	50437
49694	49712
49694	49750
80912	81150
80912	81116
80917	81136
113974	115733
113976	114694
113976	114677
132965	133218
132965	133336
164890	164957
164891	164896
133217	133325
577	760
133219	133800
24210	25117
24210	25543
3368	3575
3364	3586
91317	91843
91317	92614
91317	92450
91317	92170
156870	156905
132743	132941
93646	94917
74774	75351
140177	140212
163834	163880
23983	24092
76951	79144
115828	116032
73528	73648
73528	76062
73528	73631
73528	73702
73528	73713
73528	73694
358	415
358	401
358	408
113699	113988
113699	113928
42440	42788
69548	71034
153968	154055
153968	154037
153611	153811
152569	153892
152568	153941
152568	153892
4633	4654
4633	4649
152289	152345
138386	139113
138386	138479
46253	46745
46251	46730
125502	125663
42911	43702
42910	43281
158433	158484
134198	135097
134199	135310
134199	135313
62452	62856
62450	62863
113765	114265
113763	114524
113763	114932
113763	115080
122287	122321
122287	122323
122287	124079
122281	124079
122280	122314
122280	122310
122289	122374
87008	88642
163608	163876
68963	69039
70927	73107
70927	73220
70926	73213
29002	31377
29002	29356
29002	29164
78071	78224
108497	109846
108497	109518
44828	45063
91108	91408
94469	95704
159705	159738
114818	115047
114818	115008
150621	150734
150621	150644
151420	151572
3198	3368
3198	3364
3198	3574
3198	3299
3198	3294
86360	86964
86367	87144
19159	19487
19159	19321
19159	19554
3994	4040
73265	73399
94201	94307
94206	94317
94208	94313
114677	115011
114676	115053
51609	51721
101649	102070
69378	69497
69378	69531
69379	69503
25119	25538
130083	130513
152959	153095
80206	80544
80206	80557
135109	135318
135417	135559
163297	163343
63447	64151
137888	138022
137883	138021
137883	138280
137883	138030
100091	100323
163298	163740
142027	142203
37002	38031
37000	37072
138286	138386
138280	138387
138280	138390
141053	141094
62863	63289
113954	114458
113954	114174
113954	114150
113954	114148
85675	86245
113958	114179
3207	3364
3207	3574
3207	3368
45065	45138
558	617
38952	39626
5455	5528
5455	5525
5455	5527
5457	5533
115336	115475
5533	5728
5535	5729
28695	28800
83722	83814
161107	161211
161106	161225
73894	74073
7698	7801
7698	7804
98766	99107
7526	7553
7526	7564
7526	7701
7526	7551
7526	7789
7527	7564
7527	7563
7527	7560
7527	7701
7527	7789
7527	7553
7527	7551
7528	7701
7528	7563
7528	7560
7528	7789
7529	7586
375	1118
375	513
375	455
375	603
376	512
32317	32442
74823	74960
74823	75344
74823	74973
88636	89471
88636	88845
12710	12875
12710	13183
12710	12879
12710	12833
12710	12832
12710	12834
12710	12839
12710	13049
12710	13162
12710	12863
12710	12867
12710	12824
12710	12843
12710	12820
12710	13154
12710	13185
12710	13193
12710	13158
12710	13251
88630	89471
142809	143276
55227	57383
60836	61539
60836	61555
60836	61551
26490	26821
26490	26819
26490	26796
26491	26740
69566	70240
124924	125711
26143	26163
96016	96742
96016	96434
158418	158596
158417	158597
158417	158593
158416	158597
4824	5786
4824	4984
101447	101608
125743	126092
125743	125867
125743	125789
125743	125870
125742	125867
125742	125870
125749	127035
125748	126092
125748	125789
27993	28291
13193	13693
13193	13824
13192	13693
13192	13824
13195	13693
13195	13824
85510	85665
85510	85632
85513	85666
85513	85633
34949	35411
34949	35402
34948	35399
34948	35400
95766	95937
95767	95893
95765	95886
95762	95924
95762	95911
95762	95935
95761	95922
95761	95934
95768	95939
95769	96011
95769	95854
95769	96021
133325	133760
115475	115995
79632	83975
146916	147883
146916	147267
123608	124052
159762	159803
159766	159949
159766	159944
159767	159937
151402	152166
151401	152199
151400	151572
151407	151975
151405	151987
151405	151982
151405	152336
151404	151574
415	1054
415	559
410	559
410	506
410	493
410	507
410	485
410	505
410	501
86345	87283
86346	87290
86347	87140
132461	132524
165024	165164
165024	165160
96319	96696
165022	165155
165022	165158
116439	117537
63973	65995
116921	117544
116921	117477
73282	75468
73282	74734
114694	115019
114696	114856
114690	115052
163972	164125
19286	19477
101634	107132
101634	107088
101632	107132
101632	101821
101632	107088
101632	101911
101632	101812
61531	65891
127035	127229
61539	61896
74107	74701
74105	74852
74104	74860
74103	79139
118009	118460
118009	118466
118004	118243
74109	74758
135162	135298
82889	83008
39904	40012
39903	40748
80481	81169
97599	98759
97599	98762
97599	98473
97599	99309
97599	100087
97599	97772
97599	99809
97599	100653
97599	100654
97599	99977
97598	97862
97593	97908
97593	97872
97595	97890
107463	108505
107463	108476
107463	108507
23425	23592
159954	160018
113426	113757
164501	164606
3222	3364
3222	3574
3222	3368
5479	5531
115317	116052
115317	115991
114997	115230
79282	80353
79282	79947
79281	79702
79281	79739
79281	79694
79280	79939
79280	79715
79280	79949
79284	80570
79284	79960
536	599
536	632
532	698
129091	129432
129091	129435
129090	129440
136001	136174
136001	136103
109884	110237
109884	110222
97862	98107
97862	98342
99107	99810
73876	74903
73876	74888
98982	99820
98982	99127
160999	161030
23498	23660
74731	75269
74731	76289
23497	23664
74734	75493
115008	115228
19348	19491
19348	19493
74840	75332
74840	74975
74840	74960
74840	75090
12731	12804
12731	12791
12731	12847
12733	12804
12733	12791
12733	12847
69503	70137
69503	70536
150741	150820
84847	84979
75468	76287
158596	159208
158593	159208
158590	159684
75464	76274
43024	44558
125720	125852
125720	125749
101463	101591
101466	101582
122715	123089
146064	146102
146068	146159
146068	146156
163179	163846
163179	163323
163179	163842
163179	163611
163179	163834
163179	163608
152292	152331
152290	152329
122825	123220
62766	63973
95749	95817
62761	63457
146938	147087
146937	147900
146937	147930
146933	147522
146933	147537
147089	147258
1018	1096
1015	1164
1015	1208
1015	1073
28717	29304
28717	29843
28716	28960
28716	29304
28247	28965
28247	28486
28719	29130
28719	29124
28718	28957
96339	96704
96339	96696
19113	19348
19113	19284
19115	19350
19115	19286
5706	5870
5706	6193
165004	165072
165004	165066
165005	165016
74692	77572
154037	154107
12691	12804
12691	12791
12691	12847
139113	140229
139113	140211
139113	139973
98738	99290
98735	99128
98732	101367
98733	99301
98733	98969
32125	32310
32125	32336
32128	32310
32128	32313
61806	62460
61806	61976
64120	64260
63409	65130
63409	64036
49638	49718
4984	5927
4984	5928
137902	138161
14063	14294
13251	13693
122455	122723
48582	49156
48582	49146
113996	114505
113996	114540
113993	114051
513	603
512	526
620	704
150904	150971
27729	27892
150906	151080
59362	59581
73902	74774
3878	3965
3878	4043
161000	161031
7564	7658
7564	7698
44801	45065
107429	108512
135083	135277
135086	135287
141249	141351
38974	39442
5931	6050
140265	140372
140263	140466
140263	140471
140262	140465
140268	140464
135559	135812
135559	135925
135559	135816
152504	152565
152504	152568
152504	152571
81928	82094
113290	113927
113290	113924
42758	43011
42758	44098
122844	123219
122844	123129
165044	165132
7368	7410
7368	7406
7368	7399
78230	79259
78232	79252
7362	7394
7362	7454
7363	7394
7363	7454
7367	7394
7367	7454
70410	70691
70410	71033
30178	30538
30170	30620
113877	114686
113877	114690
113878	115035
123462	124064
123462	123912
123462	124088
122290	122342
122290	122379
122290	122348
7791	8320
7797	8326
7797	8202
122293	122350
122293	122379
122294	122387
122294	122356
122297	122473
122297	122561
1035	1180
1035	1109
79368	79631
79368	79529
114526	114844
114524	114745
165066	165148
143276	143391
143276	144098
88862	89477
35496	36353
35497	35908
163938	163972
163938	163973
163939	163969
163939	163991
76816	77060
76816	78015
163932	164339
163932	164431
163932	164459
163932	164469
163932	164455
163933	163969
163931	164339
163931	164431
163931	164459
163931	164469
163931	164455
163935	164339
163935	164459
163935	164431
42565	42805
140380	140665
44311	44792
42568	42724
12675	12710
12675	12719
12675	12716
12674	12713
12674	12716
12674	12722
12674	12708
12676	12704
12676	12714
12676	12720
12670	12731
12673	15177
12673	12708
12673	12716
12673	12722
7803	8326
7803	8202
7805	8322
16301	16443
16300	16443
124382	124924
79961	80492
81029	81159
4963	5354
4963	5196
4963	5365
4962	5165
5694	5874
85666	86106
85666	86109
85746	86033
85746	86220
85746	86097
68062	68645
68064	68647
68069	68637
116037	116060
116036	116185
116034	116264
116033	116266
116033	116065
116031	116263
113602	113788
112883	113124
90712	92085
122472	122626
122473	122620
122473	122626
62775	63208
38715	38920
38718	38924
20036	20271
20035	20270
113462	114587
146568	146834
113469	113986
129760	130091
137793	137888
1208	1225
603	1115
603	1117
39441	39461
39441	39632
114957	116041
114954	116037
117608	117763
117601	117744
34663	35121
86106	86345
86106	86318
86105	86304
86105	86326
35399	35462
35399	35460
7586	8326
7586	8202
7586	7803
7586	7679
95893	96215
95893	96677
95893	96480
61456	65891
151258	151401
151258	151371
151253	151367
75429	77721
75424	76152
75424	77307
116552	117536
96004	96083
96004	96034
74888	74919
74888	74904
74888	74911
96014	96425
125852	125889
74089	74399
74089	74423
140246	140299
140245	140298
140244	140277
140244	140298
140243	140280
140243	140278
124457	125477
45167	46317
45167	46053
80504	80907
80504	81029
134009	134486
134009	134481
90363	90701
90363	93648
90363	93046
90369	90450
134005	134483
7347	7372
7344	7363
7343	7362
7343	7367
10024	10077
0	73546
0	73547
0	73544
0	117792
0	61456
0	735
0	15869
0	84870
0	31899
0	84871
0	84917
0	88218
0	164683
0	73545
0	84913
0	3088
0	27731
0	101644
0	101645
0	101646
0	84873
0	101640
0	101641
0	101642
0	84918
0	60605
0	60606
0	60601
0	95749
0	15868
0	104242
0	161056
0	31892
0	148010
0	163922
0	163925
0	163924
0	73528
0	90723
0	90722
0	150329
0	811
0	31913
0	61177
0	79275
0	73265
0	73462
0	26839
0	19272
0	142814
0	142815
0	48067
0	107198
0	96003
0	107196
0	107194
0	107195
0	73349
0	84861
0	84860
0	1704
0	161979
0	82997
0	84864
0	27402
0	161207
0	84869
0	84868
0	79312
0	27404
0	161201
0	133414
0	161227
0	135351
0	96004
0	1668
0	117897
0	1665
0	1664
0	1663
0	1662
0	1661
0	101649
0	129789
0	160998
0	195
0	84940
0	196
0	191
0	190
0	193
0	192
0	150474
0	150477
0	79297
0	54032
0	162856
0	162632
0	113154
0	150479
0	150478
0	23498
0	74129
0	48044
0	101647
0	60630
0	42358
0	42357
0	153894
0	42353
0	42352
0	42350
0	27305
0	157353
0	140247
0	140246
0	140245
0	101643
0	140243
0	135360
0	125734
0	61146
0	159768
0	95791
0	27713
0	122295
0	79334
0	27714
0	27715
0	79333
0	15979
0	12841
0	158400
0	31916
0	142943
0	161654
0	113173
0	80504
0	113174
0	90389
0	90388
0	163138
0	145875
0	90380
0	3092
0	79347
0	3090
0	3091
0	23149
0	23145
0	163180
0	79348
0	84892
0	90364
0	148011
0	84896
0	90363
0	84895
0	23486
0	92091
0	84898
0	84899
0	90369
0	95837
0	73499
0	7347
0	7344
0	7342
0	7343
0	79321
0	137883
0	161038
0	137885
0	145403
0	854
0	63954
0	19113
0	19115
0	155435
0	60610
0	147970
0	165004
0	37002
0	37001
0	37000
0	16297
0	101566
0	80478
0	15999
0	131498
0	54816
0	48027
0	84930
0	85601
0	22862
0	15864
0	15867
0	140262
0	37030
0	15862
0	88210
0	62884
0	129058
0	74759
0	62766
0	129057
0	31893
0	95775
0	95774
0	95776
0	95771
0	95770
0	95773
0	37707
0	80474
0	93062
0	164483
0	164429
0	163611
0	164502
0	164484
0	147916
0	164488
0	165091
0	156959
0	153886
0	23185
0	159808
0	156951
0	156952
0	156953
0	79325
0	4619
0	4618
0	73337
0	73336
0	158433
0	159780
0	150435
0	4617
0	26211
0	1054
0	27476
0	12691
0	62162
0	159784
0	135341
0	62167
0	155454
0	1692
0	68356
0	150354
0	137862
0	137902
0	19239
0	27345
0	30159
0	27347
0	27346
0	79280
0	79782
0	21972
0	21973
0	19047
0	132530
0	62103
0	158431
0	117732
0	158478
0	122282
0	162368
0	162369
0	140272
0	125719
0	162285
0	79300
0	79301
0	79306
0	79307
0	117790
0	79305
0	31910
0	155469
0	45580
0	23208
0	77575
0	61694
0	160518
0	165048
0	15871
0	107257
0	107259
0	107258
0	22832
0	158472
0	118430
0	158459
0	22837
0	161107
0	161106
0	122281
0	68352
0	160765
0	160762
0	161108
0	53953
0	13163
0	135327
0	163169
0	163168
0	152347
0	152346
0	152349
0	152348
0	94681
0	135329
0	7373
0	153981
0	31908
0	155462
0	163104
0	31912
0	73472
0	73471
0	31911
0	84900
0	164936
0	84902
0	84903
0	164932
0	126780
0	145418
0	101653
0	84867
0	101651
0	101650
0	101656
0	101655
0	101654
0	37054
0	19060
0	84865
0	164441
0	164440
0	22845
0	22847
0	12669
0	22840
0	62147
0	161206
0	73351
0	165192
0	113161
0	44750
0	163306
0	67098
0	113147
0	73275
0	73276
0	73277
0	67091
0	162433
0	67093
0	67092
0	162431
0	67096
0	162480
0	31885
0	129060
0	129061
0	107189
0	107188
0	27431
0	31884
0	48074
0	48075
0	142809
0	27405
0	107181
0	107180
0	107183
0	67065
0	23809
0	31886
0	67060
0	31909
0	101628
0	101629
0	67147
0	84875
0	117793
0	67143
0	67142
0	84872
0	67140
0	1653
0	48015
0	1657
0	1654
0	1655
0	16326
0	161986
0	132578
0	132579
0	122288
0	154365
0	4620
0	4621
0	4622
0	54020
0	28413
0	113163
0	161220
0	31882
0	113149
0	42348
0	42349
0	26143
0	161209
0	27506
0	152370
0	62118
0	135291
0	73282
0	113144
0	27352
0	512
0	163179
0	79676
0	20885
0	79672
0	12871
0	95781
0	95782
0	95783
0	95784
0	95785
0	12879
0	113141
0	79310
0	158418
0	73334
0	113142
0	27729
0	161222
0	113143
0	158417
0	158416
0	22846
0	163123
0	113148
0	159723
0	22830
0	101447
0	90390
0	113145
0	79946
0	90393
0	125745
0	26748
0	24099
0	79372
0	125744
0	79377
0	125742
0	125741
0	125740
0	125743
0	188
0	3086
0	162435
0	79274
0	125748
0	90377
0	90375
0	85604
0	45828
0	165087
0	163938
0	90378
0	90379
0	101658
0	163939
0	165013
0	147844
0	147846
0	161000
0	161001
0	147842
0	161003
0	132597
0	132594
0	19101
0	132592
0	132593
0	132459
0	165159
0	107220
0	155662
0	95754
0	79296
0	22960
0	163932
0	137768
0	140244
0	145405
0	61305
0	3082
0	117900
0	117901
0	73401
0	19080
0	19087
0	884
0	48038
0	162286
0	15872
0	113165
0	78387
0	84927
0	101662
0	101663
0	24097
0	43312
0	101665
0	23425
0	73339
0	163935
0	23159
0	95766
0	95767
0	95764
0	95765
0	95762
0	95763
0	161095
0	95761
0	163947
0	163946
0	163945
0	163944
0	163943
0	73522
0	95768
0	163940
0	23338
0	37068
0	104530
0	37064
0	37067
0	113329
0	159695
0	147995
0	19256
0	31915
0	63956
0	159792
0	60579
0	60578
0	150335
0	82689
0	19070
0	19259
0	107175
0	62155
0	48041
0	48042
0	73241
0	26814
0	73242
0	79723
0	53988
0	84847
0	67117
0	31986
0	12687
0	142833
0	23107
0	132461
0	158337
0	142834
0	54272
0	153896
0	67059
0	67058
0	67055
0	67054
0	67057
0	164999
0	164998
0	67053
0	67052
0	113169
0	53169
0	162382
0	153892
0	162380
0	143021
0	162386
0	153893
0	15519
0	7366
0	31889
0	79357
0	16001
0	42371
0	42373
0	42372
0	42375
0	42374
0	162371
0	42376
0	159762
0	42378
0	7368
0	159766
0	159767
0	140265
0	140264
0	140266
0	156943
0	156942
0	140263
0	156940
0	15997
0	54003
0	140268
0	15993
0	135344
0	135345
0	135340
0	90409
0	151087
0	129888
0	135349
0	107303
0	46305
0	107300
0	162304
0	153961
0	158428
0	158429
0	37021
0	60594
0	60597
0	60596
0	60591
0	60590
0	60593
0	60592
0	160775
0	160774
0	95972
0	84928
0	52142
0	139308
0	165163
0	135339
0	142838
0	129887
0	48504
0	61129
0	22871
0	19476
0	310
0	61127
0	61126
0	129108
0	46307
0	161055
0	161054
0	164946
0	164947
0	164945
0	31903
0	164433
0	164430
0	19071
0	164436
0	164437
0	37026
0	165005
0	19078
0	165025
0	7365
0	95724
0	22835
0	165189
0	22836
0	48059
0	165185
0	165184
0	62161
0	159691
0	30178
0	110274
0	67139
0	161099
0	122298
0	23416
0	23413
0	122290
0	122291
0	22414
0	122293
0	122294
0	23418
0	122296
0	31923
0	161229
0	163975
0	101639
0	101638
0	27399
0	101635
0	161221
0	157209
0	101636
0	101631
0	101630
0	101633
0	101632
0	164890
0	61531
0	13152
0	43775
0	79298
0	61536
0	163207
0	16018
0	107289
0	12676
0	113961
0	150600
0	79368
0	23113
0	577
0	12670
0	74107
0	155455
0	23108
0	54017
0	118004
0	25789
0	54018
0	73543
0	122292
0	74109
0	135162
0	163297
0	27452
0	27516
0	27517
0	90411
0	90410
0	67129
0	137789
0	7338
0	506
0	507
0	73536
0	122297
0	15880
0	16004
0	152991
0	152992
0	134399
0	53955
0	101627
0	152997
0	20899
0	53954
0	129067
0	59354
0	15870
0	156883
0	132514
0	27733
0	107346
0	132510
0	153911
0	113159
0	53958
0	73248
0	113153
0	113152
0	113151
0	163117
0	113156
0	113155
0	132953
0	125733
0	125736
0	125737
0	164636
0	101634
0	90488
0	125738
0	125739
0	101637
0	79364
0	10006
0	10007
0	101664
0	162607
0	155451
0	10008
0	107237
0	107236
0	107233
0	13183
0	95794
0	23223
0	147850
0	13188
0	23224
0	132584
0	22959
0	23427
0	132580
0	132583
0	132582
0	162385
0	19136
0	79344
0	79299
0	162307
0	79345
0	42921
0	57395
0	95779
0	162300
0	152283
0	159951
0	31917
0	95786
0	61462
0	159954
0	155610
0	22164
0	117791
0	118189
0	118188
0	140177
0	95778
0	24142
0	118182
0	95753
0	164503
0	164500
0	164501
0	95760
0	95755
0	164505
0	132637
0	163933
0	132635
0	163931
0	163936
0	163937
0	164913
0	132630
0	150332
0	150330
0	150331
0	107211
0	90210
0	57960
0	147986
0	73250
0	161098
0	219
0	161210
0	62146
0	101652
0	122280
0	31919
0	95769
0	73251
0	31924
0	31925
0	31922
0	84894
0	12675
0	12674
0	27413
0	27412
0	142824
0	12673
0	27416
0	133137
0	67048
0	132959
0	67046
0	153964
0	153965
0	284
0	132951
0	19061
0	73501
0	159778
0	73549
0	132492
0	47573
0	79322
0	162299
0	108442
0	16301
0	13153
0	31907
0	60613
0	42362
0	42363
0	42360
0	90447
0	42367
0	42365
0	79328
0	79282
0	42369
0	74098
0	159777
0	95980
0	140251
0	73274
0	142599
0	129341
0	109864
0	163298
0	159773
0	129091
0	117797
0	107503
0	159772
0	162481
0	135350
0	67412
0	135358
0	144296
0	159774
0	165101
0	158430
0	107370
0	31918
0	158434
0	31905
0	153263
0	79284
0	54019
0	113162
0	80040
0	113160
0	80042
0	113166
0	79961
0	161213
0	55227
0	113168
0	95963
0	152369
0	152368
0	19698
0	49297
0	25807
0	79358
0	912
0	160999
0	132769
0	84883
0	20533
0	84884
0	13251
0	165009
0	84889
0	153941
0	23497
0	101626
0	79346
0	147864
0	93099
0	48045
0	164423
0	164422
0	165039
0	155436
0	162279
0	147945
0	147944
0	19043
0	7375
0	147942
0	31900
0	113164
0	48082
0	129090
0	165015
0	48062
0	54820
0	79373
0	122287
0	155468
0	122284
0	22829
0	16138
0	135354
0	147974
0	155463
0	117851
0	162306
0	122289
0	87922
0	88204
0	118170
0	31888
0	62775
0	42520
0	42521
0	31887
0	12733
0	31881
0	31880
0	48014
0	42527
0	107480
0	107481
0	101625
0	101601
0	22859
0	153968
0	22822
0	13049
0	165082
0	132946
0	107291
0	54221
0	164492
0	164493
0	27327
0	163608
0	753
0	96759
0	95772
0	60559
0	60558
0	156960
0	156963
0	152313
0	74110
0	13193
0	142839
0	228
0	12974
0	12975
0	53987
0	140215
0	122278
0	122279
0	142855
0	27440
0	90402
0	90405
0	96504
0	164677
0	137793
0	156644
0	73340
0	93396
0	117788
0	21965
0	152988
0	13185
0	42387
0	42380
0	54021
0	42383
0	79688
0	132508
0	137773
0	132504
0	132507
0	132506
0	163109
0	159704
0	159705
0	152353
0	163107
0	162432
0	48071
0	79319
0	125720
0	162290
0	125726
0	164178
0	79314
0	23215
0	117842
0	90358
0	90359
0	107477
0	107476
0	163083
0	152355
0	90350
0	90352
0	107243
0	165072
0	118428
0	165076
0	157009
0	22824
0	23190
0	145426
0	145427
0	55139
0	16300
0	88211
0	129140
0	61303
0	153980
0	23594
0	156870
0	84874
0	152350
0	152356
0	3089
0	137770
0	152292
0	79281
0	152290
0	145420
0	145422
0	145423
9028	9039
164483	164914
164484	164910
156959	157071
156959	157351
742	903
742	877
742	962
742	972
83350	83542
83353	83552
159780	160113
159780	160108
159784	160115
5354	5482
5352	5479
5350	5482
158871	159433
158871	159756
30159	30623
30159	30538
77301	79145
77301	77452
77305	77453
77307	79142
77307	77452
147537	147775
122310	122548
3118	3131
3118	3139
111117	111369
79300	79465
79301	79465
79307	79762
79307	79757
114541	115276
114540	115734
114540	115278
23591	23696
23592	23693
23594	23693
23594	23697
23594	23695
23595	23693
89460	90216
103303	103561
103303	103580
130806	130962
130806	131000
130804	130998
130804	130927
130804	131003
130802	130814
130802	130962
101652	101711
74436	74851
96485	96701
96480	96672
98770	99789
98779	101564
98779	99789
98779	101578
98779	101579
16326	16443
16326	16449
96738	97573
96738	97622
96738	97601
26220	26490
135277	135307
75212	75429
75217	75418
75218	75418
79949	80563
79946	80499
162430	162584
162430	162581
90554	90759
90554	90752
90554	90815
162433	162624
90552	90746
90552	90816
90552	90755
99820	100654
99820	99943
68047	68644
122670	122878
116057	116373
90553	90812
146369	146571
134496	135083
134496	134822
146501	146916
113481	114963
113481	116033
113482	113992
350	404
350	397
164125	164288
164126	164289
15519	15603
115080	115260
39461	39633
29691	29715
114976	115913
107303	108350
107300	108352
133942	134045
61129	62761
61129	62763
116052	116242
61127	62734
61126	62747
61126	62153
160976	161034
160971	161028
114283	114504
165189	165215
165181	165222
165183	165209
165185	165212
165184	165225
75918	76164
92930	93042
93042	93651
93046	94226
96038	96554
116284	117764
130145	130269
25789	26138
27327	27407
12845	13154
12845	13003
12845	13158
135043	135203
69121	69497
69121	69575
69121	69531
134399	135274
64406	65125
64406	64449
45143	45941
45143	47925
94226	94648
94226	94641
94226	94348
153965	154054
153965	154037
163113	163144
97612	101564
97612	98302
97612	97905
97612	101578
97612	101579
97619	97857
44906	45129
10006	10078
10006	10024
99128	99298
99128	99817
10008	10048
10008	10078
10008	10051
10008	10039
10008	10035
10008	10024
10008	10037
133800	133942
134025	134198
157087	157207
760	847
79141	79267
68985	69121
68985	69378
68985	69223
160115	160429
160115	160341
13003	13932
13002	14132
164606	164626
79321	79772
27527	28430
76584	76635
76584	77305
27528	28425
27528	27735
111130	111363
25807	26138
25807	26208
28800	28991
95911	96145
135354	135417
135354	135406
135354	135412
135354	135413
135354	135409
135354	135421
135354	135519
135354	135517
42520	42744
42521	42748
42527	42743
98759	99088
98753	99084
92053	93063
92053	93075
104538	105069
104538	105533
104538	105277
104536	104677
104536	105307
26206	26818
26201	26489
77721	79137
26208	26491
75514	76272
42387	42579
42380	42579
42380	44750
42380	42538
87922	88221
87922	88212
3736	3775
79922	80206
79922	80224
79922	80568
43659	44143
99809	99981
43651	44140
99800	99970
5165	5455
160341	160432
160342	160424
116077	116915
102240	103036
102240	103050
102240	103087
90755	91059
90755	91103
90759	90949
90759	91061
90759	91108
90759	91204
140298	141229
140298	141731
140298	140380
140298	141729
140298	141737
57383	58196
57383	58212
57383	58206
62734	64138
48526	50131
48523	49154
48523	48582
39899	40009
39899	40007
161436	162333
161436	161564
29327	29681
76442	76634
76442	77723
123219	123476
123219	123479
114911	115060
114915	115004
114919	115056
122323	122553
122323	122825
122323	122515
122323	122844
107364	108694
10428	10517
145875	146581
3091	3102
23149	23340
23145	23520
23145	23501
84892	85604
84892	85619
84892	90210
84896	85104
84895	86237
84895	85104
84898	85136
84898	85201
84898	85112
84898	85206
84899	85199
84899	85202
84899	85204
84899	85134
84899	90210
84899	85110
73694	74730
96235	96690
79465	79835
156943	157347
156943	157087
73340	73877
73340	73883
73349	74589
73349	74108
61146	62772
124149	124457
85201	85435
85202	85635
85204	85647
85206	85675
98325	98563
98325	98616
27345	28427
27345	27592
82271	83353
27347	27589
27347	27528
27346	27592
124366	124551
10063	10149
10063	10428
10063	10517
10063	11040
10066	10149
10066	10428
10066	10517
10066	11040
63016	63450
63016	63409
63016	63487
122282	122323
122282	124079
45129	46471
45128	45628
45128	45927
45128	46471
10284	11199
10284	11197
123915	124087
152169	152285
152169	152337
152161	152340
152165	152285
152166	152264
164440	164476
22847	23337
704	1021
704	962
160130	160320
164626	164891
76618	77715
28798	28998
27506	30170
122350	122465
122350	122455
122350	122504
122350	122462
122357	122913
122357	122905
122357	122908
122357	123194
122357	123193
122356	122493
122356	122455
122356	122504
122356	122507
122356	122496
122356	122465
122356	122462
23556	23989
23331	23512
23337	23487
23338	23503
123001	123161
123001	123199
95939	96534
95938	96211
95931	96533
95931	96485
7406	7440
7406	7444
7406	7447
95937	96222
95937	96491
95937	96268
95935	96527
95935	96148
95934	96209
95934	96497
95934	96110
95934	96123
19080	19159
92073	92930
92073	92269
92073	94201
92073	94917
92070	93650
92070	93641
60971	61355
60970	61357
155436	155799
150405	151270
155435	155573
19550	19901
82689	82981
31933	32145
4718	4774
31938	32137
141094	141327
4908	5182
4908	5568
4908	5190
4908	5193
4908	5141
4908	5692
4908	5210
162478	162548
162479	162544
162479	163113
162474	162535
162470	162534
63954	64746
101567	101594
104041	104221
122986	123501
5141	5692
5141	5568
63487	65130
63487	63803
152370	152388
152370	152399
48504	49037
48504	50630
45828	47924
20502	21054
133762	133856
133760	133808
75090	75452
80353	80513
15880	15970
63224	63390
63223	63410
97880	98738
97880	98161
76422	76621
111075	111282
76427	76623
7658	7791
7658	7805
114932	115079
114932	115076
115228	115533
115228	115368
115226	116284
115226	116809
115224	115378
115224	115360
115220	116283
115220	115562
115220	115985
115220	116809
113538	113769
107346	108133
28302	28395
160429	160557
165148	165169
103082	103312
148144	148948
132639	132763
132637	132743
132633	132762
132630	132759
65130	65288
65130	66932
96749	97593
96749	97578
96749	97627
124161	124457
124161	124366
124161	124891
64665	64895
64665	65890
148207	148454
98303	98609
98303	98616
98302	101564
98302	98779
98302	98618
98302	101578
98302	101579
116287	117715
99301	99966
99301	99781
99301	100090
19940	20036
74399	74840
74399	74823
10048	10428
10048	10517
10048	11040
107503	108133
987	1647
152490	152533
152490	152569
152490	152537
153814	153887
153811	153908
125432	125579
113303	113901
147864	147902
135914	136322
164423	164464
116135	116349
116135	116439
116135	116921
108706	109012
23196	24099
155573	155800
13049	13201
13045	13202
13045	13200
3179	3198
122374	122562
122374	122786
122374	122432
122374	122554
122379	122913
122379	123193
122379	123194
3172	3207
3172	3215
3172	3217
3172	3222
3174	3214
3174	3217
3176	3210
20242	20506
20246	20417
129440	129862
85685	86241
76094	76709
161601	161633
161601	161687
161605	161639
31224	31366
12804	13054
12804	13002
69246	69566
8559	8683
95953	96341
95953	96455
95957	96088
50396	50465
145423	145589
145423	145587
145423	146064
145423	145888
84918	88232
84918	86879
107882	108400
31917	32092
31917	32132
31917	32097
31917	32008
31917	32100
31917	32128
31917	32118
31917	32119
31915	32125
31915	32093
31915	32008
31915	32129
31915	32119
31915	31994
86217	86319
86217	86346
31918	35497
31918	34949
86964	87916
3775	3878
3775	3968
4655	4759
4655	4725
4655	4771
4655	4720
4655	4745
4655	4777
4655	4772
4655	4766
4655	4769
4655	4783
4654	4737
4654	4745
4657	4759
4657	4737
4657	4725
4657	4745
4657	4772
4651	4737
4651	4745
4653	4726
4653	4718
4653	4700
90539	90808
90539	90814
90825	90918
90822	94437
122611	122785
113173	113538
113173	113749
113173	113998
113174	113186
146302	146424
6050	6356
6050	6207
135747	136001
46311	46730
85435	85670
85435	85754
10007	10078
10007	10024
15869	15984
15869	15982
15869	15989
15864	15970
15864	16003
15864	15989
15864	15968
15864	15984
15864	15982
15867	15984
15867	15982
15867	15989
129058	130083
129058	129334
129057	130083
63208	63444
116065	116259
116063	116261
115023	115373
7679	8202
68352	68992
147522	147742
88156	88326
108133	109224
76152	77718
109846	110218
79715	79922
687	771
13831	14055
165164	165229
165163	165201
165162	165168
114265	114526
165169	165217
73472	73941
73471	73631
158098	158338
158094	158356
74000	74863
117790	118009
99981	100092
245	262
117537	117730
243	263
243	268
98583	98724
124106	124877
95781	95949
95781	95889
95781	95871
95782	95876
95782	95953
95782	95860
95783	95939
95784	95931
95784	95938
95785	95941
95786	95946
150613	150714
140278	140375
150619	150741
150619	150735
150619	150646
150619	150738
150618	150643
150618	150741
150618	150814
85604	86152
152614	152670
85601	86914
152610	152668
160248	160424
147844	147910
147846	147891
58206	58346
58206	58316
113890	115015
113890	115016
48044	48337
122396	122786
122396	122432
115497	116004
27608	31224
27608	27852
78129	78369
78129	78365
163999	164128
163991	164111
12824	12875
12824	12863
12824	12873
12824	12871
12824	12867
12824	12879
12824	13049
12824	13183
12824	13162
12820	12875
12820	12863
12820	12867
12820	12879
12820	13158
12820	13049
12820	13183
12820	13162
7440	7564
7440	7701
7440	7551
7440	8202
7440	7526
7440	7527
7440	7788
7440	7789
7440	7553
7440	7528
7440	7529
7440	7531
7440	7797
7447	7564
7447	7701
7447	7551
7447	7526
7447	7527
7447	7789
7447	7553
7447	7528
7447	7529
7447	7531
7446	7564
7446	7701
7446	7551
7446	7526
7446	7527
7446	7789
7446	7553
7446	7528
7446	7529
7446	7531
92255	93045
95973	96720
95973	96728
95973	96709
95973	96708
95973	96718
95972	96720
95972	96708
151398	151977
151398	151981
150377	150454
151574	151737
75526	76624
75526	75888
75528	75865
75528	77307
389	505
389	559
389	506
389	493
389	507
389	485
389	512
389	501
4759	4922
4759	5568
4759	4838
4759	4853
4759	4858
4759	5030
4759	5202
4759	4848
4759	5930
4759	5137
4759	4843
4759	5133
4759	5131
4759	5130
114457	114915
114457	114627
79143	79253
5874	6194
16018	16325
160113	160250
94317	94466
94313	94471
3750	3781
98111	98336
98111	98742
4638	4653
93342	93862
20894	22413
20899	21978
141857	142027
60792	60970
113159	113953
113159	113303
113159	113708
113159	113954
113159	116036
113159	113312
113159	113474
113159	113462
113159	113937
113159	113932
113159	113481
113159	113479
113153	113953
113153	113941
113153	113708
113153	113954
113153	113303
113153	113312
113153	113290
113153	113285
113153	113316
113153	113937
113153	113932
113153	113938
113152	113953
113152	113941
113152	113708
113152	113954
113152	113303
113152	113312
113152	113290
113152	113285
113152	113937
113152	113932
113151	113957
113151	113966
113151	113963
113156	113944
113156	113271
113156	113983
113156	113907
113156	113909
113156	113683
113156	113682
113156	113462
113156	113890
113156	113891
113156	113897
113156	113899
113156	113481
113156	113935
113156	113691
113156	113699
113156	116036
113156	113474
113156	113496
113156	113641
113156	113479
113155	113944
113155	113909
113155	113271
113155	113983
113155	113935
113155	113691
113155	113890
113155	113891
113155	113897
113155	113907
113155	113496
113155	113699
113155	113641
113155	113899
113155	113683
113155	113682
113154	113944
113154	113891
113154	113271
113154	113983
113154	113905
113154	113907
113154	113909
113154	113683
113154	113682
113154	113882
113154	113862
113154	113462
113154	113890
113154	113897
113154	113536
113154	113654
113154	113469
113154	113899
113154	113481
113154	113652
113154	113482
113154	113889
113154	113577
113154	113895
113154	115372
113154	113935
113154	113691
113154	113877
113154	113878
113154	113699
113154	113690
113154	116036
113154	113516
113154	113474
113154	113520
113154	113885
113154	113886
113154	113496
113154	113888
113154	113641
113154	113479
6195	6363
140450	141069
31945	33083
31945	32137
31945	32938
20094	20239
20094	21165
20094	21340
152265	152343
14139	14362
67564	68991
67564	68062
67560	68069
67560	68054
26821	26968
157720	158094
157720	157825
28430	28722
115006	116809
115006	116281
115006	115220
115006	116810
115006	115980
115009	115224
79734	79787
145587	146117
145589	146115
145589	146068
165102	165203
55139	59362
94348	94648
94348	94641
137884	138027
94342	94453
94342	94681
87916	88437
151987	152194
151982	152186
151981	152169
131097	131643
98618	98770
107291	108340
98744	98982
228	253
228	284
228	277
19901	20028
19901	20030
19904	20035
86393	87283
81169	81947
125659	125712
152988	153883
152984	153085
152981	153087
124384	124926
124384	125708
163083	163127
135409	135594
125477	125661
85665	86087
22829	23201
22829	23211
22829	22926
22829	23199
22829	23093
22829	23196
22829	23192
22824	22926
22824	23192
164683	164928
87283	87445
87285	87459
133331	133762
152186	152265
133336	133569
133336	133754
146115	146941
146115	146398
146115	146309
146117	146309
23177	23432
23177	23346
5182	5568
5182	5830
5182	5589
5182	5690
5182	6637
87132	87285
48067	48272
39626	39732
59572	59825
97905	98333
59575	59826
97908	98316
29130	29702
45063	45167
45063	45627
45063	45127
109656	109800
12843	12875
12843	13154
12843	13158
12843	12863
12843	13003
12843	13162
12841	13153
12841	13152
12841	13163
12841	13188
12847	13054
12847	13002
12844	13154
12844	13003
35903	36366
44908	45128
133808	134011
35908	36378
50468	50748
50469	50744
24281	24984
150354	150392
4777	4922
4777	5202
4777	4952
4777	4963
4777	7121
4774	4856
4775	4856
4772	4922
4772	5568
4772	4838
4772	4853
4772	4858
4772	5030
4772	5202
4772	4848
4772	5930
4772	5137
4772	4843
4772	5133
4772	5131
4772	5130
4771	4952
4771	4922
4771	5202
4779	4922
4779	4838
4779	4853
4779	4858
4779	5030
4779	5202
4779	4848
4779	5930
4779	4952
4779	4843
4779	5133
4779	5130
96427	96741
104242	104545
104242	104525
104241	104538
104241	104536
116349	116552
4618	4655
4618	4963
4618	4683
4618	4956
4618	6750
4618	4962
4618	4633
4618	4657
4618	5202
4618	4651
4618	4652
4618	4952
4618	7121
110222	111096
110222	111130
110222	110861
4617	4655
4617	4963
4617	4683
4617	4956
4617	6750
4617	5202
4617	4962
4617	4633
4617	4632
4617	4657
4617	4630
4617	4651
4617	4652
4617	4952
4617	7121
23939	24281
155455	155505
124240	124379
124240	124893
162550	163119
140471	140577
152860	153926
115332	116031
141872	142772
24115	24416
67091	67616
67091	67614
132873	133160
68645	68996
68645	68985
68647	68978
31881	31945
31881	31933
31881	31938
69562	70238
54020	54196
62118	62888
115063	116041
115062	115317
115065	115332
115065	115324
115064	115329
115064	115325
28694	28987
50850	51609
114081	114902
114082	114468
30947	31259
155662	155942
109224	110739
203	236
203	243
205	240
96672	97598
96677	98105
96677	97613
19259	19506
119768	119931
119762	122111
119762	119929
81144	81928
85398	85712
150653	150912
146429	146745
146429	146783
94290	94459
90450	90704
99943	100654
99941	100277
135421	135559
135421	135572
68122	68963
68123	68963
141348	141862
141348	141872
141348	141867
13313	14057
13313	13929
125670	125699
927	948
85136	85440
85134	85510
85135	85746
146424	146924
146426	146937
27589	28429
27852	28019
27852	28001
27852	28302
27852	28016
163207	163611
163207	163608
163207	163834
12863	13187
12863	13181
131643	132448
131643	132449
115540	116118
12867	12985
12867	13045
76251	76913
79567	83975
1109	1175
38230	38715
95860	96677
114416	114824
114415	114658
114142	114621
114148	114453
114148	114427
5830	6263
132739	132972
150330	150381
150330	150385
150331	150377
150331	150374
150335	150405
150335	150385
32921	34669
124081	124087
124080	124237
124080	124268
124087	124265
124088	124240
116364	116913
90847	92053
90847	92080
163846	163894
124269	124384
124268	124382
124266	124921
124265	124908
42367	42436
42365	42436
42369	42921
80604	80624
80604	80620
162527	163126
122908	123182
122905	123209
123501	124099
75126	75514
75126	75526
75126	75414
846	924
48483	48801
48483	48794
48483	48796
147945	148252
147944	148144
147944	148138
147942	148012
134102	134478
134100	134468
141729	142737
159684	159718
44554	44828
44558	44908
160015	160470
160015	160679
160018	160471
132856	132989
96527	96650
108400	109836
108400	109518
108400	109846
27446	27610
48497	48801
48497	49405
48497	48796
155942	155983
91408	92614
91408	91843
79777	82464
79777	82697
67558	68064
67558	68049
79772	83004
79772	82897
79772	83627
115734	117608
115733	116562
12714	12875
12714	12812
12714	12879
12714	12833
12714	12832
12714	12834
12714	12839
12714	13049
12714	13162
12714	12863
12714	12867
12714	12824
12714	12843
12714	12820
12714	13154
12714	13183
12714	13185
12714	13193
12714	13158
12714	13251
147760	147870
132506	132538
12719	12875
12719	13183
12719	12879
12719	12833
12719	12832
12719	12834
12719	12839
12719	13049
12719	13162
12719	12863
12719	12867
12719	12824
12719	12843
12719	12820
12719	13154
12719	13185
12719	13193
12719	13158
12719	13251
129341	129760
129341	129378
28294	28432
28291	28406
28291	28404
28299	28402
150815	150933
150814	150932
485	686
485	542
485	536
485	532
485	544
485	548
485	549
73631	76069
73631	76065
92170	93876
73499	73646
73499	74722
73499	74686
161892	162330
73941	78001
73941	77267
73941	77379
22167	22448
22167	22410
22163	22448
22163	22415
158312	158381
75333	75414
75332	75475
75332	75528
75332	75424
3674	3750
99966	100078
99966	100090
99963	100084
153894	153924
153892	153922
153893	153923
93440	93661
93440	93653
96650	97629
96650	97625
153095	153814
90380	90553
58916	59575
58916	59504
146156	146398
146156	146941
146156	146309
146159	146941
99290	99788
99290	100093
80478	80955
80474	80920
85110	85391
85112	85395
48027	48320
48027	48312
113924	114148
133844	134005
133844	134102
133844	134001
133844	134100
13932	14138
108340	109884
108340	110233
160762	161015
5589	6447
5589	5694
5589	6260
76272	76618
76271	76951
95842	96434
114167	114457
114167	114908
114163	114901
114163	114904
114163	114459
32940	33289
93638	94917
25351	25538
25351	25536
163866	163897
19480	20246
25536	25711
25538	26009
25538	25711
154365	155395
154365	155394
42434	42780
188	250
26138	26178
141522	141857
63286	63399
109805	110286
113717	113984
63289	63447
63289	63404
152758	152981
49709	50437
109800	111075
109800	111263
109800	110100
109800	111404
109800	111664
22960	24115
134478	135109
134478	134821
133129	133396
133129	133395
122788	123144
122786	123426
122786	125550
122785	125549
108427	109833
108427	109830
62153	62452
67059	67567
67059	67560
67059	67806
67059	67805
67058	67806
67058	67805
67055	67564
67054	68354
67057	67802
67057	67558
147742	147859
132524	132778
104040	104220
136401	136561
116360	116929
23769	23939
23767	25351
23767	23939
23767	25119
116367	116929
116367	117771
116367	117767
87460	87833
123129	124081
123129	123915
145520	146057
145520	146058
117713	117743
117716	117776
19476	20242
8328	8500
8328	8502
8326	8500
8326	8694
8320	8501
8320	8450
8322	8679
8322	8450
141069	141259
141069	141236
141069	141084
22145	22780
22145	22403
22414	22510
114596	115062
114596	114960
114595	115364
100089	100317
100089	101466
100084	101465
100084	100407
100084	100310
100087	101602
93286	93417
43282	43682
43281	43425
75350	75484
150690	151404
114621	114919
114621	115058
114621	117606
114621	117598
114627	114919
114627	114911
114628	114919
90411	90712
90411	92070
90410	90679
962	1021
49401	49692
146179	146320
63144	63434
58281	58903
54272	56891
115364	116057
115360	115498
113907	115015
113907	114828
132958	133336
132958	133218
132955	133129
1673	1710
42363	42436
42363	42434
42363	42440
115502	115774
30041	30118
129862	130132
129862	130145
114364	114539
114364	114546
114363	114538
114363	114545
5568	5692
91345	92450
76290	76427
145888	146078
145888	146082
114105	114364
19043	19228
132775	132955
132775	132958
103216	104041
110286	110512
110286	111090
74749	75205
74749	75212
74740	76094
109012	112883
142855	143070
64746	64821
4726	4775
64748	64832
64748	64889
152594	152669
150735	150815
105682	107142
162290	162332
63803	64406
63803	65129
125579	125659
135812	136190
135811	135914
135816	136190
116272	116469
116272	116538
116272	117721
70536	70927
4858	4890
4858	5030
4858	5130
4856	4891
4856	4911
4853	4908
164928	164960
164929	164960
60601	60845
60601	61548
138391	139314
138391	139997
113732	113991
13163	13307
94471	95674
94471	94677
94470	95695
122507	122715
122507	122705
115774	116030
27402	28256
27402	29261
27407	27530
27404	27527
40012	40383
40012	40625
133140	133526
133140	133411
133411	133527
133411	134199
12985	13184
12985	13203
87441	88156
87445	88630
7701	7806
114828	115048
114828	115009
114824	115042
114824	114997
50744	51103
117733	117778
117730	117757
115996	116135
115996	116123
158484	158724
142992	144096
86319	87014
86318	87008
86318	87457
86318	86748
86318	87283
3965	4037
3968	3994
98784	99073
98784	99076
35400	35460
35402	35468
35402	35500
96699	98111
96690	97619
96696	97612
96696	97645
942	1112
942	1035
140375	140665
140372	140472
45580	46175
45580	46174
99785	99978
99781	99959
99788	99875
99789	99963
113690	113981
113691	113911
113691	113976
113695	113914
113695	113977
79779	82464
113963	114123
113963	114132
113961	114283
113961	114363
113966	114105
113966	114285
132972	133219
1654	1673
83004	83619
83004	83202
21971	22167
76056	76843
76056	76808
73753	74740
73755	74740
79274	79632
79274	79567
79274	79689
79275	79539
79275	79568
79275	79543
132759	132940
74769	75350
23427	23595
74767	75350
74767	75216
23423	23522
161095	161601
161095	161486
161099	161638
161099	161605
161098	161135
161098	161136
320	364
320	358
320	375
320	360
320	376
117476	117635
117477	117636
142839	143074
97776	98729
165029	165177
97772	98593
152571	153941
152571	153892
150714	150817
61976	62821
21165	21499
75493	76261
135345	135737
135345	135490
24195	25542
135340	135482
21340	21499
85522	85750
27444	27610
60596	60836
60596	60845
60596	60840
60591	60752
19350	19492
164946	164982
164947	164983
164945	164981
146783	146923
113209	113974
122298	122396
87016	87060
87012	88624
94459	94684
94459	95677
122562	122611
122291	122357
122291	122346
122291	122388
122292	122337
122292	122386
122292	122355
122292	122330
122561	122751
94453	95691
122295	122362
122296	122373
133160	133285
68978	69223
68978	69111
68978	69378
68978	69119
68978	69132
161707	162318
12720	12875
12720	12812
12720	12879
12720	12833
12720	12832
12720	12834
12720	12839
12720	13049
12720	13162
12720	12863
12720	12867
12720	12824
12720	12843
12720	12820
12720	12844
12720	12845
12720	13154
12720	13183
12720	13185
12720	13193
12720	13158
12720	13251
163973	164126
123161	123382
86769	87016
61361	63366
61361	62012
107237	107357
107236	107429
123912	124083
61536	63960
94210	94342
94210	94681
73250	73399
73250	73404
73251	73403
73251	73398
96148	96650
150525	150607
150525	150611
140577	141053
284	370
46745	47124
162484	162544
162489	162550
23215	26210
23215	26201
23215	23412
136190	136333
70257	70926
70257	70410
70257	70544
10138	10284
101821	102240
63450	64131
152383	152431
152383	152435
23218	23423
152389	152514
152389	152491
152388	152515
152388	152512
152388	152490
113944	114415
113941	114174
113941	114148
113941	114458
80906	81145
80907	81135
3214	3368
3214	3364
3214	3574
3214	3299
3214	3294
3215	3364
3215	3574
3215	3368
3217	3364
3217	3574
3217	3368
3210	3295
48082	48272
48082	48526
560	630
560	752
560	742
560	620
560	758
560	751
28577	28962
28577	28970
115324	115850
115325	116247
115325	116010
115325	115828
115329	115474
115329	116034
5525	5725
135358	135417
135358	135406
135358	135412
135358	135413
135358	135409
135358	135421
93650	94470
93650	94208
93651	94344
93651	94206
93653	94191
23190	23918
23190	23769
23190	25537
23190	23767
23190	23965
23190	24210
23190	24195
23190	25025
23192	23918
23192	23769
23192	25537
23192	23767
23192	23965
23192	24210
23192	24195
23192	25025
87767	87877
87766	87889
87763	87884
87762	87887
73731	74727
73886	74089
73886	74078
73883	74090
74701	75214
73546	73876
73546	73921
74702	75216
74702	75464
74709	75472
96554	97174
142814	143276
142815	142992
142815	144095
142815	143276
88626	88862
12704	12875
12704	12812
12704	12879
12704	12833
12704	12832
12704	12834
12704	12839
12704	13049
12704	13162
12704	12863
12704	12867
12704	12824
12704	12843
12704	12820
12704	12844
12704	12845
12704	13154
12704	13183
12704	13185
12704	13193
12704	13158
12704	13251
84861	86911
26489	26837
26489	26796
152533	152661
135360	135415
135360	135419
42909	43282
96477	96704
105537	105682
14132	14360
14134	14362
27990	28294
27990	28301
62468	62852
62463	62881
62460	62858
80574	80657
113779	114596
113779	114597
80570	80917
122543	122826
98114	98737
98114	98778
20417	20508
95775	96023
95775	95857
95775	96014
95775	95880
95774	95858
95776	95855
95776	96013
95776	96022
95776	95880
95770	95854
95770	96021
95770	96012
95773	96019
95773	96010
95773	95850
95772	95842
95772	96006
95772	96016
95779	95937
95778	95885
95778	95947
163611	163866
163343	163525
68919	69548
122355	122908
122355	122530
122355	122913
122355	122905
122355	123193
122355	123194
68915	69548
146903	147874
86748	87016
148948	149572
148948	150274
148946	150285
148946	149672
61694	62767
61345	62012
159433	159635
403	504
401	559
401	1054
28960	29327
28965	29342
408	559
408	1054
86355	86953
86353	87283
86353	87132
91843	93342
91843	92182
73274	74702
73274	74709
73274	74731
73274	74749
73275	74702
73275	74709
73275	74749
73275	74767
73276	73902
73277	74769
73277	73902
73277	74759
94232	94652
94232	94638
94232	94917
94232	94349
101626	104241
130091	130237
146489	146903
85199	85513
61832	62463
61832	62871
70238	70360
63479	64152
141060	141132
62871	63290
62871	63016
62871	63028
62871	63124
62871	63001
62877	63286
62877	63216
113433	113757
113437	113766
113437	113763
113438	113765
49405	49647
49402	49709
49402	49694
49403	49638
49403	49695
3673	3749
132939	133331
132939	133218
5196	5350
58196	58346
58196	58281
58196	58311
5190	5774
3354	3571
30538	30565
544	609
548	599
548	632
549	631
549	596
151087	152306
151080	151400
97857	98109
161135	161610
161135	161470
161136	161610
97851	98134
97851	98109
150971	151420
73713	74738
74727	76535
74727	76537
74722	76071
161056	161618
364	389
7531	7564
7531	7560
7531	7701
7531	7789
7531	7553
7531	7551
360	415
360	410
361	403
74589	74793
74588	74792
74851	75221
74851	75126
74851	75333
96533	96650
74852	75218
135563	135811
75452	76286
43035	44906
43035	44309
4838	5030
4838	5130
130132	130806
90389	90554
162581	162776
162581	162651
152537	152659
152537	152667
125889	126729
130997	131631
13184	13840
13185	13828
13188	13307
13188	13313
146077	146180
146077	146311
146077	146221
146078	146285
146078	146179
146079	146319
146079	146222
163180	163846
163180	163323
163180	163842
163180	163834
163180	163608
42921	45822
42921	45823
152283	152320
122834	123221
95754	95957
146297	146430
109518	109805
149672	149884
78001	78118
78001	78129
146082	146212
146082	146105
146082	146223
146924	147935
146924	147937
146924	147939
123615	124053
123610	123860
159778	160105
159778	160107
159773	160124
159773	160131
159773	160127
159773	160122
159772	160104
159774	160124
159774	160122
159777	159956
157347	157720
157347	158058
142599	142725
67412	68919
67412	68915
60579	61361
28723	29124
28720	29304
28721	29304
79358	79780
95981	97535
146153	146394
146152	146489
146152	146378
146152	146369
146152	146501
146152	146388
146152	146373
116915	117476
35468	35903
35468	35894
163969	164111
82094	83350
82094	82287
64139	64254
69320	69562
69320	69503
64131	64773
64131	64423
64134	64264
118010	118243
53987	54170
98729	99815
98729	99303
75865	77301
75865	76584
80492	80906
80495	80912
32118	32304
32119	32203
145418	146064
145418	145589
145418	146079
145418	145888
145418	145511
145418	146077
107477	108470
107476	108497
107476	107882
63410	64139
48337	48475
85712	86228
85712	85880
85712	85897
85712	85872
85712	86014
113983	115065
113987	114595
116004	116077
90723	92108
58316	58906
73702	74738
73702	76079
102184	103082
3168	3205
3168	3213
79299	79465
161486	161633
526	687
526	699
23663	23983
23661	23984
23664	23982
160994	161022
150912	151405
150911	150961
97879	98163
97879	98330
97879	98325
97879	98583
97872	98341
97872	98591
117636	117716
117635	117733
23486	23661
115850	116039
92614	93345
63956	64638
92619	93854
7553	7658
7553	7698
64832	65421
99091	99830
75475	76271
75472	76442
75472	76278
135091	135280
73334	74094
73334	74104
73334	73894
73336	74105
73336	73886
73336	74092
73339	73874
43017	43098
43016	43100
43015	43102
43014	43099
43012	43099
43011	43096
43018	43101
43018	44085
5927	6195
5928	6195
5928	6040
97645	97797
140277	141229
140277	141731
140277	140380
140277	141729
140277	141737
140277	140375
140272	140450
140272	140471
140272	140466
125719	125749
152512	152594
122723	123001
146058	146153
146057	146152
146057	146145
118973	119018
118973	119768
42942	43311
135327	135606
163169	163323
163169	163296
163168	163323
155983	156357
163306	163510
12903	13192
12903	13195
12903	13693
113845	114676
123185	123608
123185	123510
123182	123615
123182	123504
7788	8328
146942	147760
146943	147088
146940	147522
146941	147089
28256	28488
28256	28577
85633	86106
79373	79741
79373	79783
79373	79744
79373	79738
79373	79734
79372	79741
79372	79744
79372	79734
76537	77560
76537	76708
114538	114965
114539	114976
165015	165102
165013	165024
165013	165022
19101	19478
132459	132519
103332	104040
103332	103608
61305	61811
61305	62882
61305	61832
61303	62127
61303	61806
23346	23511
23340	23494
101664	101901
101665	101911
163947	164139
163946	163994
163946	163972
163945	163989
163945	163972
163945	163999
163945	163994
163945	163992
163945	164001
163944	163988
163940	163972
163940	164001
135572	135733
74110	74762
12687	12847
12687	12803
12687	12844
12687	12845
96704	101564
96704	101601
96704	101578
96704	101579
96701	97625
53162	53348
32132	32313
64151	64788
64151	64905
64151	64574
124877	125432
75223	75434
75222	75479
85735	86241
85735	85916
14059	14295
90701	93085
90701	92829
90705	92073
90704	93659
90704	93087
62747	64134
122111	122254
5485	5533
5482	5529
5481	5535
20028	20267
44100	44206
113479	116033
129772	130804
129772	130802
129770	131100
129771	130804
76274	76439
137789	137884
506	686
506	536
506	526
506	532
506	548
506	549
507	548
507	686
507	532
507	526
504	543
504	558
505	686
505	542
505	536
505	532
505	548
505	549
501	560
630	704
631	715
632	714
632	712
136561	136991
59354	59581
27730	27895
27730	27852
27730	27847
150935	151253
150930	151402
150930	151398
150930	151401
150932	151258
150933	151407
8404	8559
95889	96215
95889	96677
95889	96480
95886	96496
95886	96224
95885	96496
95885	96273
95885	96224
95880	101601
61462	64665
88642	89460
159208	159402
69531	70257
60840	61555
60840	61551
75414	76152
75414	76624
75414	75888
75414	76626
75418	76290
150796	150935
141259	141348
73314	73731
73314	73755
141257	141872
116562	117607
101461	101573
101465	101576
97629	98397
97628	98302
97625	98114
74090	74405
11676	11837
74092	79139
74098	74756
74098	74749
140251	140456
140251	140569
81933	82096
81936	82079
80040	80444
80042	80495
113186	113544
113285	113717
113285	113732
6064	7103
42748	43017
42748	43014
42748	45127
49297	53162
139314	140180
42747	43015
42743	45627
42743	43012
113536	113845
48475	48786
48475	48784
48475	48788
48476	48786
48476	48784
10039	10071
10039	10066
10039	10059
10035	10067
10035	10065
10037	10070
10037	10067
10037	10063
163323	163833
163323	163903
163323	163521
78224	79239
7373	7394
7373	7410
7373	7454
7372	7410
7375	7410
54820	55788
123476	124080
123479	123593
113862	114696
164492	164606
735	855
753	846
156960	157070
156963	157027
156963	157007
1024	1218
1020	1170
164677	164929
3104	3179
3104	3368
3104	3118
3104	3637
3104	3681
3104	3550
3104	3112
3104	3709
3104	3135
3104	3574
3104	3736
3104	3172
3104	3174
3107	3140
3102	3138
3102	3111
79312	82689
79312	82997
15979	16326
15979	16301
15979	16300
89471	90212
165072	165193
89477	90211
160557	161025
165076	165183
103312	103561
101647	105537
101640	101753
101641	101753
101641	101731
101643	101954
101643	101799
101643	101949
101643	101849
101643	101793
101643	101787
76808	77055
163925	164469
163925	164455
163925	164009
163924	164469
163924	164455
163924	164009
96498	96672
42510	44311
42510	43035
42510	45027
42510	42765
42510	44801
42510	42758
42510	42735
42510	43024
113986	115324
74402	74830
19785	19955
19785	19940
19786	19904
74407	74840
74405	74822
161979	162287
161201	161460
161201	161562
96720	97542
104545	107144
150474	150618
150474	150613
150477	150615
150477	150619
150479	150621
150478	150620
150478	150617
86914	87763
86914	87107
86911	87766
86911	87105
75205	75435
4952	5202
4956	5176
4956	5364
160316	160424
85753	86091
85753	86027
85750	85983
85750	86004
85754	86223
85754	86036
3299	3354
5137	5692
5137	5568
3295	3355
5133	5224
5131	5706
5130	6168
13203	13823
116041	116266
116041	116230
116041	116262
146398	146574
42349	44087
134482	135092
134482	135036
134482	135043
134483	135030
134483	134609
134481	134819
134481	134611
134481	134608
134481	135086
122465	122670
122462	122671
113496	113779
146574	146943
146571	146832
79787	80574
164111	164130
79783	80604
123220	123462
123221	123476
96215	96705
58311	58916
58311	58903
5692	5870
5692	6192
165192	165228
165193	165220
165197	165227
165194	165221
38924	38974
38924	39441
38924	38952
75434	76422
75434	75918
75435	76622
92929	93027
148138	148945
148138	148251
96003	96037
96003	96034
96003	96039
96003	96038
96003	96043
96003	96041
96006	96427
96006	96747
148251	148351
148252	148346
64435	64782
118243	118481
97601	97776
97601	97851
90377	90527
90377	90537
90375	90822
90378	90539
90378	90529
90379	90539
90379	90528
146180	146318
152757	152971
152757	152984
152757	152959
159792	160100
159792	160130
26796	26873
160108	160317
68992	69320
68992	69379
5366	5457
5364	5485
5364	5481
68996	69246
160107	160316
160107	160248
160107	160342
77994	78071
108512	109126
122321	122913
122321	122553
122321	122825
122321	122908
122321	122530
79334	79777
79333	79779
15999	16326
15999	16301
15999	16300
156940	158098
15997	16326
15997	16301
15997	16300
15997	16297
15997	16018
15993	16326
15993	16301
15993	16300
15993	16297
15993	16018
157353	157402
130814	130997
155799	156271
28395	28693
7431	7564
7431	7701
7431	7551
7431	8202
7431	7526
7431	7527
7431	7788
7431	7789
7431	7553
7431	7528
7431	7529
7431	7531
7431	7797
7438	7564
7438	7701
7438	7551
7438	8202
7438	7526
7438	7527
7438	7788
7438	7789
7438	7553
7438	7528
7438	7529
7438	7531
7438	7797
42538	42584
161229	161436
161229	161460
98749	99091
98749	99084
88232	88957
161221	161436
161222	162353
88231	88946
161227	161362
96741	97611
96741	97591
63960	64748
96747	97610
96747	97599
114468	114818
68059	72653
68059	69579
68059	68963
116060	116260
52614	53161
17068	17203
90746	91102
146378	146829
48287	50823
48287	48519
48287	50850
48287	51484
48289	48497
48289	48483
48289	50850
48289	48476
48289	50823
48289	48519
48289	51484
48289	48523
44143	44887
44145	44887
59640	59825
59640	60520
164139	164385
164130	164387
123209	123610
114965	117601
114963	116037
114960	116035
114960	116063
99875	100089
29681	30041
86151	86393
86151	86353
86152	86367
28486	28573
23174	23430
28488	28571
84883	89452
84884	89452
165009	165171
165009	165175
84889	90210
86033	86407
86036	86320
86036	86347
96248	96738
73351	74588
73351	74103
35500	35894
96021	99308
96021	96742
96021	98318
96021	100654
96021	99800
46175	46253
46174	46251
46174	46301
46174	46311
146745	146914
163109	163136
163107	163130
163104	163146
146212	146302
10071	10149
10071	10428
10071	10517
10071	11040
10070	10149
10070	10428
10070	10517
10070	11040
90358	90822
90359	90822
10077	10122
10077	10284
10077	10138
10078	10122
10078	10284
10078	10138
90350	90825
67053	68357
159803	160371
159803	160976
159803	160971
135925	136320
63399	64435
63390	64120
3550	3682
133569	133776
713	1017
54288	54824
54288	56303
79138	79254
3140	3168
3140	3176
122348	122455
122348	122504
122348	122913
122348	122465
122348	123193
122348	123194
122348	122462
87140	87291
27530	28570
79688	80481
122342	123193
122342	123194
122346	123193
122346	123194
118460	118973
118466	119762
76843	77063
7410	7438
7410	7431
7410	7446
164422	164454
138030	138305
158724	158871
92046	92255
92046	93059
150435	150499
150435	150525
61896	61941
26210	26489
86953	87919
86953	87592
77715	79141
26218	26490
77718	79140
43425	43700
21978	22145
21972	22171
21973	22163
3709	3771
141084	141257
141089	141330
141089	141249
141089	141254
99815	99940
99817	100277
99817	99941
101576	101604
5176	5366
152347	152859
152347	152383
152346	152860
48519	48581
159956	160015
129060	129431
129061	129771
129061	129436
163842	163890
14298	14456
8202	8326
78454	79138
114901	116271
114901	116809
114901	116284
114901	115226
114901	116286
114901	116810
114901	115045
114901	115986
114902	115010
114902	115050
114904	115006
114908	115000
115230	115366
115230	115530
115231	115538
115231	115387
111263	111404
111263	111391
111263	111664
133976	134093
67802	68060
67802	68126
107357	108706
67806	68122
67805	68059
67805	68122
67805	68123
23159	23331
3089	3104
3089	3107
3088	3106
117718	117747
158058	158321
317	350
317	361
158056	158303
132592	132970
132592	132971
132593	132739
165155	165197
73403	74864
73403	73621
73403	74000
73404	73621
43099	43665
43098	43660
43098	43661
43096	43651
93075	93440
93075	93415
65129	66931
65129	65288
82464	83621
82464	82698
91059	91317
91059	91345
60578	60749
60578	60971
60578	60792
152515	152533
152515	152614
152515	152610
122373	122483
122373	122493
122373	122472
122373	122504
122373	122487
122373	122507
122373	122496
122373	122511
98332	98618
96012	96747
27352	27446
27352	27444
97174	98794
162382	162540
162382	162484
162382	162481
162382	162480
162382	162483
162382	163107
162382	162489
162382	162527
162382	163123
162382	162478
162382	162479
162382	162474
162382	162470
162382	163104
162382	162431
162382	162432
162382	162433
162382	162435
162382	162437
162382	162632
162382	163109
162380	162437
162380	162481
162380	162480
162380	162483
162380	162484
162380	162489
162380	162431
162380	162632
162380	162432
162380	162433
162380	162435
162380	162479
162386	162484
162386	162481
162386	162479
162386	162483
162386	163078
162386	162480
162386	162431
162386	162632
162386	162432
162386	162433
162386	162435
162386	162437
162385	162437
162385	162481
162385	162480
162385	162483
162385	162484
162385	162489
162385	162431
162385	162632
162385	162432
162385	162433
162385	162435
162385	162479
19955	20035
105069	105306
7394	7452
10059	10149
10059	10428
10059	10517
10059	11040
7399	7441
7399	7449
7399	7437
7399	7444
10051	10122
10051	10284
10051	10138
27782	27990
27782	27988
45138	45630
45138	45941
45138	45443
85635	86151
88624	89460
164430	164460
164436	164468
164437	164470
22859	23427
22859	23177
22859	23426
3575	3673
3574	3674
138021	138305
138021	138284
138022	138286
138022	138388
138027	138304
163521	163905
164387	164391
122362	122493
122362	122504
122362	122487
122362	122507
122362	122496
122362	122465
122362	122511
20239	20502
27516	27892
144096	145348
144096	144807
144095	145348
12812	13154
12812	13003
82079	82271
144098	145348
95924	96528
95924	96145
95922	96523
95922	96118
95922	96206
95922	96105
50438	50466
50438	50508
50438	50450
50434	50511
50437	50468
50437	50469
50437	50466
50437	50476
50436	50510
131100	131457
131101	131634
131101	132450
6637	6660
84927	88231
82697	82889
19548	19786
31922	32118
31923	32092
31923	34948
31923	32100
31923	34949
31923	35497
31923	32118
114460	114916
4700	4773
4700	4767
98473	98735
43660	44100
43661	44145
4649	4737
4649	4745
43665	44146
90528	90794
90528	90804
90527	90801
122620	122788
122620	122794
19558	20094
122626	122794
60749	61347
60749	61345
113162	113708
113162	116036
113162	113312
113162	113479
113162	113474
113162	113462
113162	113481
113163	113966
113160	113319
113160	113312
113160	113957
113160	113708
113160	113958
113160	113314
113160	113285
113160	113963
113161	113312
113161	113708
113161	113285
113166	113749
113166	113998
113165	117732
113165	113961
113168	113271
113168	113983
113168	113905
113168	113843
113168	113907
113168	113862
113168	115063
113168	113462
113168	113890
113168	113882
113168	113897
113168	113536
113168	113654
113168	114957
113168	113469
113168	113899
113168	113481
113168	113652
113168	113482
113168	113889
113168	113577
113168	113895
113168	115372
113168	113690
113168	113691
113168	113877
113168	113878
113168	113699
113168	116036
113168	113516
113168	113474
113168	113520
113168	113885
113168	115064
113168	113886
113168	113496
113168	113888
113168	113479
113169	113271
113169	113983
113169	113907
113169	113462
113169	113890
113169	113897
113169	114957
113169	113899
113169	113481
113169	113691
113169	113699
113169	116036
113169	113474
113169	115063
113169	115064
113169	113496
113169	113479
135737	136001
152369	153941
152369	153892
152369	152398
152368	152400
152368	152389
152368	152429
135733	135977
135733	135976
85400	85735
20533	20894
74762	75223
161460	161564
48794	49698
48794	49402
48794	49401
48796	49698
48796	49402
48796	49403
48796	49152
113788	114597
63213	63479
97890	98590
97890	98156
159635	159760
44098	44197
44098	44554
115258	115576
115258	115718
35894	36262
35894	36366
109836	110220
109836	110258
109830	110252
73648	76079
73648	76060
73646	76056
73646	76061
13828	14059
13828	14055
13823	14298
13823	13980
145426	145587
145426	146064
145426	145576
145426	145589
145426	145520
13824	14055
13824	14297
145427	145537
165171	165210
165174	165223
165175	165213
165177	165216
