Term_id	Sign_score	Gene_number	Time_point_length	leaf	Trend1	Trend2	Trend3
6313	0.9444	6	11	1	1	1	0
5741	0.9137	5	17	1	1	1	0
6232	0.9	7	10	1	1	1	0
1900	0.8889	5	12	1	0	1	1
5789	0.8843	6	12	1	1	1	0
6069	0.8843	6	12	1	1	0	0
1023	0.8778	6	10	1	0	0	1
1888	0.8687	6	11	0	0	0	0
5181	0.8667	7	10	1	0	0	1
1724	0.8667	5	12	1	0	0	1
4146	0.8611	6	10	1	0	0	0
5654	0.8611	6	10	0	0	0	1
4916	0.8545	5	11	1	1	1	1
3059	0.8489	5	15	1	0	0	1
3328	0.8419	6	13	0	0	1	1
6298	0.8407	9	10	0	1	1	1
4913	0.8407	9	10	0	0	0	0
4668	0.837	9	10	1	1	0	0
3002	0.8333	6	10	0	0	0	0
3334	0.8333	5	14	1	0	0	0
4410	0.8238	7	10	1	0	0	0
3163	0.8125	8	10	1	1	1	1
2062	0.8106	8	11	0	0	0	1
2068	0.8056	6	12	1	0	0	0
1351	0.8056	6	10	1	0	0	1
2218	0.7963	9	10	0	0	1	1
3588	0.7841	8	11	0	0	1	1
2224	0.7835	7	11	1	0	0	0
2051	0.7818	11	10	0	0	0	1
3731	0.7704	9	10	1	0	1	1
3597	0.7619	7	12	0	1	0	0
5420	0.7567	10	10	1	0	0	1
3610	0.7564	6	13	1	0	1	1
2848	0.7292	8	10	0	0	1	1
3885	0.7185	9	10	1	0	0	0
5044	0.7037	9	10	1	1	1	1
5046	0.7	6	10	1	0	1	1
2385	0.6881	14	10	0	0	0	0
772	0.6879	11	10	0	0	0	1
3435	0.6741	9	10	1	1	1	1
2852	0.6727	5	11	1	0	0	1
1702	0.6571	14	10	0	0	0	1
5180	0.6556	6	10	1	1	0	1
4795	0.6381	7	10	1	0	1	1
1190	0.6286	7	10	1	0	1	1
4796	0.6167	8	10	1	1	1	1
3576	0.6067	15	10	0	1	0	0
4142	0.5905	7	10	1	0	0	0
904	0.5818	5	11	1	0	0	1
1534	0.5778	9	10	1	1	1	1
5539	0.5758	9	11	1	0	1	1
2400	0.5714	7	12	1	1	0	0
1191	0.5708	8	10	1	1	1	1
5649	0.5667	10	10	0	1	0	0
3728	0.5611	6	10	0	0	1	1
4676	0.5606	6	11	0	1	1	1
5532	0.56	10	10	0	0	1	1
3001	0.5593	9	10	1	1	0	0
4281	0.5583	8	10	0	0	1	1
3167	0.5571	7	10	1	1	1	1
6315	0.5556	6	10	1	1	1	1
4141	0.5556	9	10	0	1	0	1
4674	0.5542	8	10	0	0	0	1
6090	0.5516	6	14	1	1	1	0
4157	0.5515	5	11	1	0	1	1
2241	0.5513	6	13	1	0	0	0
782	0.5455	7	11	0	0	1	1
1025	0.5429	7	10	1	0	0	1
3735	0.5394	5	11	1	0	1	1
6271	0.5367	10	10	1	1	0	0
891	0.5303	11	10	0	0	1	1
4548	0.5273	5	11	1	0	1	1
2086	0.5238	5	14	1	1	0	0
4687	0.5222	5	12	1	0	0	1
2213	0.5208	8	10	0	0	1	1
2568	0.5198	6	14	1	1	1	1
537	0.5167	10	10	1	0	0	1
2844	0.5143	7	10	1	1	1	1
2047	0.5143	7	10	0	1	0	0
436	0.5104	8	12	1	0	0	1
3441	0.5056	6	10	1	0	1	1
5788	0.5046	6	12	1	1	1	1
325	0.5018	7	13	1	0	0	0
1880	0.5	6	10	1	1	1	0
2055	0.4949	6	11	0	0	0	1
4145	0.4917	8	10	1	0	0	0
2272	0.4917	5	16	1	1	1	1
4284	0.4909	5	11	1	0	0	1
213	0.4857	5	14	1	0	0	0
6066	0.4848	11	12	0	1	0	0
2226	0.4798	6	11	0	1	0	0
5716	0.475	5	16	1	1	0	0
6082	0.4744	10	13	0	1	1	0
2541	0.4697	8	11	0	0	0	0
886	0.4697	11	10	0	0	1	1
4408	0.4606	11	10	1	1	0	0
1354	0.4593	9	10	0	1	0	1
5812	0.4556	6	15	0	1	1	0
795	0.4556	5	12	1	0	0	1
4009	0.4556	9	10	1	0	1	1
6230	0.4545	11	10	1	1	1	1
901	0.4545	6	11	1	0	0	1
1355	0.45	6	10	1	0	0	1
187	0.4444	6	10	0	0	0	0
6071	0.4444	9	12	0	1	0	0
3479	0.4429	5	14	1	0	1	0
5831	0.4417	5	16	1	1	1	1
3898	0.4405	7	12	1	0	0	0
4909	0.437	9	10	0	0	0	1
4276	0.4333	6	10	1	1	1	1
643	0.4282	13	10	0	0	0	1
3887	0.4242	8	11	0	0	1	1
1362	0.4182	5	11	1	0	0	1
4915	0.4156	7	11	0	1	1	0
3881	0.4119	14	10	0	0	0	0
3301	0.4083	8	10	1	0	0	0
1022	0.4048	7	10	0	0	0	1
5652	0.4033	10	10	0	0	0	1
3446	0.399	6	11	0	1	1	1
4931	0.3981	6	12	0	0	0	1
6079	0.3932	6	13	1	1	0	1
661	0.3924	8	12	1	0	0	1
5305	0.3872	13	10	0	1	1	1
6228	0.3833	10	10	0	1	1	0
6317	0.3815	9	10	1	1	0	1
5684	0.3814	8	13	1	1	0	0
4542	0.38	10	10	0	1	1	0
3302	0.3792	8	10	1	1	0	0
5304	0.3788	11	10	1	1	1	0
5022	0.3727	5	22	1	1	0	0
3733	0.37	10	10	0	1	1	1
4419	0.367	9	11	0	1	1	0
3591	0.367	9	11	1	0	0	1
5608	0.366	6	17	0	1	1	0
5620	0.3593	5	18	1	1	1	0
5314	0.3569	9	11	1	1	0	1
6307	0.3561	8	11	1	1	1	0
3755	0.3538	5	13	1	0	0	1
4296	0.35	5	12	1	1	1	0
5782	0.3483	13	12	0	1	1	1
768	0.3462	13	10	1	0	0	1
1031	0.3455	5	11	1	0	1	1
1537	0.3444	12	10	0	0	1	1
4278	0.3417	8	10	1	1	1	1
3734	0.3401	9	11	0	0	0	1
3467	0.3397	8	13	1	0	0	1
5543	0.3371	8	11	0	1	1	0
4553	0.3368	8	12	1	1	1	1
5085	0.3367	7	14	0	1	1	0
1878	0.3364	11	10	1	0	1	1
2546	0.3333	9	11	1	0	1	0
5133	0.3302	6	18	1	1	1	0
5575	0.3299	7	14	0	1	1	0
3013	0.3295	8	11	1	0	0	1
5440	0.3254	7	12	1	0	0	1
5043	0.3133	10	10	0	1	1	0
2405	0.3056	8	12	0	0	0	0
5188	0.303	8	11	1	1	1	1
2426	0.3016	7	15	1	0	0	1
5651	0.2963	9	10	0	1	0	0
5058	0.2929	9	11	0	0	1	1
6259	0.2923	5	13	1	1	1	0
1552	0.2882	8	12	1	0	1	1
5542	0.2841	8	11	0	1	0	1
6299	0.2833	12	10	0	1	1	0
3440	0.2833	10	10	0	1	1	0
5064	0.2817	7	12	0	1	1	1
4809	0.2795	9	11	0	1	1	0
5428	0.2761	9	11	0	1	1	0
5102	0.2741	6	15	0	1	0	1
6249	0.2731	6	12	0	1	1	0
1238	0.273	7	15	1	0	0	0
5677	0.2724	8	13	1	1	1	0
6306	0.2593	9	11	1	1	1	1
1186	0.2583	8	10	0	0	1	1
5612	0.2549	7	17	0	1	1	1
3900	0.2444	5	12	1	0	0	1
1157	0.2415	6	23	1	0	0	1
2887	0.2411	8	14	1	0	1	0
5163	0.2394	5	22	1	1	1	1
5533	0.2333	14	10	0	1	1	0
4798	0.2333	21	10	0	1	1	1
3726	0.2333	6	10	1	0	1	1
4436	0.2256	5	13	1	1	1	0
6278	0.2222	9	11	1	1	0	1
4818	0.2222	5	12	1	1	1	0
3005	0.2214	14	10	0	0	0	0
226	0.2208	5	16	1	0	0	0
5619	0.213	6	18	1	1	1	1
4908	0.2111	6	10	1	1	0	0
6316	0.2091	11	10	1	1	1	0
4799	0.2056	12	10	1	0	1	1
207	0.2051	6	13	0	0	0	1
6270	0.2037	9	10	0	1	0	0
6287	0.1984	7	12	1	1	1	0
1591	0.1975	9	15	0	0	0	1
1358	0.1963	9	10	1	0	0	0
6073	0.1919	11	12	1	1	0	0
534	0.1879	11	10	0	0	0	1
2874	0.1859	12	13	0	0	0	1
219	0.1857	5	14	1	0	1	0
4011	0.1844	15	10	0	1	1	1
1908	0.1821	10	13	0	0	0	1
1026	0.1788	11	10	0	0	0	1
2543	0.1785	9	11	0	1	0	0
1654	0.1768	6	22	1	0	1	1
185	0.1741	9	10	0	0	0	0
1708	0.1722	18	10	0	0	1	1
1647	0.1678	7	21	0	0	0	1
2850	0.1667	13	10	0	1	1	0
190	0.1629	8	11	0	0	0	0
6227	0.1571	7	10	0	1	1	1
544	0.1566	6	11	1	0	0	1
5184	0.1556	18	10	0	0	0	1
650	0.1538	13	10	0	0	1	0
1962	0.1535	8	19	1	0	0	1
3953	0.1533	5	20	1	1	0	1
201	0.1528	8	12	0	0	1	0
6238	0.1515	5	11	1	1	1	1
1716	0.1515	14	11	0	0	0	1
5530	0.1514	24	10	0	1	1	1
1555	0.1496	13	12	0	0	1	0
905	0.1477	8	11	1	0	0	1
2279	0.1471	10	17	1	0	0	1
2211	0.1444	12	10	0	1	0	1
183	0.1444	9	10	0	0	1	0
3654	0.1439	5	19	1	0	1	1
443	0.1417	10	12	1	0	1	0
5052	0.1414	6	11	1	0	0	1
4019	0.1389	12	11	0	0	1	1
1707	0.1385	13	10	1	0	0	1
3931	0.1373	6	17	0	0	1	1
6268	0.1354	16	10	0	0	0	0
1430	0.1339	7	16	0	0	0	1
4148	0.1333	11	10	1	0	0	1
5045	0.1333	7	10	0	0	1	1
4407	0.129	31	10	0	0	0	1
305	0.1278	12	10	1	0	0	1
2256	0.1255	11	14	0	1	1	0
1501	0.1246	5	23	1	0	1	1
1492	0.1237	6	22	0	0	0	1
4409	0.12	25	10	1	0	0	0
2564	0.119	6	14	1	0	1	1
5417	0.119	7	10	0	1	0	1
431	0.1185	11	11	0	0	0	1
4147	0.1143	14	10	0	0	0	0
3578	0.1143	7	10	0	1	0	1
331	0.114	9	13	0	0	1	0
3449	0.1111	6	11	1	1	0	1
3744	0.1111	27	12	1	1	1	0
3888	0.1098	32	11	0	1	1	1
4433	0.1058	8	13	1	1	0	1
1161	0.1056	5	24	1	0	0	1
4307	0.1039	11	14	0	1	1	1
1360	0.1039	7	11	1	1	0	0
1546	0.1035	12	11	0	0	1	1
1043	0.1026	6	13	1	1	0	0
5507	0.1018	5	19	1	0	1	1
4283	0.1001	23	11	0	1	0	1
4715	0.1	5	14	1	0	0	1
1533	0.1	19	10	0	1	1	0
1535	0.1	8	10	1	0	1	0
3883	0.1	36	10	0	0	0	1
3448	0.0992	11	11	1	1	0	1
5492	0.0988	6	18	0	0	0	1
1886	0.0976	9	11	0	0	1	1
4683	0.0963	17	11	0	1	1	1
2442	0.0958	5	16	1	0	0	0
1386	0.0956	11	13	0	0	1	1
6303	0.0952	7	10	1	0	1	1
3008	0.0952	7	11	1	1	0	1
1899	0.0952	7	12	0	0	1	0
320	0.0944	10	12	0	0	1	1
4016	0.0939	10	11	1	0	1	1
4539	0.0933	10	10	1	0	1	1
1922	0.0926	6	15	1	1	1	0
3304	0.0914	31	10	0	0	0	1
3172	0.0909	30	11	0	0	0	0
4280	0.0907	25	10	0	1	1	0
3577	0.0889	15	10	0	0	0	0
332	0.0884	7	14	0	0	0	0
3021	0.0881	29	12	0	0	0	1
1767	0.0875	5	16	1	0	0	1
1029	0.0866	7	11	0	1	1	1
5604	0.0863	5	17	1	1	1	0
4060	0.0856	9	16	0	1	1	1
4825	0.0855	6	13	0	1	1	1
892	0.0852	9	10	1	1	0	1
651	0.0842	9	11	0	0	0	1
2217	0.0833	8	10	0	0	1	1
2227	0.0823	7	11	1	1	1	0
4334	0.0804	7	16	0	1	1	1
1376	0.0802	9	12	1	0	0	1
345	0.08	5	15	1	0	1	0
4143	0.0788	11	10	0	1	0	0
5051	0.0788	22	10	0	1	1	1
671	0.0787	6	12	0	0	1	1
3198	0.0774	8	14	0	1	1	1
686	0.0762	5	14	1	0	0	1
4800	0.076	25	10	0	1	1	0
3583	0.0758	12	11	0	1	1	1
5571	0.0754	6	14	0	1	1	0
3191	0.0741	9	13	0	0	1	1
4360	0.0737	5	19	1	1	1	1
767	0.0722	12	10	0	0	0	1
3169	0.0721	37	10	0	1	0	0
3018	0.069	36	11	0	0	0	1
1940	0.0671	9	16	0	1	1	1
6263	0.0667	5	13	1	1	1	1
4299	0.0667	20	13	0	1	0	1
3051	0.0667	6	15	0	0	1	1
5855	0.0667	5	18	1	0	1	1
5425	0.0663	16	11	0	1	1	0
6277	0.0649	7	11	1	1	1	1
4083	0.0648	6	18	1	1	1	1
648	0.0647	17	10	0	0	0	1
5832	0.0646	10	16	0	0	1	1
4694	0.0641	13	12	0	0	0	1
4150	0.0634	11	11	1	0	1	0
1308	0.0633	5	20	1	0	0	1
6269	0.063	9	10	0	1	0	0
952	0.0625	6	16	1	0	1	1
5325	0.0623	14	13	0	1	1	1
5096	0.0622	10	15	0	1	1	1
421	0.0619	7	10	0	0	1	0
5125	0.0617	9	18	0	1	1	1
3598	0.0611	10	12	0	0	0	0
785	0.0606	9	11	0	0	1	1
3308	0.0606	5	11	1	1	0	1
6247	0.0602	6	12	0	1	1	1
2851	0.06	15	10	0	1	1	1
4703	0.0598	9	13	0	1	1	0
4807	0.0589	18	11	0	0	1	1
1359	0.0588	17	11	0	0	1	1
805	0.0577	8	13	0	0	1	1
5353	0.0577	13	16	0	1	1	1
3653	0.0576	7	19	0	1	1	0
5817	0.0574	12	15	0	0	1	1
6235	0.0572	9	11	0	1	1	0
1073	0.0568	9	15	0	0	1	1
2413	0.0568	14	13	0	0	0	1
1881	0.0564	39	10	0	1	1	0
5182	0.0556	15	10	0	1	0	0
887	0.055	20	10	0	0	0	1
3439	0.0545	11	10	0	0	0	1
4450	0.0544	7	14	0	0	0	1
3065	0.0542	5	16	1	0	0	0
5054	0.0535	17	11	0	1	1	1
5079	0.0529	16	13	0	1	1	1
2093	0.0524	5	14	1	0	0	1
5845	0.0523	6	17	0	0	1	1
6237	0.0519	7	11	0	1	1	1
3108	0.0519	7	22	0	0	0	1
5434	0.0519	15	12	1	0	0	0
4816	0.0516	14	12	0	1	1	0
6070	0.0513	13	12	1	1	0	1
3676	0.0508	5	21	1	1	1	0
2545	0.0501	26	11	0	0	0	1
2228	0.0487	51	11	0	0	0	1
2389	0.0487	52	10	1	0	0	1
3214	0.0481	6	15	1	0	0	0
2860	0.0471	9	11	1	1	0	1
2404	0.0456	25	12	0	0	0	0
1352	0.0455	22	10	0	0	0	1
5421	0.0447	50	10	0	0	0	1
6321	0.0444	15	10	1	1	0	1
2428	0.0444	8	15	0	0	0	1
663	0.0444	5	12	1	0	0	1
818	0.0444	6	15	1	0	1	1
4556	0.044	12	12	0	1	1	0
4929	0.0434	16	12	0	0	0	0
4182	0.0433	11	14	1	0	0	0
1929	0.043	15	15	0	0	0	1
5313	0.0426	27	11	0	1	1	1
5423	0.0422	30	10	0	0	0	0
6225	0.0417	12	10	0	1	1	0
6243	0.0417	8	11	1	0	1	1
3241	0.0417	10	20	1	1	0	0
1234	0.0417	8	15	0	0	0	0
4027	0.0417	6	12	0	1	1	1
3738	0.0417	8	11	1	1	1	0
4567	0.041	10	13	0	0	1	1
1560	0.041	10	13	1	0	0	1
812	0.0408	7	14	0	0	0	1
3188	0.0406	12	13	0	1	0	0
653	0.0404	6	11	0	0	0	1
656	0.0404	6	11	1	1	1	1
1958	0.0401	6	18	0	1	1	1
5190	0.0394	10	11	1	1	0	1
188	0.0389	6	10	1	0	1	0
441	0.0389	5	12	1	0	1	0
3099	0.0388	9	21	0	1	1	1
3232	0.0387	11	18	0	1	0	0
1901	0.0377	17	13	0	0	0	0
5720	0.0377	21	16	0	1	0	1
3127	0.0373	5	25	1	1	1	1
6273	0.037	9	10	1	1	0	1
4921	0.0366	24	11	0	1	0	0
3186	0.0365	16	12	0	1	0	0
2245	0.0356	49	13	0	0	0	1
5785	0.0354	22	12	0	1	1	1
3560	0.0352	6	30	1	1	0	1
3091	0.0351	10	19	0	1	0	1
6318	0.0351	19	10	1	1	0	1
5200	0.035	23	12	0	0	0	0
1536	0.0348	45	10	0	1	1	1
228	0.0347	6	16	0	0	0	0
3041	0.0346	11	14	0	0	0	1
6244	0.0341	16	11	0	1	1	1
3177	0.034	9	12	0	1	1	1
5388	0.0335	11	19	0	1	1	0
6231	0.0333	17	10	0	1	1	1
4461	0.0333	6	15	1	1	0	1
3168	0.0333	40	10	0	1	0	1
5303	0.0333	36	10	0	1	1	1
2437	0.0327	7	16	1	0	0	0
1080	0.0327	7	16	1	0	0	1
4911	0.0325	39	10	0	0	0	1
922	0.0325	11	14	0	0	1	1
4923	0.0321	17	11	0	1	1	1
5021	0.032	9	22	0	0	0	1
3587	0.0318	20	11	0	0	1	1
4845	0.0317	7	15	1	1	1	0
3602	0.0315	22	13	0	1	0	1
6233	0.0314	17	10	0	1	1	1
4520	0.0311	7	23	1	1	0	1
769	0.031	14	10	0	0	0	0
6301	0.0308	13	10	0	1	1	1
3038	0.0308	15	13	0	1	0	1
1042	0.0308	15	13	0	0	1	1
4577	0.0306	7	14	1	1	1	0
783	0.0303	7	11	1	1	0	1
3482	0.0303	11	14	0	1	1	0
6068	0.0303	22	12	0	0	0	1
2216	0.0303	87	10	0	1	1	0
562	0.0299	6	13	1	1	0	1
5681	0.0289	31	13	0	1	0	0
4417	0.0289	22	11	0	1	0	1
3175	0.0287	38	11	0	0	0	1
2046	0.0286	35	10	0	0	0	0
4644	0.0284	8	22	1	1	0	1
1883	0.028	26	11	0	0	0	1
6252	0.0278	5	12	1	1	0	0
4292	0.0278	18	12	1	1	1	0
2551	0.0278	12	12	0	1	1	1
3459	0.0278	12	12	0	1	1	1
3461	0.0278	5	12	1	1	1	0
3532	0.0278	7	24	0	1	1	1
3032	0.0274	15	13	0	0	1	1
1024	0.0272	27	10	0	1	0	0
3924	0.0271	10	16	1	0	0	0
5784	0.027	35	12	0	1	1	0
4839	0.0268	8	14	0	1	1	0
5396	0.0267	10	20	0	1	1	1
5165	0.0265	8	22	1	1	1	1
909	0.0265	21	12	0	0	1	1
5381	0.0263	16	19	0	1	1	0
3506	0.0263	14	19	0	1	0	1
3016	0.026	21	11	0	0	0	1
4926	0.0259	15	12	0	0	0	0
3575	0.0259	27	10	0	0	0	1
5001	0.0256	13	19	0	1	0	1
1905	0.0256	9	13	1	0	0	0
5186	0.0256	32	11	0	1	1	0
4953	0.0255	14	14	0	0	0	0
3003	0.0254	109	10	0	0	0	1
2220	0.0253	6	11	1	0	1	1
5650	0.0252	37	10	0	0	0	1
6297	0.025	20	10	0	1	1	1
770	0.0246	19	10	0	1	0	0
4480	0.0245	8	17	0	1	0	1
3179	0.0239	29	12	0	1	1	1
4937	0.0239	15	13	0	1	0	1
4943	0.0238	14	14	0	0	0	1
3518	0.0238	8	21	0	1	0	1
3607	0.0237	13	13	0	0	1	1
6274	0.0236	24	10	0	0	1	1
1036	0.0236	20	12	0	0	0	1
5270	0.0236	12	20	1	0	0	1
6246	0.0236	9	11	0	1	1	0
1879	0.0235	27	10	0	1	1	1
2408	0.0233	11	13	0	0	0	1
776	0.0233	13	11	0	0	0	0
6258	0.0231	12	12	0	1	1	1
4595	0.0231	9	16	0	1	1	1
3006	0.0231	26	10	0	0	0	0
3498	0.0229	17	18	0	1	1	0
2067	0.0227	11	12	0	0	0	1
5403	0.0227	7	21	0	1	1	0
893	0.0226	28	10	0	0	1	1
4544	0.0226	67	11	0	1	0	1
6267	0.0224	8	13	1	1	1	1
916	0.0224	16	13	0	0	0	1
4425	0.0222	15	12	0	0	0	1
5039	0.0222	5	24	1	1	1	1
5624	0.0222	5	18	1	1	1	1
3028	0.0222	20	12	0	0	0	0
224	0.0222	5	15	1	0	1	0
3727	0.0222	48	10	0	1	1	1
3625	0.022	18	16	1	0	0	1
5419	0.0217	40	10	1	0	0	1
2544	0.0214	92	11	0	0	0	1
3300	0.0212	11	10	0	1	0	0
4451	0.0212	9	14	0	0	0	1
1970	0.0211	5	19	1	0	0	0
2587	0.0208	9	16	0	1	1	1
550	0.0208	8	12	0	0	0	0
4966	0.0208	8	16	0	0	0	0
3492	0.0208	19	16	0	1	1	0
5729	0.0208	12	16	0	1	1	0
4062	0.0208	5	16	1	1	1	1
6305	0.0205	13	10	0	1	1	1
3512	0.0204	9	20	0	1	0	1
4897	0.0203	5	23	1	1	1	0
6282	0.0202	6	11	1	1	0	0
6310	0.0202	15	11	1	1	1	1
1961	0.0201	14	19	0	0	0	1
5355	0.02	25	16	0	1	1	0
2582	0.02	10	15	0	0	1	1
3363	0.0197	8	19	0	0	1	1
5787	0.0196	17	12	0	1	1	1
798	0.0194	10	12	0	1	0	0
5036	0.0194	5	24	1	1	1	0
5032	0.0193	6	23	0	1	1	1
424	0.0193	109	10	0	0	1	0
1361	0.0192	41	11	0	0	0	1
3437	0.019	79	10	0	1	1	1
3445	0.0189	24	11	0	1	0	0
3442	0.0189	30	10	0	1	1	0
3623	0.0189	20	15	0	1	0	1
4277	0.0187	105	10	0	1	1	1
2125	0.0185	16	18	1	0	0	1
842	0.0185	6	18	1	0	0	0
3499	0.0185	9	18	0	1	1	0
5744	0.0185	5	18	1	1	0	0
1926	0.0184	29	15	0	0	0	0
4439	0.0179	10	13	0	1	0	1
5329	0.0177	29	13	0	1	1	1
5416	0.0174	5	23	1	1	1	0
3741	0.0172	44	11	0	0	1	1
5541	0.0172	30	11	0	1	1	0
4541	0.0172	134	10	0	1	1	1
2445	0.0172	8	17	1	0	1	1
3901	0.0169	23	12	1	0	0	1
1019	0.0167	46	10	0	0	0	1
4024	0.0167	5	12	1	1	1	0
2439	0.0162	9	16	0	0	0	1
5301	0.0162	6	24	1	1	1	1
1030	0.0162	45	11	0	0	1	1
3306	0.016	17	11	0	1	0	1
5738	0.016	11	17	1	1	1	1
314	0.016	104	11	0	0	1	0
5041	0.016	5	25	1	1	0	1
5244	0.0159	21	17	0	1	0	1
5319	0.0159	35	12	0	1	1	0
3377	0.0159	6	21	1	0	1	0
5763	0.0159	21	20	1	1	1	1
3642	0.0157	10	17	0	0	0	0
1189	0.0156	47	10	1	0	1	0
1959	0.0156	19	18	0	1	1	0
3839	0.0156	6	25	0	1	1	1
4149	0.0155	28	10	0	0	0	1
2652	0.0154	5	26	1	1	1	0
309	0.0152	105	10	0	0	0	0
3822	0.0152	7	22	0	1	1	1
2092	0.0151	41	14	0	0	0	1
215	0.0149	8	14	0	0	1	0
337	0.0149	8	14	1	0	1	0
4568	0.0148	19	13	0	1	0	1
5309	0.0148	39	11	0	1	1	1
2123	0.0145	23	17	0	0	1	1
5030	0.0145	7	23	0	1	1	0
5183	0.0143	114	10	0	0	0	1
3510	0.0143	7	20	1	1	1	0
1357	0.0141	59	10	0	0	0	0
3305	0.014	105	10	0	0	0	0
3886	0.0139	91	10	0	0	0	1
2883	0.0139	12	14	0	1	1	1
5038	0.0139	6	24	0	1	0	1
2877	0.0138	13	13	0	0	0	1
6229	0.0137	34	10	0	1	1	1
3730	0.0137	56	10	0	1	1	1
3434	0.0136	22	10	0	1	1	1
6275	0.0133	10	10	1	1	0	0
5863	0.0133	25	19	1	1	1	1
2384	0.0131	89	10	0	0	0	0
3781	0.0131	9	17	0	1	0	1
5843	0.0128	26	17	0	1	1	1
5407	0.0126	6	22	1	1	0	0
5047	0.0126	77	10	0	1	1	1
3307	0.0125	73	11	0	1	1	1
5029	0.0124	7	23	0	1	0	1
5218	0.0124	25	14	0	0	0	1
5730	0.0123	8	17	0	1	0	1
649	0.0122	30	10	0	1	0	1
546	0.0121	25	11	0	1	0	0
1941	0.0121	26	17	0	0	0	0
532	0.0118	31	10	0	0	0	0
5288	0.0118	9	22	0	1	1	0
4151	0.0114	8	11	0	1	0	0
5402	0.0113	7	21	0	1	1	0
253	0.0111	9	20	0	0	0	0
315	0.0111	5	12	1	1	0	0
5282	0.0111	10	21	0	1	1	1
6320	0.0111	69	10	1	1	0	0
5679	0.0111	67	13	0	1	1	1
6314	0.011	11	11	1	1	1	1
3660	0.011	8	19	1	1	1	0
5306	0.0108	80	10	0	1	1	1
5783	0.0108	72	12	0	1	1	1
5210	0.0108	31	13	0	1	0	1
6110	0.0108	31	16	1	1	1	1
328	0.0107	12	13	0	0	1	0
5272	0.0106	11	20	0	1	0	0
1978	0.0106	11	20	0	1	1	1
5648	0.0106	82	10	0	0	0	0
5241	0.0106	13	17	0	1	0	0
5195	0.0104	32	12	0	0	0	1
5390	0.0104	8	20	0	1	1	1
5358	0.0104	6	16	1	0	1	1
6102	0.0104	32	15	0	1	0	1
4152	0.0104	73	11	0	0	1	1
4546	0.0103	44	11	0	1	0	1
6092	0.0102	35	14	0	1	0	1
2106	0.0101	37	16	0	0	0	1
1045	0.01	23	13	0	0	0	1
254	0.01	5	20	1	0	0	0
4369	0.01	5	20	1	1	0	1
4012	0.0099	101	10	0	1	1	1
5686	0.0096	8	13	0	0	1	1
3408	0.0095	5	28	1	0	0	1
308	0.0094	32	10	0	0	1	0
209	0.0093	11	13	0	0	1	0
6265	0.0093	36	13	1	1	1	0
2221	0.0093	36	11	0	0	0	1
4618	0.0093	6	18	0	1	0	1
1162	0.0093	6	24	1	0	0	1
4910	0.0092	83	10	0	0	0	1
6311	0.0091	50	11	1	1	1	0
3890	0.009	84	11	0	1	1	1
306	0.0089	15	10	0	1	1	0
3398	0.0089	6	25	0	1	1	1
2100	0.0088	38	15	0	0	1	1
3798	0.0088	8	19	0	1	1	1
1006	0.0087	8	24	1	0	1	1
3310	0.0087	7	11	1	0	1	0
1491	0.0087	7	22	1	0	0	1
3746	0.0086	45	12	0	1	1	1
6253	0.0085	39	12	0	1	1	1
3903	0.0085	72	13	0	1	1	1
6241	0.0085	43	11	0	1	1	0
3760	0.0084	31	14	0	1	1	1
6226	0.0083	44	10	0	1	1	1
303	0.0083	5	32	1	0	1	1
440	0.0083	10	12	1	0	0	0
5510	0.0083	10	20	1	1	0	1
2059	0.0083	66	11	0	0	0	1
5726	0.0082	51	16	0	1	0	1
2847	0.0081	99	10	0	1	1	1
1160	0.0081	9	23	0	0	1	1
5506	0.008	11	19	0	1	1	1
217	0.0079	9	14	0	0	0	0
5461	0.0079	14	15	0	1	1	0
1820	0.0079	10	21	0	0	1	1
6089	0.0079	6	14	1	1	0	0
1202	0.0078	39	12	0	0	1	1
6302	0.0078	60	10	0	1	1	1
5496	0.0077	12	18	0	1	0	1
6304	0.0076	35	10	0	1	1	1
2052	0.0076	79	10	0	0	0	1
2853	0.0076	84	11	0	0	0	1
1655	0.0076	8	22	1	1	1	1
5819	0.0075	56	15	0	1	1	1
6292	0.0075	48	12	1	0	0	0
5755	0.0075	7	19	0	1	0	1
4560	0.0075	37	12	0	1	1	1
299	0.0074	6	30	0	0	1	1
321	0.0074	15	12	0	0	1	0
2929	0.0074	9	20	0	1	1	0
205	0.0073	7	13	1	1	0	0
5535	0.0073	96	10	0	1	1	1
1033	0.0073	25	11	0	0	0	1
1004	0.0072	10	23	0	0	0	1
5307	0.0072	23	10	0	1	1	1
5643	0.0072	11	21	1	1	1	1
4449	0.0071	10	14	1	0	0	0
3729	0.0071	14	10	0	1	0	1
3962	0.0071	20	21	0	1	1	1
2556	0.0071	79	13	0	0	0	1
302	0.0069	6	32	0	0	0	0
4293	0.0069	68	12	0	1	1	1
5746	0.0069	8	18	0	1	0	0
1805	0.0069	12	20	0	0	0	1
3976	0.0069	14	24	0	0	0	0
2016	0.0069	5	29	1	0	0	1
1149	0.0069	11	22	0	0	1	1
757	0.0068	7	28	0	0	0	1
1979	0.0068	7	21	0	0	0	0
3748	0.0068	37	12	0	1	1	1
6072	0.0067	70	12	0	1	0	1
6281	0.0067	54	11	0	1	0	1
6319	0.0067	30	10	1	1	1	1
751	0.0067	8	25	1	0	0	1
1166	0.0067	8	25	0	0	0	1
6323	0.0067	15	10	1	1	0	1
296	0.0066	7	29	0	0	1	1
3815	0.0065	17	21	0	1	1	1
5731	0.0065	9	17	0	1	0	1
2007	0.0064	6	26	0	1	1	1
3923	0.0064	36	16	0	0	0	1
3247	0.0063	5	21	1	1	0	1
1489	0.0063	10	21	0	0	1	1
1646	0.0063	10	21	0	0	0	1
895	0.0063	24	11	0	0	0	1
4596	0.0063	10	16	0	1	0	0
5274	0.0063	8	20	0	1	0	1
3919	0.0062	57	15	0	0	1	1
1804	0.0062	17	19	0	0	1	1
2970	0.0062	8	27	1	1	1	0
4350	0.0062	9	18	0	1	0	0
820	0.0061	11	15	0	0	0	1
5189	0.0061	70	11	0	1	0	1
908	0.006	23	12	0	0	1	0
924	0.006	12	14	0	0	0	1
5002	0.0058	9	19	0	0	1	1
1198	0.0058	57	11	0	0	0	0
2550	0.0058	81	12	0	1	1	1
5033	0.0058	5	23	1	0	1	0
1002	0.0058	5	23	1	0	0	0
3830	0.0058	5	23	1	1	1	1
3880	0.0057	5	35	1	1	1	1
6075	0.0057	9	13	0	1	0	1
5820	0.0056	12	15	0	1	1	1
6257	0.0056	5	12	1	1	1	0
1474	0.0056	12	20	0	0	0	1
658	0.0054	67	11	0	0	0	1
3181	0.0054	36	12	0	1	0	1
2131	0.0053	7	18	1	0	0	0
553	0.0053	63	12	0	0	0	1
3646	0.0053	7	18	0	1	0	0
3793	0.0053	21	18	0	1	1	0
3173	0.0053	46	11	0	0	0	0
6309	0.0052	29	11	1	1	1	1
3777	0.0052	40	16	0	1	1	1
4415	0.0052	70	11	0	0	1	1
206	0.0051	10	13	0	1	0	0
4801	0.0051	78	10	0	1	1	1
804	0.0051	5	13	1	0	1	0
771	0.0051	78	10	0	0	0	1
1644	0.0051	13	20	0	1	1	1
222	0.0051	61	15	0	0	0	0
202	0.0051	88	12	0	0	1	0
2627	0.0051	6	22	1	0	1	1
1150	0.0051	6	22	1	0	1	0
5020	0.0051	6	22	0	0	0	0
1653	0.0051	15	22	0	0	1	1
750	0.005	8	25	0	0	0	1
1975	0.005	20	20	0	1	1	1
