AT2G04030	5	2	4	5	3	1	2	5	1	3	2	2	2	3	2	3	2	4	5	4	3	5	3	2	1	3	1	2	2	2	5	1	5	2	2	4	3	1	2	1	1	2	1	3	3	5	3	4	4	4	3	1	2	4	5	4	4	1	3	2	5	1	4	2	5	1	3	1	4	1	2	4	2	3	2	2	3	2	2	5	2	1	1	4	4	4	3	1	4	3	3	4	2	1	5	1	3	4	1	5
AT5G20140	3	1	3	2	3	5	3	3	5	1	3	4	1	5	1	4	5	2	4	1	2	3	5	1	4	3	2	2	1	1	1	3	3	1	4	2	5	2	1	4	2	1	3	4	3	1	5	1	1	3	4	3	5	5	1	1	2	4	2	3	1	4	1	5	4	2	5	5	5	5	5	5	5	2	1	4	1	3	4	1	1	4	3	5	1	1	2	5	2	2	5	5	5	5	1	1	2	1	5	3
AT5G62720	4	5	1	3	5	4	4	4	4	2	5	3	3	4	3	2	4	5	1	3	1	2	4	4	2	4	4	5	5	3	4	2	2	4	3	3	4	5	3	3	4	4	4	2	4	4	1	3	3	1	1	4	4	3	3	2	5	5	5	5	3	5	5	3	3	5	1	4	1	4	4	3	3	1	5	5	4	5	5	3	4	3	2	3	5	3	1	2	3	5	2	3	4	3	3	3	4	2	3	2
AT4G38100	4	5	5	1	2	3	4	2	3	2	1	3	4	4	3	2	4	5	1	5	4	4	4	3	3	4	3	4	5	3	3	5	1	3	3	5	4	5	4	2	4	4	4	5	1	2	4	3	2	1	2	2	1	2	3	2	3	2	1	5	3	5	2	3	3	5	1	4	2	3	1	2	1	5	4	3	5	1	5	3	4	3	2	3	5	3	1	2	1	4	4	1	4	2	4	2	5	2	4	4
AT5G21430	3	1	2	2	3	5	3	3	5	5	3	5	1	5	1	4	5	2	4	1	5	3	5	1	4	3	2	2	1	1	1	3	3	1	4	2	5	2	1	4	2	1	3	4	3	1	5	1	1	3	4	3	5	5	1	1	2	4	2	3	1	4	1	5	4	2	5	5	5	5	5	5	5	2	1	4	1	3	4	1	1	4	3	5	1	1	2	5	2	2	5	5	5	5	1	1	2	1	5	3
AT3G21055	3	1	2	2	3	5	3	3	5	5	3	5	1	5	1	4	5	2	2	1	5	1	5	1	4	3	2	2	1	1	1	3	3	1	4	2	5	2	1	4	2	1	3	4	3	1	5	1	1	3	4	3	5	5	1	5	2	4	2	3	1	4	1	5	4	2	5	5	5	5	5	5	5	2	1	4	1	3	4	1	1	4	3	5	3	1	2	5	2	1	5	5	5	5	1	1	2	1	5	3
AT4G23890	4	3	5	3	5	3	4	4	4	2	5	5	5	1	5	2	4	3	2	3	5	4	4	4	2	4	4	5	5	3	3	2	2	4	5	3	1	5	3	3	4	3	4	2	4	4	2	4	2	5	1	2	4	3	3	2	5	5	1	5	3	5	5	3	1	4	2	4	3	4	4	3	3	1	4	3	5	1	5	3	5	3	2	2	3	3	4	3	3	1	4	2	1	3	3	3	4	2	3	4
AT4G38380	3	1	3	2	3	5	3	3	5	5	3	4	1	5	1	4	5	2	4	1	2	3	5	1	4	3	2	2	1	1	1	3	3	1	4	2	5	2	1	4	2	1	3	4	3	1	5	1	1	3	4	3	5	5	1	1	2	4	2	3	1	4	1	5	4	2	5	5	5	5	5	5	5	2	1	4	1	3	4	1	1	4	3	5	1	1	2	5	2	2	5	5	5	5	1	1	2	1	5	3
AT4G25910	2	2	4	4	1	1	1	5	1	4	4	1	2	2	2	3	3	4	3	4	3	5	2	2	5	1	1	1	2	5	5	1	5	5	2	4	3	3	2	1	5	2	1	3	2	5	3	5	4	4	3	1	3	4	4	4	4	1	3	2	2	3	4	4	5	1	4	1	4	1	2	4	2	3	2	1	3	4	1	4	2	5	4	4	4	2	3	1	4	3	1	4	3	4	2	5	3	5	1	5
AT2G43010	3	1	3	2	3	5	3	3	5	1	3	4	1	5	1	4	5	2	4	1	2	3	5	1	4	3	2	2	1	1	1	3	3	1	4	2	5	2	1	4	2	1	3	4	3	1	5	1	1	3	4	3	5	5	1	1	2	4	2	3	1	4	1	5	4	2	5	5	5	5	5	5	5	2	1	4	1	3	4	1	1	4	3	5	1	1	2	5	2	2	5	5	5	5	1	1	2	1	5	3
AT4G25050	1	1	4	5	4	2	1	1	1	4	2	2	2	2	2	3	1	4	3	5	3	5	1	5	5	2	5	1	4	2	5	1	4	2	2	1	3	1	2	1	1	2	2	3	2	5	2	2	4	4	3	5	2	4	4	3	4	3	4	2	4	1	3	2	1	4	3	3	4	2	2	1	4	3	2	4	2	2	2	4	3	2	1	2	2	4	3	1	5	3	3	4	2	1	2	4	1	3	2	5
AT1G51350	3	1	3	2	3	5	3	3	5	5	3	4	1	5	1	4	5	2	4	1	2	3	5	1	4	3	2	2	1	1	1	3	3	1	4	2	5	2	1	4	2	1	3	4	3	1	5	1	1	3	4	3	5	5	1	1	2	4	2	3	1	4	1	5	4	2	5	5	5	5	5	5	5	2	1	4	1	3	4	1	1	4	3	5	1	1	2	5	2	2	5	5	5	5	1	1	2	1	5	3
AT1G12250	3	1	3	2	3	5	3	3	5	1	3	4	1	5	1	4	5	2	4	1	2	3	5	1	4	3	2	2	1	1	1	3	3	1	4	2	5	2	1	4	2	1	3	4	3	1	5	1	1	3	4	3	5	5	1	1	2	4	2	3	1	4	1	5	4	2	5	5	5	5	5	5	5	2	1	4	1	3	4	1	1	4	3	5	1	1	2	5	2	2	5	5	5	5	1	1	2	1	5	3
AT2G41680	2	2	4	4	1	1	2	5	1	4	4	1	2	3	2	1	2	4	5	4	3	5	2	2	1	1	1	1	2	5	5	1	5	5	2	4	2	3	2	1	5	2	1	3	2	5	3	2	4	4	3	1	3	4	5	4	4	1	3	2	2	3	4	4	5	1	4	1	4	1	2	4	2	3	2	2	3	4	1	5	2	5	4	4	4	2	3	1	4	3	1	4	3	4	5	5	3	4	1	5
AT3G15110	3	1	3	2	3	5	3	3	5	5	3	5	1	5	1	4	5	2	4	1	5	3	5	1	4	3	2	2	1	1	1	3	3	1	4	2	5	2	1	4	2	1	3	4	3	1	5	1	1	3	4	3	5	5	1	1	2	4	2	3	1	4	1	5	4	2	5	5	5	5	5	5	5	2	1	4	1	3	4	1	1	4	3	5	3	1	2	5	2	2	5	5	5	5	1	1	2	1	5	3
AT2G40400	4	5	1	3	5	4	4	4	4	2	5	3	3	4	3	2	4	5	1	3	1	2	4	4	2	4	4	5	5	3	4	2	2	4	3	3	4	5	3	3	4	4	4	2	4	4	1	3	3	1	1	4	4	3	3	2	5	5	5	5	3	5	5	3	3	5	1	4	1	4	4	3	3	1	5	5	4	5	5	3	4	3	2	3	5	3	1	2	3	5	2	3	4	3	3	3	4	2	3	2
AT5G07020	3	1	2	2	3	5	5	3	2	5	3	5	5	1	5	5	5	2	2	2	5	1	3	1	4	3	2	3	3	1	2	3	3	1	4	2	5	2	5	5	2	3	3	4	3	3	2	4	1	2	4	3	5	5	1	5	1	4	2	3	1	4	1	5	4	4	5	2	3	5	3	5	5	2	1	4	1	3	4	1	1	4	3	5	3	5	2	5	2	1	5	2	5	5	1	1	2	1	5	3
AT5G16660	3	1	3	2	3	5	3	3	5	5	3	4	1	5	1	4	5	2	4	1	2	3	5	1	4	3	2	2	1	1	1	3	3	1	4	2	5	2	1	4	2	1	3	4	3	1	5	1	1	3	4	3	5	5	1	1	2	4	2	3	1	4	1	5	4	2	5	5	5	5	5	5	5	2	1	4	1	3	4	1	1	4	3	5	1	1	2	5	2	2	5	5	5	5	1	1	2	1	5	3
AT3G14420	5	1	3	2	3	2	3	3	5	1	3	4	1	5	1	4	5	2	4	1	2	3	5	1	4	3	2	2	1	1	1	3	3	2	4	2	5	2	1	4	2	1	3	4	3	1	5	1	1	3	4	3	5	5	1	1	2	4	2	3	1	4	1	5	4	2	5	5	5	5	5	5	5	2	1	4	1	3	4	5	1	1	3	5	2	1	2	5	2	2	3	5	2	5	1	1	1	1	5	1
AT1G79230	3	1	3	2	3	5	3	3	5	5	3	4	1	5	1	4	5	2	4	1	2	3	5	1	4	3	2	2	1	1	1	3	3	1	4	2	5	2	1	4	2	1	3	4	3	1	5	1	1	3	4	3	5	5	1	1	2	4	2	3	1	4	1	5	4	2	5	5	5	5	5	5	5	2	1	4	1	3	4	1	1	4	3	5	1	1	2	5	2	2	5	5	5	5	1	1	2	1	5	3
AT2G42220	3	4	2	2	3	5	5	3	5	5	3	5	1	5	4	4	5	3	2	2	5	1	5	1	4	3	2	3	1	1	1	3	3	1	5	3	5	2	1	4	2	1	3	4	3	3	5	4	1	5	4	3	5	5	1	1	2	4	2	3	1	4	1	5	2	2	5	5	5	5	5	5	5	2	1	4	1	5	4	1	5	4	3	5	3	1	4	3	2	1	5	5	5	5	1	1	2	1	5	3
AT1G67280	3	1	3	2	3	5	3	3	5	1	3	4	1	5	1	4	5	2	4	1	2	3	5	1	4	3	2	2	1	1	1	3	3	1	4	2	5	2	1	4	2	1	3	4	3	1	5	1	1	3	4	3	5	5	1	1	2	4	2	3	1	4	1	5	4	2	5	5	5	5	5	5	5	2	1	4	1	3	4	1	1	4	3	5	1	1	2	5	2	2	5	5	5	5	1	1	2	1	5	3
AT3G47450	2	2	4	4	1	1	2	5	1	4	4	1	2	2	2	1	2	4	5	4	3	5	2	2	1	1	1	1	2	5	5	1	5	5	2	4	2	3	2	1	5	2	1	3	2	5	3	2	4	4	3	1	3	4	5	4	4	1	3	2	2	3	4	4	5	1	4	1	4	1	2	4	2	3	2	2	3	4	1	4	2	5	4	4	4	2	3	1	4	3	1	4	3	4	5	5	3	4	1	5
AT5G08540	3	1	3	2	3	5	3	3	5	5	3	4	1	5	1	4	5	2	4	1	2	3	5	1	4	3	2	2	1	1	1	3	3	1	4	2	5	2	1	4	2	1	3	4	3	1	5	1	1	3	4	3	5	5	1	1	2	4	2	3	1	4	1	5	4	2	5	5	5	5	5	5	5	2	1	4	1	3	4	1	1	4	3	5	1	1	2	5	2	2	5	5	5	5	1	1	2	1	5	3
AT3G01480	3	3	4	4	4	2	1	1	1	4	4	1	2	2	2	3	3	1	3	2	3	5	1	5	5	1	5	1	4	4	5	1	4	5	2	1	3	3	2	1	1	5	5	1	2	4	4	5	4	4	3	5	3	4	4	3	4	2	3	4	2	1	4	4	3	3	3	3	4	2	2	5	4	4	3	1	2	4	1	4	3	5	5	1	2	4	3	1	5	3	2	4	1	4	2	5	1	5	1	5
AT4G31560	3	1	3	2	3	5	3	3	5	1	3	4	1	5	1	4	5	2	4	1	2	3	5	1	4	3	2	2	1	1	1	3	3	1	4	2	5	2	1	4	2	1	3	4	3	1	5	1	1	3	4	3	5	5	1	1	2	4	2	3	1	4	1	5	4	2	5	5	5	5	5	5	5	2	1	4	1	3	4	1	1	4	3	5	1	1	2	5	2	2	5	5	5	5	1	1	2	1	5	3
AT1G54580	3	4	3	2	3	5	3	3	5	1	3	4	1	5	1	4	5	2	4	1	2	3	5	1	4	3	2	2	1	1	1	3	3	1	4	2	5	2	1	4	2	1	3	4	3	1	5	1	1	3	4	3	5	5	1	1	2	4	2	3	1	4	1	5	4	2	5	5	5	5	5	5	5	2	1	4	1	3	4	1	1	4	3	5	1	1	2	5	2	2	5	5	5	5	1	1	2	1	5	3
AT1G73530	1	1	4	5	4	2	1	1	1	4	2	2	2	2	2	3	1	4	3	5	3	5	1	5	5	2	5	1	4	2	5	1	4	5	2	1	3	1	2	1	1	2	2	3	2	5	3	2	4	4	3	5	2	4	4	3	4	3	4	2	4	1	3	2	1	3	3	3	4	2	2	1	4	3	2	4	2	2	2	4	3	2	1	2	2	4	3	1	5	3	3	4	2	1	2	4	1	3	2	5
AT5G42270	3	1	3	2	3	5	3	3	5	1	3	4	1	5	1	4	5	2	4	1	2	3	5	1	4	3	2	2	1	1	1	3	3	1	4	2	5	2	1	4	2	1	3	4	3	1	5	1	1	3	4	3	5	5	1	1	2	4	2	3	1	4	1	5	4	2	5	5	5	5	5	5	5	2	1	4	1	3	4	1	1	4	3	5	1	1	2	5	2	2	5	5	5	5	1	1	2	1	5	3
AT1G54500	3	4	3	2	3	5	3	3	5	5	3	5	1	5	5	4	5	2	2	1	5	3	5	1	4	3	2	2	1	1	1	3	3	1	4	2	5	4	1	4	2	1	3	4	3	1	5	1	1	5	4	3	5	5	1	1	2	4	2	3	1	4	1	5	4	2	5	5	5	5	5	5	5	2	1	4	1	3	4	1	5	4	3	5	3	1	4	3	2	1	5	5	5	5	1	1	2	1	5	3
AT5G35170	2	3	5	1	2	3	4	2	3	2	1	3	4	3	3	2	4	5	1	5	4	4	2	3	3	4	3	4	5	3	3	5	1	3	1	5	4	5	4	2	4	4	5	5	1	2	4	3	2	1	2	2	1	2	5	2	3	2	1	4	3	5	2	3	5	3	2	3	2	3	1	2	1	5	4	3	5	1	5	3	4	3	2	4	5	3	5	4	1	4	4	1	3	2	4	2	5	2	4	4
AT1G80030	3	1	3	2	3	5	3	3	5	1	3	4	1	5	1	4	5	2	4	1	2	3	5	1	4	3	2	2	1	1	1	3	3	1	4	2	5	2	1	4	2	1	3	4	3	1	5	1	1	3	4	3	5	5	1	1	2	4	2	3	1	4	1	5	4	2	5	5	5	5	5	5	5	2	1	4	1	3	4	1	1	4	3	5	1	1	2	5	2	2	5	5	5	5	1	1	2	1	5	3
AT1G10170	3	4	1	2	3	4	3	3	5	1	3	3	3	5	4	4	5	3	5	3	1	2	5	4	2	3	2	5	1	1	1	3	3	4	5	3	5	2	1	4	2	1	3	2	3	1	5	1	3	5	4	4	4	5	1	1	2	4	5	3	1	4	1	5	2	2	5	5	5	5	4	3	3	2	5	5	4	5	4	1	5	4	3	5	1	1	4	3	2	5	5	3	5	3	1	3	2	1	5	2
AT5G12470	3	1	3	2	3	5	3	3	5	1	3	4	1	5	1	4	5	2	4	1	2	3	5	1	4	3	2	2	1	1	1	3	3	1	4	2	5	2	1	4	2	1	3	4	3	1	5	1	1	3	4	3	5	5	1	1	2	4	2	3	1	4	1	5	4	2	5	5	5	5	5	5	5	2	1	4	1	3	4	1	1	4	3	5	1	1	2	5	2	2	5	5	5	5	1	1	2	1	5	3
AT2G20260	3	1	3	2	3	5	3	3	5	1	3	4	1	5	1	4	5	2	4	1	2	3	5	1	4	3	2	2	1	1	1	3	3	1	4	2	5	2	1	4	2	1	3	4	3	1	5	1	1	3	4	3	5	5	1	1	2	4	2	3	1	4	1	5	4	2	5	5	5	5	5	5	5	2	1	4	1	3	4	1	1	4	3	5	1	1	2	5	2	2	5	5	5	5	1	1	2	1	5	1
AT1G03600	1	1	4	5	4	2	1	1	1	4	2	2	2	2	2	3	1	4	3	5	3	5	1	5	5	2	5	1	4	2	5	1	4	5	2	1	3	1	2	1	1	2	2	3	2	5	3	2	4	4	3	5	2	4	4	3	4	3	4	2	4	1	3	2	1	3	3	3	4	2	2	1	4	3	2	4	2	2	2	4	3	2	1	2	2	4	3	1	5	3	3	4	2	1	2	4	1	3	2	5
AT5G39830	3	1	3	2	3	5	3	3	5	1	3	4	1	5	1	4	5	2	4	1	2	3	5	1	4	3	2	2	1	1	1	3	3	1	4	2	5	2	1	4	2	1	3	4	3	1	5	1	1	3	4	3	5	5	1	1	2	4	2	3	1	4	1	5	4	2	5	5	5	5	5	5	5	2	1	4	1	3	4	1	1	4	3	5	1	1	2	5	2	2	5	5	5	5	1	1	2	1	5	3
AT1G20810	2	3	5	1	2	3	4	2	3	2	1	3	4	3	3	1	4	5	1	5	4	4	2	3	3	4	3	4	5	3	3	5	1	3	1	5	2	5	4	2	4	4	5	5	1	2	4	3	2	1	2	2	1	2	5	2	3	2	1	4	3	5	2	3	5	3	2	3	2	3	1	2	1	5	4	3	5	1	5	3	4	3	2	4	5	3	5	4	1	4	4	1	3	2	4	2	5	2	4	4
AT1G14150	3	1	3	2	3	5	3	3	5	1	3	4	1	5	1	4	5	2	4	1	2	3	5	1	4	3	2	2	1	1	1	3	3	1	4	2	5	2	1	4	2	1	3	4	3	1	5	1	1	3	4	3	5	5	1	1	2	4	2	3	1	4	1	5	4	2	5	5	5	5	5	5	5	2	1	4	1	3	4	1	1	4	3	5	1	1	2	5	2	2	5	5	5	5	1	1	2	1	5	3
AT2G41330	3	1	3	2	3	5	3	3	5	1	3	4	1	5	1	4	5	2	4	1	2	3	5	1	4	3	2	2	1	1	1	3	3	1	4	2	5	2	1	4	2	1	3	4	3	1	5	1	1	3	4	3	5	5	1	1	2	4	2	3	1	4	1	5	4	2	5	5	5	5	5	5	5	2	1	4	1	3	4	1	1	4	3	5	1	1	2	5	2	2	5	5	5	5	1	1	2	1	5	3
AT3G19490	5	1	3	5	3	2	3	1	5	4	2	2	1	2	1	3	1	2	3	4	2	3	5	1	5	3	2	2	1	2	1	3	3	2	4	2	5	1	1	4	2	2	3	4	3	5	5	1	1	3	4	3	5	5	1	1	2	4	2	3	1	4	1	2	4	2	3	5	4	5	5	5	5	2	1	4	1	3	4	5	1	1	1	5	2	1	2	5	2	2	3	5	2	1	1	1	1	1	5	1
AT3G17830	2	2	4	4	1	1	2	5	1	4	4	1	2	3	2	1	2	4	5	4	3	5	2	2	1	1	1	1	2	5	5	1	5	5	2	4	2	3	2	1	5	2	1	3	2	5	3	2	4	4	3	1	3	4	5	4	4	1	3	2	2	3	4	4	5	1	4	1	4	1	2	4	2	3	2	2	3	4	1	5	2	5	4	4	4	2	3	1	4	3	1	4	3	4	5	5	3	4	1	5
AT1G17850	3	1	3	2	3	5	3	3	5	1	3	4	1	5	1	4	5	2	4	1	2	3	5	1	4	3	2	2	1	1	1	3	3	1	4	2	5	2	1	4	2	1	3	4	3	1	5	1	1	3	4	3	5	5	1	1	2	4	2	3	1	4	1	5	4	2	5	5	5	5	5	5	5	2	1	4	1	3	4	1	1	4	3	5	1	1	2	5	2	2	5	5	5	5	1	1	2	1	5	3
AT2G01140	4	4	1	3	5	4	4	4	4	2	5	3	3	4	4	2	4	3	5	3	1	2	4	4	2	3	4	5	5	3	4	2	2	4	5	3	4	5	3	3	4	4	4	2	4	4	1	3	3	5	1	4	4	3	3	2	5	5	5	5	1	4	5	5	2	5	1	4	1	4	4	3	3	1	5	5	4	5	5	3	5	3	2	3	5	3	4	3	3	5	2	3	4	3	3	3	4	2	3	2
AT1G67700	3	1	3	2	3	5	3	3	5	1	3	4	1	5	1	4	5	2	4	1	2	3	5	1	4	3	2	2	1	1	1	3	3	1	4	2	5	2	1	4	2	1	3	4	3	1	5	1	1	3	4	3	5	5	1	1	2	4	2	3	1	4	1	5	4	2	5	5	5	5	5	5	5	2	1	4	1	3	4	1	1	4	3	5	1	1	2	5	2	2	5	5	5	5	1	1	2	1	5	1
AT5G01500	3	1	3	2	3	5	3	3	5	1	3	4	1	5	1	4	5	2	4	1	2	3	5	1	4	3	2	2	1	1	1	3	3	1	4	2	5	2	1	4	2	1	3	4	3	1	5	1	1	3	4	3	5	5	1	1	2	4	2	3	1	4	1	5	4	2	5	5	5	5	5	5	5	2	1	4	1	3	4	1	1	4	3	5	1	1	2	5	2	2	5	5	5	5	1	1	2	1	5	3
AT3G57680	3	1	3	2	3	5	3	3	5	1	3	4	1	5	1	4	5	2	4	1	2	3	5	1	4	3	2	2	1	1	1	3	3	1	4	2	5	2	1	4	2	1	3	4	3	1	5	1	1	3	4	3	5	5	1	1	2	4	2	3	1	4	1	5	4	2	5	5	5	5	5	5	5	2	1	4	1	3	4	1	1	4	3	5	1	1	2	5	2	2	5	5	5	5	1	1	2	1	5	3
AT4G16155	3	1	3	2	3	5	3	3	5	5	3	4	1	5	1	4	5	2	4	1	2	3	5	1	4	3	2	2	1	1	1	3	3	1	4	2	5	2	1	4	2	1	3	4	3	1	5	1	1	3	4	3	5	5	1	1	2	4	2	3	1	4	1	5	4	2	5	5	5	5	5	5	5	2	1	4	1	3	4	1	1	4	3	5	1	1	2	5	2	2	5	5	5	5	1	1	2	1	5	3
AT1G56500	3	1	3	2	3	5	3	3	5	1	3	4	1	5	1	4	5	2	4	1	2	3	5	1	4	3	2	2	1	1	1	3	3	1	4	2	5	2	1	4	2	1	3	4	3	1	5	1	1	3	4	3	5	5	1	1	2	4	2	3	1	4	1	5	4	2	5	5	5	5	5	5	5	2	1	4	1	3	4	1	1	4	3	5	1	1	2	5	2	2	5	5	5	5	1	1	2	1	5	3
AT1G22450	3	1	2	2	3	5	5	3	2	5	3	5	5	1	5	5	5	1	2	2	5	1	3	1	4	5	2	3	3	1	2	3	3	1	4	2	5	2	5	4	2	1	3	4	3	3	2	4	1	2	4	3	5	5	1	5	1	4	2	3	1	4	1	5	4	2	5	2	3	5	3	5	5	2	1	4	1	3	4	1	1	4	3	5	3	5	2	5	2	1	5	2	5	5	1	1	2	1	5	3
AT5G53170	3	1	3	2	3	5	3	3	5	1	3	4	1	5	1	4	5	2	4	1	2	3	5	1	4	3	2	2	1	1	1	3	3	1	4	2	5	2	1	4	2	1	3	4	3	1	5	1	1	3	4	3	5	5	1	1	2	4	2	3	1	4	1	5	4	2	5	5	5	5	5	5	5	2	1	4	1	3	4	1	1	4	3	5	1	1	2	5	2	2	5	5	5	5	1	1	2	1	5	1
AT5G15250	3	1	3	2	3	5	3	3	5	1	3	4	1	5	1	4	5	2	4	1	2	3	5	1	4	3	2	2	1	1	1	3	3	1	4	2	5	2	1	4	2	1	3	4	3	1	5	1	1	3	4	3	5	5	1	1	2	4	2	3	1	4	1	5	4	2	5	5	5	5	5	5	5	2	1	4	1	3	4	1	1	4	3	5	1	1	2	5	2	2	5	5	5	5	1	1	2	1	5	3
AT3G58010	3	1	3	2	3	5	3	3	5	5	3	4	1	5	1	4	5	2	4	1	2	3	5	1	4	3	2	2	1	1	1	3	3	1	4	2	5	2	1	4	2	1	3	4	3	1	5	1	1	3	4	3	5	5	1	1	2	4	2	3	1	4	1	5	4	2	5	5	5	5	5	5	5	2	1	4	1	3	4	1	1	4	3	5	1	1	2	5	2	2	5	5	5	5	1	1	2	1	5	3
AT2G29500	3	1	3	2	3	5	3	3	5	1	3	4	1	5	1	4	5	2	4	1	2	3	5	1	4	3	2	2	1	1	1	3	3	1	4	2	5	2	1	4	2	1	3	4	3	1	5	1	1	3	4	3	5	5	1	1	2	4	2	3	1	4	1	5	4	2	5	5	5	5	5	5	5	2	1	4	1	3	4	1	1	4	3	5	1	1	2	5	2	2	5	5	5	5	1	1	2	1	5	1
AT3G60370	3	1	3	2	3	5	3	3	5	5	3	4	1	5	1	4	5	2	4	1	2	3	5	1	4	3	2	2	1	1	1	3	3	1	4	2	5	2	1	4	2	1	3	4	3	1	5	1	1	3	4	3	5	5	1	1	2	4	2	3	1	4	1	5	4	2	5	5	5	5	5	5	5	2	1	4	1	3	4	1	1	4	3	5	1	1	2	5	2	2	5	5	5	5	1	1	2	1	5	3
AT1G50460	3	1	3	2	3	5	3	3	5	5	3	4	1	5	1	4	5	2	4	1	2	3	5	1	4	3	2	2	1	1	1	3	3	1	4	2	5	2	1	4	2	1	3	4	3	1	5	1	1	3	4	3	5	5	1	1	2	4	2	3	1	4	1	5	4	2	5	5	5	5	5	5	5	2	1	4	1	3	4	1	1	4	3	5	1	1	2	5	2	2	5	5	5	5	1	1	2	1	5	3
AT2G26800	3	1	3	2	3	5	3	3	5	1	3	4	1	5	1	4	5	2	4	1	2	3	5	1	4	3	2	2	1	1	1	3	3	1	4	2	5	2	1	4	2	1	3	4	3	1	5	1	1	3	4	3	5	5	1	1	2	4	2	3	1	4	1	5	4	2	5	5	5	5	5	5	5	2	1	4	1	3	4	1	1	4	3	5	1	1	2	5	2	2	5	5	5	5	1	1	2	1	5	3
AT1G21750	2	3	5	1	2	3	4	2	3	2	1	3	4	3	3	1	4	5	1	5	4	4	2	3	3	4	3	4	5	3	3	5	1	3	1	5	2	5	4	2	4	4	5	5	1	2	4	3	2	1	2	2	1	2	5	3	3	2	1	4	3	5	2	3	5	3	2	3	2	3	1	2	1	5	4	3	5	1	5	3	4	3	2	4	5	3	5	4	1	4	4	1	3	2	4	2	5	2	4	4
AT2G44990	3	1	3	2	3	5	3	3	5	1	3	4	1	5	1	4	5	2	4	1	2	3	5	1	4	3	2	2	1	1	1	3	3	1	4	2	5	2	1	4	2	1	3	4	3	1	5	1	1	3	4	3	5	5	1	1	2	4	2	3	1	4	1	5	4	2	5	5	5	5	5	5	5	2	1	4	1	3	4	1	1	4	3	5	1	1	2	5	2	2	5	5	5	5	1	1	2	1	5	3
AT1G30510	4	5	1	3	5	4	4	4	4	2	5	3	3	4	3	2	4	5	1	3	1	2	4	4	2	4	4	5	5	3	4	2	2	4	3	5	4	5	3	3	4	4	4	2	4	4	1	3	3	1	1	4	4	3	3	2	5	5	5	5	3	5	5	3	3	5	1	4	1	4	4	3	3	1	5	5	4	5	5	3	4	3	2	3	5	3	1	2	3	5	2	3	4	3	3	2	4	2	3	2
AT3G10130	4	4	1	3	5	4	4	4	4	2	5	3	3	4	4	2	4	3	5	3	1	2	4	4	2	3	4	5	5	3	4	2	2	4	5	3	4	2	3	3	2	4	4	2	4	4	1	3	3	5	1	4	4	3	3	2	5	5	5	5	1	4	5	5	2	5	1	4	1	4	4	3	3	1	5	5	4	5	4	3	5	3	2	3	5	3	4	3	3	5	2	3	4	3	3	3	4	2	3	2
AT3G22690	3	1	3	2	3	5	3	3	5	1	3	4	1	5	1	4	5	2	4	1	2	3	5	1	4	3	2	2	1	1	1	3	3	1	4	2	5	2	1	4	2	1	3	4	3	1	5	1	1	3	4	3	5	5	1	1	2	4	2	3	1	4	1	5	4	2	5	5	5	5	5	5	5	2	1	4	1	3	4	1	1	4	3	5	1	1	2	5	2	2	5	5	5	5	1	1	2	1	5	3
AT1G54050	3	1	3	2	3	5	3	3	5	1	3	4	1	5	1	4	5	2	4	1	2	3	5	1	4	3	2	2	1	1	1	3	3	1	4	2	5	2	1	4	2	1	3	4	3	1	5	1	1	3	4	3	5	5	1	1	2	4	2	3	1	4	1	5	4	2	5	5	5	5	5	5	5	2	1	4	1	3	4	1	1	4	3	5	1	1	2	5	2	2	5	5	5	5	1	1	2	1	5	3
AT1G55370	3	1	3	2	3	5	3	3	5	5	3	4	1	5	1	4	5	2	4	1	2	3	5	1	4	3	2	2	1	1	1	3	3	1	4	2	5	2	1	4	2	1	3	4	3	1	5	1	1	3	4	3	5	5	1	1	2	4	2	3	1	4	1	5	4	2	5	5	5	5	5	5	5	2	1	4	1	3	4	1	1	4	3	5	1	1	2	5	2	2	5	5	5	5	1	1	2	1	5	3
AT4G35770	3	1	3	2	3	5	3	3	5	1	3	4	1	5	1	4	5	2	4	1	2	3	5	1	4	3	2	2	1	1	1	3	3	1	4	2	5	2	1	4	2	1	3	4	3	1	5	1	1	3	4	3	5	5	1	1	2	4	2	3	1	4	1	5	4	2	5	5	5	5	5	5	5	2	1	4	1	3	4	1	1	4	3	5	1	1	2	5	2	2	5	5	5	5	1	1	2	1	5	3
AT3G56040	1	1	2	5	4	5	5	1	2	3	2	5	5	1	5	5	5	1	2	2	5	1	3	1	4	5	2	3	3	2	2	4	4	2	4	2	1	1	5	5	3	3	2	1	5	3	2	4	5	2	5	3	2	1	2	5	1	3	4	1	4	2	3	1	1	4	2	2	3	2	3	1	5	4	1	4	2	3	3	2	3	2	1	2	1	5	2	5	5	1	3	2	2	3	2	1	1	3	5	3
AT1G27510	4	5	1	3	5	4	4	4	4	2	5	3	3	4	3	2	4	5	1	3	1	2	4	4	2	4	4	5	5	3	4	2	2	4	3	3	4	5	3	3	4	4	4	2	4	4	1	3	3	1	1	4	4	3	3	2	5	5	5	5	3	5	5	3	3	5	1	4	1	4	4	3	3	1	5	5	4	5	5	3	4	3	2	3	5	3	1	2	3	5	2	3	4	3	3	3	4	2	3	2
AT5G59250	3	1	3	2	3	5	3	3	5	5	3	4	1	5	1	4	5	2	4	1	2	3	5	1	4	3	2	2	1	1	1	3	3	1	4	2	5	2	1	4	2	1	3	4	3	1	5	1	1	3	4	3	5	5	1	1	2	4	2	3	1	4	1	5	4	2	5	5	5	5	5	5	5	2	1	4	1	3	4	1	1	4	3	5	1	1	2	5	2	2	5	5	5	5	1	1	2	1	5	3
AT1G75690	3	1	3	2	3	5	3	3	5	5	3	4	1	5	1	4	5	2	4	1	2	3	5	1	4	3	2	2	1	1	1	3	3	1	4	2	5	2	1	4	2	1	3	4	3	1	5	1	1	3	4	3	5	5	1	1	2	4	2	3	1	4	1	5	4	2	5	5	5	5	5	5	5	2	1	4	1	3	4	1	1	4	3	5	1	1	2	5	2	2	5	5	5	5	1	1	2	1	5	3
AT4G01900	4	4	1	3	5	4	4	4	4	2	5	3	3	4	4	2	4	3	5	3	1	2	4	4	2	4	4	5	5	3	4	2	2	4	5	3	4	5	3	3	4	4	4	2	4	4	1	3	3	5	1	4	4	3	3	2	5	5	5	5	3	5	5	3	2	5	1	4	1	4	4	3	3	1	5	5	4	5	5	3	5	3	2	3	5	3	4	3	3	5	2	3	4	3	3	3	4	2	3	2
AT2G18790	5	1	3	2	3	5	3	3	5	1	3	4	1	5	1	4	5	2	4	1	2	3	5	1	4	3	2	2	1	1	1	3	3	2	4	2	5	2	1	4	2	1	3	4	3	1	5	1	1	3	4	3	5	5	1	1	2	4	2	3	1	4	1	5	4	2	5	5	5	5	5	5	5	2	1	4	1	3	4	5	1	4	3	5	2	1	2	5	2	2	5	5	2	5	1	1	2	1	5	1
AT1G78915	4	5	1	3	5	4	4	4	4	2	5	3	3	4	4	2	4	3	1	3	1	2	4	4	2	4	4	5	5	3	4	2	2	4	3	3	4	5	3	3	4	4	4	2	4	4	1	3	3	1	1	4	4	3	3	2	5	5	5	5	3	5	5	3	2	5	1	4	1	4	4	3	3	1	5	5	4	5	5	3	4	3	2	3	5	3	1	2	3	5	2	3	4	3	3	3	4	2	3	2
AT3G24590	4	4	1	3	5	4	4	4	4	2	5	3	3	4	4	2	4	3	5	3	1	2	4	4	2	3	4	5	5	1	4	2	2	4	5	3	5	2	3	3	2	4	4	2	4	4	1	3	3	5	1	4	4	3	3	2	5	5	5	5	1	4	5	5	2	5	1	4	1	4	4	3	3	1	5	5	4	5	4	1	5	4	2	3	5	3	4	3	3	5	2	3	4	3	3	3	4	1	3	2
AT2G01918	4	4	1	3	5	4	4	4	4	2	5	3	3	4	4	2	4	3	1	3	1	2	4	4	2	4	4	5	5	3	4	2	2	4	5	3	4	5	3	3	4	4	4	2	4	4	1	3	3	5	1	4	4	3	3	2	5	5	5	5	3	5	5	3	2	5	1	4	1	4	4	3	3	1	5	5	4	5	5	3	5	3	2	3	3	3	4	3	3	5	2	3	4	3	3	3	4	2	3	2
AT1G52220	3	1	3	2	3	5	3	3	5	5	3	4	1	5	1	4	5	2	4	1	2	3	5	1	4	3	2	2	1	1	1	3	3	1	4	2	5	2	1	4	2	1	3	4	3	1	5	1	1	3	4	3	5	5	1	1	2	4	2	3	1	4	1	5	4	2	5	5	5	5	5	5	5	2	1	4	1	3	4	1	1	4	3	5	1	1	2	5	2	2	5	5	5	5	1	1	2	1	5	3
AT3G15360	2	3	5	1	2	3	4	2	3	2	1	3	4	3	3	2	4	5	1	5	4	4	2	3	3	4	3	4	5	3	3	5	1	3	1	5	4	5	4	2	4	4	5	5	1	2	4	3	2	1	2	2	1	2	5	2	3	2	1	4	3	5	2	3	5	3	2	3	2	3	1	2	1	5	4	3	5	1	5	3	4	3	2	4	5	3	5	4	1	4	4	1	3	2	4	2	5	2	4	4
AT1G65260	4	4	1	3	5	4	4	4	4	2	5	3	3	4	4	2	4	3	1	3	1	2	4	4	2	4	4	5	5	3	4	2	2	4	5	3	4	5	3	3	4	4	4	2	4	4	1	3	3	5	1	4	4	3	3	2	5	5	5	5	3	5	5	3	2	5	1	4	1	4	4	3	3	1	5	5	4	5	5	3	5	3	2	3	5	3	4	3	3	5	4	3	4	3	3	3	4	2	3	2
AT4G04020	3	1	3	2	3	5	3	3	5	1	3	4	1	5	1	4	5	2	4	1	2	3	5	1	4	3	2	2	1	1	1	3	3	1	4	2	5	2	1	4	2	1	3	4	3	1	5	1	1	3	4	3	5	5	1	1	2	4	2	3	1	4	1	5	4	2	5	5	5	5	5	5	5	2	1	4	1	3	4	1	1	4	3	5	1	1	2	5	2	2	5	5	5	5	1	1	2	1	5	3
AT1G32500	1	1	3	2	3	2	3	3	5	4	3	2	1	5	1	4	5	2	4	1	2	3	5	1	5	3	2	2	1	2	1	3	3	2	4	2	5	2	1	4	2	1	3	4	3	1	5	1	1	3	4	3	5	5	1	1	2	4	2	3	1	4	1	5	4	2	5	5	5	5	5	5	5	2	1	4	1	3	4	1	1	4	3	5	2	1	2	5	2	2	3	5	2	5	1	1	1	1	5	1
AT3G47060	3	1	3	2	3	5	3	3	5	1	3	4	1	5	1	4	5	2	4	1	2	3	5	1	4	3	2	2	1	1	1	3	3	1	4	2	5	2	1	4	2	1	3	4	3	1	5	1	1	3	4	3	5	5	1	1	2	4	2	3	1	4	1	5	4	2	5	5	5	5	5	5	5	2	1	4	1	3	4	1	1	4	3	5	1	1	2	5	2	2	5	5	5	5	1	1	2	1	5	3
AT2G26550	1	1	2	2	3	5	5	3	2	5	3	5	5	1	5	5	5	1	2	2	5	1	3	1	5	5	2	3	3	1	2	4	3	1	4	2	1	2	5	5	3	3	3	1	5	3	2	2	5	2	5	3	2	1	2	5	1	3	4	1	4	4	3	1	1	4	5	2	3	5	3	1	5	4	1	4	1	3	3	2	1	2	1	2	3	5	2	5	5	1	3	2	5	5	1	1	1	3	5	3
AT4G20820	3	1	3	2	3	5	3	3	5	1	3	4	1	5	1	4	5	2	4	1	2	3	5	1	4	3	2	2	1	1	1	3	3	1	4	2	5	2	1	4	2	1	3	4	3	1	5	1	1	3	4	3	5	5	1	1	2	4	2	3	1	4	1	5	4	2	5	5	5	5	5	5	5	2	1	4	1	3	4	1	1	4	3	5	1	1	2	5	2	2	5	5	5	5	1	1	2	1	5	3
AT1G74070	4	5	5	1	2	3	4	2	3	2	1	3	4	4	3	2	4	5	1	3	4	4	4	3	3	4	3	4	5	3	3	5	1	3	3	5	4	5	4	2	4	4	4	5	1	2	4	3	3	1	2	2	1	2	3	2	3	5	1	5	3	5	2	3	3	5	1	4	2	3	1	2	1	5	4	3	5	1	5	3	4	3	2	3	5	3	1	2	1	4	4	1	4	2	4	2	5	2	4	4
AT3G53560	4	5	1	3	5	4	4	4	4	2	5	3	3	4	4	2	4	3	5	3	1	2	4	4	2	4	4	5	5	3	4	2	2	4	3	3	4	5	3	3	4	4	4	2	4	4	1	3	3	5	1	4	4	3	3	2	5	5	5	5	3	5	5	3	3	5	1	4	1	4	4	3	3	1	5	5	4	5	5	3	5	3	2	3	5	3	1	2	3	5	2	3	4	3	3	3	4	2	3	2
AT5G53490	4	4	1	3	5	4	4	4	4	2	5	3	3	4	4	2	4	3	5	3	1	2	4	4	2	4	4	5	5	3	4	2	2	4	5	3	4	5	3	3	4	4	4	2	4	4	1	3	3	5	1	4	4	3	3	2	5	5	5	5	3	5	5	3	2	5	1	4	1	4	4	3	3	1	5	5	4	5	5	3	5	3	2	3	5	3	4	3	3	5	2	3	4	3	3	3	4	2	3	2
AT2G42975	4	4	1	3	5	4	4	4	4	2	5	3	3	4	4	2	4	3	5	3	1	2	4	4	2	3	4	5	5	3	4	2	2	4	5	3	4	2	3	3	2	4	4	2	4	4	1	3	3	5	1	4	4	3	3	2	5	5	5	5	1	4	5	5	2	5	1	4	1	4	4	3	3	1	5	5	4	5	4	3	5	3	2	3	5	3	4	3	3	5	2	3	4	3	3	3	4	2	3	2
AT2G20270	3	1	3	2	3	5	3	3	5	5	3	4	1	5	1	4	5	2	4	1	2	3	5	1	4	3	2	2	1	1	1	3	3	1	4	2	5	2	1	4	2	1	3	4	3	1	5	1	1	3	4	3	5	5	1	1	2	4	2	3	1	4	1	5	4	2	5	5	5	5	5	5	5	2	1	4	1	3	4	1	1	4	3	5	1	1	2	5	2	2	5	5	5	5	1	1	2	1	5	3
AT2G29180	1	1	3	2	3	5	3	3	5	1	3	4	1	5	1	4	5	2	4	1	2	3	5	1	4	3	2	2	1	1	1	3	3	2	4	2	5	2	1	4	2	1	3	4	3	1	5	1	1	3	4	3	5	5	1	1	2	4	2	3	1	4	1	5	4	2	5	5	5	5	5	5	5	2	1	4	1	3	4	1	1	4	3	5	2	1	2	5	2	2	3	5	2	5	1	1	1	1	5	1
AT3G01440	3	4	3	2	3	4	3	3	5	5	3	5	1	5	4	2	5	3	2	1	5	3	5	4	4	3	2	5	1	1	1	3	3	1	5	3	5	4	1	4	2	1	3	4	3	1	5	1	1	5	4	4	4	5	1	1	2	4	2	3	1	4	1	5	2	2	5	5	5	5	5	5	5	2	5	4	4	5	4	1	5	4	3	5	3	1	4	3	2	1	5	5	5	3	1	1	2	1	5	3
AT1G76760	4	4	1	3	5	4	4	4	4	2	5	3	3	4	4	2	4	3	5	3	1	2	4	4	2	3	4	5	5	3	4	2	2	4	5	3	4	2	3	3	2	4	4	2	4	4	1	3	3	5	1	4	4	3	3	2	5	5	5	5	1	4	5	5	2	5	1	4	1	4	4	3	3	1	5	5	4	5	4	3	5	3	2	3	5	3	4	3	3	5	2	3	4	3	3	3	4	2	3	2
AT2G26360	5	2	4	5	1	1	2	5	1	4	4	1	2	3	2	3	2	4	5	4	3	5	2	2	1	1	1	1	2	5	5	1	5	5	2	4	3	1	2	1	1	2	1	3	2	5	3	5	4	4	3	1	3	4	4	4	4	1	3	2	2	3	4	4	5	1	3	1	4	1	2	4	2	3	2	2	3	2	2	5	2	5	4	4	4	4	3	1	4	3	1	4	3	4	5	5	3	4	1	5
AT4G13670	3	1	3	2	3	5	3	3	5	1	3	4	1	5	1	4	5	2	4	1	2	3	5	1	4	3	2	2	1	1	1	3	3	1	4	2	5	2	1	4	2	1	3	4	3	1	5	1	1	3	4	3	5	5	1	1	2	4	2	3	1	4	1	5	4	2	5	5	5	5	5	5	5	2	1	4	1	3	4	1	1	4	3	5	1	1	2	5	2	2	5	5	5	5	1	1	2	1	5	3
AT2G35040	3	1	3	2	3	5	3	3	5	5	3	4	1	5	1	4	5	2	4	1	2	3	5	1	4	3	2	2	1	1	1	3	3	1	4	2	5	2	1	4	2	1	3	4	3	1	5	1	1	3	4	3	5	5	1	1	2	4	2	3	1	4	1	5	4	2	5	5	5	5	5	5	5	2	1	4	1	3	4	1	1	4	3	5	1	1	2	5	2	2	5	5	5	5	1	1	2	1	5	3
AT1G65230	3	1	2	2	3	5	5	3	2	3	3	5	5	1	5	5	5	1	2	2	5	1	3	1	4	5	2	3	3	1	2	4	3	1	4	2	1	2	5	5	3	3	3	4	5	3	2	4	5	2	5	3	5	1	2	5	1	4	4	1	1	4	1	1	1	4	5	2	3	5	3	1	5	2	1	4	2	3	3	2	1	4	3	5	3	5	2	5	2	1	5	2	5	5	1	1	2	1	5	3
AT1G03850	4	4	1	3	5	4	4	4	4	2	5	3	3	4	4	2	4	3	5	3	1	2	4	4	2	4	4	5	5	3	4	2	2	4	5	3	4	5	3	3	4	4	4	2	4	4	1	3	3	5	1	4	4	3	3	2	5	5	5	5	3	5	5	3	2	5	1	4	1	4	4	3	3	1	5	5	4	5	5	3	5	3	2	3	5	3	4	3	3	5	2	3	4	3	3	3	4	2	3	2
AT1G50250	3	4	1	2	3	5	3	3	5	5	3	4	1	5	4	4	5	3	4	3	1	2	5	1	4	3	2	2	1	1	1	3	3	1	5	2	5	2	1	4	2	1	3	4	3	1	5	1	1	5	4	4	5	5	1	1	2	4	2	3	1	4	1	5	2	2	5	5	5	5	4	5	5	2	5	4	1	5	4	1	5	4	3	5	1	1	4	3	2	2	5	5	5	5	1	1	2	1	5	2
AT2G40760	3	1	3	2	3	5	3	3	5	5	3	4	1	5	1	4	5	2	4	1	2	3	5	1	4	3	2	2	1	1	1	3	3	1	4	2	5	2	1	4	2	1	3	4	3	1	5	1	1	3	4	3	5	5	1	1	2	4	2	3	1	4	1	5	4	2	5	5	5	5	5	5	5	2	1	4	1	3	4	1	1	4	3	5	1	1	2	5	2	2	5	5	5	5	1	1	2	1	5	3
AT2G26340	4	4	1	3	5	4	4	4	4	2	5	5	3	4	4	2	4	3	5	3	1	2	4	4	2	3	4	5	5	3	4	2	2	4	5	3	4	2	3	3	2	4	4	2	4	4	1	3	3	5	1	4	4	3	3	2	5	5	5	5	1	4	5	5	2	5	1	4	1	4	4	3	3	1	5	5	4	5	4	3	5	3	2	3	3	3	4	3	3	5	2	3	4	3	3	3	4	2	3	2
AT5G08050	4	3	5	1	2	3	4	2	3	2	1	3	4	4	3	2	4	5	1	5	4	4	4	3	3	4	3	4	5	3	3	5	1	3	3	5	4	5	4	2	4	4	4	5	1	2	4	3	2	1	2	2	1	2	3	2	3	5	1	5	3	5	2	3	3	5	1	4	2	3	1	2	1	5	4	3	5	1	5	3	4	3	2	3	5	3	1	2	1	4	4	1	4	2	4	2	5	2	4	4
AT1G22020	3	1	2	2	3	5	5	3	5	5	3	5	1	5	1	4	5	2	2	1	5	1	5	1	4	3	2	2	1	1	1	3	3	1	4	2	5	2	1	4	2	1	3	4	3	1	5	1	1	3	4	3	5	5	1	1	2	4	2	3	1	4	1	5	4	2	5	5	5	5	5	5	5	2	1	4	1	3	4	1	1	4	3	5	3	1	2	5	2	1	5	5	5	5	1	1	2	1	5	3
AT5G16150	3	1	3	2	3	5	3	3	5	5	3	4	1	5	1	4	5	2	4	1	2	3	5	1	4	3	2	2	1	1	1	3	3	1	4	2	5	2	1	4	2	1	3	4	3	1	5	1	1	3	4	3	5	5	1	1	2	4	2	3	1	4	1	5	4	2	5	5	5	5	5	5	5	2	1	4	1	3	4	1	1	4	3	5	1	1	2	5	2	2	5	5	5	5	1	1	2	1	5	3
AT4G24750	4	4	1	3	5	4	4	4	4	2	5	3	3	4	4	2	4	3	5	3	1	2	4	4	2	4	4	5	5	3	4	2	2	4	5	3	4	5	3	3	4	4	4	2	4	4	1	3	3	5	1	4	4	3	3	2	5	5	5	5	3	5	5	3	2	5	1	4	1	4	4	3	3	1	5	5	4	5	5	3	5	3	2	3	5	3	4	3	3	5	2	3	4	3	3	3	4	2	3	2
AT4G01050	4	4	1	3	5	4	4	4	4	2	5	3	3	4	4	2	4	3	5	3	1	2	4	4	2	3	4	5	5	1	4	2	2	4	5	3	4	2	3	3	2	4	4	2	4	4	1	3	3	5	1	4	4	3	3	2	5	5	5	5	1	4	5	5	2	5	1	4	1	4	4	3	3	1	5	5	4	5	4	3	5	4	2	3	5	3	4	3	3	5	2	3	4	3	3	3	4	1	3	2
AT1G02560	3	1	3	2	3	5	3	3	5	1	3	4	1	5	1	4	5	2	4	1	2	3	5	1	4	3	2	2	1	1	1	3	3	1	4	2	5	2	1	4	2	1	3	4	3	1	5	1	1	3	4	3	5	5	1	1	2	4	2	3	1	4	1	5	4	2	5	5	5	5	5	5	5	2	1	4	1	3	4	1	1	4	3	5	1	1	2	5	2	2	5	5	5	5	1	1	2	1	5	3
AT1G18730	3	1	3	2	3	5	3	3	5	5	3	4	1	5	1	4	5	2	4	1	2	3	5	1	4	3	2	2	1	1	1	3	3	1	4	2	5	2	1	4	2	1	3	4	3	1	5	1	1	3	4	3	5	5	1	1	2	4	2	3	1	4	1	5	4	2	5	5	5	5	5	5	5	2	1	4	1	3	4	1	1	4	3	5	1	1	2	5	2	2	5	5	5	5	1	1	2	1	5	3
AT3G46780	3	1	3	2	3	5	3	3	5	5	3	4	1	5	1	4	5	2	4	1	2	3	5	1	4	3	2	2	1	1	1	3	3	1	4	2	5	2	1	4	2	1	3	4	3	1	5	1	1	3	4	3	5	5	1	1	2	4	2	3	1	4	1	5	4	2	5	5	5	5	5	5	5	2	1	4	1	3	4	1	1	4	3	5	1	1	2	5	2	2	5	5	5	5	1	1	2	1	5	3
AT1G79450	4	4	1	3	5	4	4	4	4	2	5	3	3	4	4	2	4	3	5	3	1	2	4	4	2	4	4	5	5	3	4	2	2	4	5	3	4	5	3	3	4	4	4	2	4	4	1	3	3	5	1	4	4	3	3	2	5	5	5	5	3	5	5	3	2	5	1	4	1	4	4	3	3	1	5	5	4	5	5	3	5	3	2	3	5	3	4	3	3	5	2	3	4	3	3	3	4	2	3	2
AT1G06690	3	1	3	2	3	5	3	3	5	1	3	4	1	5	1	4	5	2	4	1	2	3	5	1	4	3	2	2	1	1	1	3	3	1	4	2	5	2	1	4	2	1	3	4	3	1	5	1	1	3	4	3	5	5	1	1	2	4	2	3	1	4	1	5	4	2	5	5	5	5	5	5	5	2	1	4	1	3	4	1	1	4	3	5	1	1	2	5	2	2	5	5	5	5	1	1	2	1	5	3
AT1G23740	4	4	1	3	5	4	4	4	4	2	5	3	3	4	4	2	4	3	5	3	1	2	4	4	2	4	4	5	5	3	4	2	2	4	5	3	4	5	3	3	4	4	4	2	4	4	1	3	3	5	1	4	4	3	3	2	5	5	5	5	3	5	5	3	2	5	1	4	1	4	4	3	3	1	5	5	4	5	5	3	5	3	2	3	5	3	4	3	3	5	2	3	4	3	3	3	4	2	3	2
AT3G46610	1	1	2	5	3	2	5	1	2	3	2	5	5	1	5	5	5	1	2	2	5	1	3	1	5	3	2	3	3	2	2	4	3	2	4	2	1	1	5	5	3	3	2	1	5	3	2	2	5	2	5	3	2	1	2	5	1	3	4	1	4	2	3	1	1	4	5	2	3	5	3	1	5	4	1	4	2	3	3	2	1	2	1	2	2	5	2	5	5	1	3	2	2	5	2	1	1	3	5	3
AT1G29920	3	1	3	2	3	5	3	3	5	1	3	4	1	5	1	4	5	2	4	1	2	3	5	1	4	3	2	2	1	1	1	3	3	1	4	2	5	2	1	4	2	1	3	4	3	1	5	1	1	3	4	3	5	5	1	1	2	4	2	3	1	4	1	5	4	2	5	5	5	5	5	5	5	2	1	4	1	3	4	1	1	4	3	5	1	1	2	5	2	2	5	5	5	5	1	1	2	1	5	3
AT1G50450	4	4	1	3	5	4	4	4	4	2	5	3	3	4	4	2	4	3	1	3	1	2	4	4	2	4	4	5	5	3	4	2	2	4	5	3	4	5	3	3	4	4	4	2	4	4	1	3	3	1	1	4	4	3	3	2	5	5	5	5	3	5	5	3	2	5	1	4	1	4	4	3	3	1	5	5	4	5	5	3	5	3	2	3	5	3	4	3	3	5	4	3	4	3	3	3	4	2	3	2
AT2G17630	3	1	3	2	3	5	3	3	5	1	3	4	1	5	1	4	5	2	4	1	2	3	5	1	4	3	2	2	1	1	1	3	3	1	4	2	5	2	1	4	2	1	3	4	3	1	5	1	1	3	4	3	5	5	1	1	2	4	2	3	1	4	1	5	4	2	5	5	5	5	5	5	5	2	1	4	1	3	4	1	1	4	3	5	1	1	2	5	2	2	5	5	5	5	1	1	2	1	5	3
AT1G14590	4	4	1	3	5	4	4	4	4	2	5	3	3	4	4	2	4	3	5	3	1	2	4	4	2	3	4	5	5	1	4	2	2	4	5	3	5	2	3	3	2	1	4	2	4	4	1	3	3	5	1	4	4	3	3	2	5	5	5	5	1	4	5	5	2	5	1	4	1	4	4	3	3	1	5	5	4	5	4	1	5	4	2	3	5	3	4	3	3	5	2	3	4	3	3	3	4	1	3	2
AT1G54790	4	4	1	3	5	4	4	4	4	2	5	3	3	4	4	2	4	3	5	3	1	2	4	4	2	4	4	5	5	3	4	2	2	4	5	3	4	5	3	3	4	4	4	2	4	4	1	3	3	5	1	4	4	3	3	2	5	5	5	5	3	5	5	3	2	5	1	4	1	4	4	3	3	1	5	5	4	5	5	3	5	3	2	3	5	3	4	3	3	5	2	3	4	3	3	3	4	2	3	2
AT2G22360	3	1	2	2	3	5	5	3	5	5	3	5	1	5	1	4	5	2	2	1	5	1	5	1	4	3	2	2	1	1	1	3	3	1	4	2	5	2	1	4	2	1	3	4	3	3	5	1	1	3	4	3	5	5	1	5	2	4	2	3	1	4	1	5	4	2	5	5	5	5	5	5	5	2	1	4	1	3	4	1	1	4	3	5	3	1	2	5	2	1	5	5	5	5	1	1	2	1	5	3
AT4G39960	4	4	1	3	5	4	4	4	4	2	5	3	3	4	4	2	4	3	5	3	1	2	4	4	2	4	4	5	5	3	4	2	2	4	5	3	4	5	3	3	4	4	4	2	4	4	1	3	3	5	1	4	4	3	3	2	5	5	5	5	1	5	5	3	2	5	1	4	1	4	4	3	3	1	5	5	4	5	5	3	5	3	2	3	5	3	4	3	3	5	2	3	4	3	3	3	4	2	3	2
AT1G15820	3	1	3	2	3	5	3	3	5	5	3	4	1	5	1	4	5	2	4	1	2	3	5	1	4	3	2	2	1	1	1	3	3	1	4	2	5	2	1	4	2	1	3	4	3	1	5	1	1	3	4	3	5	5	1	1	2	4	2	3	1	4	1	5	4	2	5	5	5	5	5	5	5	2	1	4	1	3	4	1	1	4	3	5	1	1	2	5	2	2	5	5	5	5	1	1	2	1	5	3
AT5G52440	3	1	2	2	3	5	3	3	5	5	3	5	5	5	1	4	5	2	2	1	5	1	5	1	4	3	2	2	1	1	2	3	3	1	4	2	5	2	1	4	2	1	3	4	3	1	5	1	1	2	4	3	5	5	1	5	2	4	2	3	1	4	1	5	4	2	5	5	5	5	3	5	5	2	1	4	1	3	4	1	1	4	3	5	1	1	2	5	2	2	5	5	5	5	1	1	2	1	5	3
AT1G74880	4	4	1	3	5	4	4	4	4	2	5	3	3	4	4	2	4	3	1	3	1	2	4	4	2	4	4	5	5	3	4	2	2	4	5	3	4	5	3	3	4	4	4	2	4	4	1	3	3	5	1	4	4	3	3	2	5	5	5	5	3	5	5	3	2	5	2	4	1	4	4	3	3	1	5	5	4	5	5	3	5	3	2	3	5	3	4	3	3	5	4	3	4	3	3	3	4	2	3	2
AT3G28850	3	1	3	2	3	5	3	3	5	5	3	4	1	5	1	4	5	2	4	1	2	3	5	1	4	3	2	2	1	1	1	3	3	1	4	2	5	2	1	4	2	1	3	4	3	1	5	1	1	3	4	3	5	5	1	1	2	4	2	3	1	4	1	5	4	2	5	5	5	5	5	5	5	2	1	4	1	3	4	1	1	4	3	5	1	1	2	5	2	2	5	5	5	5	1	1	2	1	5	3
AT5G02160	4	5	1	3	5	4	4	4	4	2	5	3	3	4	4	2	4	3	1	3	1	2	4	4	2	4	4	5	5	3	4	2	2	4	3	3	4	5	3	3	4	4	4	2	4	4	1	3	3	1	1	4	4	3	3	2	5	5	5	5	3	5	5	3	3	5	1	4	1	4	4	3	3	1	5	5	4	5	5	3	5	3	2	3	5	3	1	2	3	5	2	3	4	3	3	3	4	2	3	2
AT4G33520	3	3	4	4	4	2	1	1	1	4	4	1	2	2	2	3	3	1	3	2	3	5	1	5	5	1	5	1	4	4	5	1	4	5	2	1	3	3	2	1	1	5	5	1	2	4	3	5	4	4	3	5	3	4	4	3	4	2	3	4	2	1	4	4	3	3	3	3	4	2	2	5	4	4	3	1	2	4	1	4	3	5	5	1	2	4	3	1	5	3	2	4	1	4	2	5	1	5	1	5
AT1G80380	3	1	3	2	3	4	3	3	5	1	3	4	3	5	1	4	5	2	5	1	2	3	5	1	4	3	2	2	1	1	1	3	3	1	5	2	5	2	1	4	2	1	3	4	3	1	5	1	1	3	4	4	5	5	1	1	2	4	2	3	1	4	1	5	2	2	5	5	5	5	5	5	5	2	5	4	1	3	4	1	1	4	3	5	1	1	2	5	2	2	5	5	5	5	1	1	2	1	5	1
AT5G01220	4	4	1	3	5	4	4	4	4	2	5	3	3	4	4	2	4	3	1	3	1	2	4	4	2	4	4	5	5	3	4	2	2	4	5	3	4	5	3	3	4	4	4	2	4	4	1	3	3	5	1	4	4	3	3	2	5	5	5	5	3	5	5	3	2	5	2	4	1	4	4	3	3	1	5	5	4	5	5	3	5	3	2	3	3	3	4	3	3	5	4	3	4	3	3	3	4	2	3	4
AT2G27290	3	1	3	2	3	5	3	3	5	1	3	4	1	5	1	4	5	2	4	1	2	3	5	1	4	3	2	2	1	1	1	3	3	1	4	2	5	2	1	4	2	1	3	4	3	1	5	1	1	3	4	3	5	5	1	1	2	4	2	3	1	4	1	5	4	2	5	5	5	5	5	5	5	2	1	4	1	3	4	1	1	4	3	5	1	1	2	5	2	2	5	5	5	5	1	1	2	1	5	3
AT2G37400	2	3	5	1	2	3	4	2	3	2	1	3	4	3	3	1	4	5	1	5	4	4	2	3	3	4	3	4	5	3	3	5	1	3	1	5	2	5	4	2	4	4	5	5	1	2	4	3	2	1	2	2	1	2	5	2	3	2	1	4	3	5	2	3	5	3	2	3	2	3	1	2	1	5	4	3	5	1	5	3	4	3	2	4	5	3	5	4	1	4	4	1	3	2	4	2	5	2	4	4
AT4G28025	3	1	2	2	3	5	5	3	5	5	3	5	5	5	5	5	5	2	2	2	5	1	5	1	4	3	2	3	1	1	1	3	3	1	4	2	5	2	1	4	2	1	3	4	3	3	5	4	1	2	4	3	5	5	1	5	1	4	2	3	1	4	1	5	4	2	5	5	5	5	3	5	5	2	1	4	1	3	4	1	1	4	3	5	3	1	2	5	2	1	5	5	5	5	1	1	2	1	5	3
AT3G15840	2	3	5	1	2	3	4	2	3	2	1	3	4	3	3	2	4	5	1	5	4	4	2	3	3	4	3	4	5	3	3	5	1	3	1	5	4	5	4	2	4	4	5	5	1	2	4	3	2	1	2	2	1	2	5	2	3	2	1	4	3	5	2	3	5	3	2	3	2	3	1	2	1	5	4	3	5	1	5	3	4	3	2	4	5	3	5	4	1	4	4	1	3	2	4	2	5	2	4	4
AT4G37925	3	4	1	3	3	4	3	3	5	5	5	3	1	5	4	2	4	3	4	3	1	2	4	4	4	3	4	5	1	1	1	3	3	1	5	3	5	4	1	4	2	1	3	2	4	1	5	3	1	5	4	4	4	5	1	1	2	4	5	3	1	4	1	5	2	2	5	5	5	5	4	5	5	2	5	4	4	5	4	1	5	4	3	5	5	1	4	3	2	5	5	5	4	3	1	3	2	1	5	2
AT4G27700	4	4	1	3	5	4	4	4	4	2	5	3	3	4	4	2	4	3	5	3	1	2	4	4	2	4	4	5	5	3	4	2	2	4	5	3	4	5	3	3	4	4	4	2	4	4	1	3	3	5	1	4	4	3	3	2	5	5	5	5	1	4	5	3	2	5	1	4	1	4	4	3	3	1	5	5	4	5	5	3	5	3	2	3	5	3	4	3	3	5	2	3	4	3	3	3	4	2	3	2
AT5G23890	4	4	1	3	5	4	4	4	4	2	5	3	3	4	4	2	4	3	1	3	1	2	4	4	2	4	4	5	5	3	4	2	2	4	5	3	4	5	3	3	4	4	4	2	4	4	1	3	3	5	1	4	4	3	3	2	5	5	5	5	3	5	5	3	2	5	1	4	1	4	4	3	3	1	5	5	4	5	5	3	5	3	2	3	5	3	4	3	3	5	2	3	4	3	3	3	4	2	3	2
AT2G30950	3	1	3	2	3	5	3	3	5	1	3	4	1	5	1	4	5	2	4	1	2	3	5	1	4	3	2	2	1	1	1	3	3	1	4	2	5	2	1	4	2	1	3	4	3	1	5	1	1	3	4	3	5	5	1	1	2	4	2	3	1	4	1	5	4	2	5	5	5	5	5	5	5	2	1	4	1	3	4	1	1	4	3	5	1	1	2	5	2	2	5	5	5	5	1	1	2	1	5	3
AT5G19500	3	1	3	2	3	5	3	3	5	5	3	4	1	5	1	4	5	2	4	1	2	3	5	1	4	3	2	2	1	1	1	3	3	1	4	2	5	2	1	4	2	1	3	4	3	1	5	1	1	3	4	3	5	5	1	1	2	4	2	3	1	4	1	5	4	2	5	5	5	5	5	5	5	2	1	4	1	3	4	1	1	4	3	5	1	1	2	5	2	2	5	5	5	5	1	1	2	1	5	3
AT1G44575	1	1	2	5	4	5	5	1	2	3	2	5	5	1	5	5	5	1	2	2	5	1	3	1	4	5	2	3	3	2	2	4	4	2	4	2	1	1	5	5	3	3	2	1	5	3	2	4	5	2	5	3	2	1	2	5	1	3	4	1	4	2	3	1	1	4	2	2	3	2	3	1	5	4	1	4	2	3	3	2	3	2	1	2	1	5	2	5	5	1	3	2	2	3	2	1	1	3	5	3
AT4G13010	3	1	3	2	3	5	3	3	5	5	3	4	1	5	1	4	5	2	4	1	2	3	5	1	4	3	2	2	1	1	1	3	3	1	4	2	5	2	1	4	2	1	3	4	3	1	5	1	1	3	4	3	5	5	1	1	2	4	2	3	1	4	1	5	4	2	5	5	5	5	5	5	5	2	1	4	1	3	4	1	1	4	3	5	1	1	2	5	2	2	5	5	5	5	1	1	2	1	5	3
AT2G40100	3	1	3	2	3	5	3	3	5	1	3	4	1	5	1	4	5	2	4	1	2	3	5	1	4	3	2	2	1	1	1	3	3	1	4	2	5	2	1	4	2	1	3	4	3	1	5	1	1	3	4	3	5	5	1	1	2	4	2	3	1	4	1	5	4	2	5	5	5	5	5	5	5	2	1	4	1	3	4	1	1	4	3	5	1	1	2	5	2	2	5	5	5	5	1	1	2	1	5	3
AT1G71500	1	1	2	5	4	5	5	1	2	3	2	5	5	1	5	5	5	1	2	2	5	1	3	1	4	5	2	3	3	2	2	4	4	2	4	2	1	1	5	5	3	3	2	1	5	3	2	4	5	2	5	3	2	1	2	5	1	3	4	1	4	2	3	1	1	4	2	2	3	2	3	1	5	4	1	4	2	3	3	2	3	2	1	2	1	5	2	5	5	1	3	2	2	3	2	1	1	3	5	3
AT1G42960	3	1	3	2	3	5	3	3	5	1	3	4	1	5	1	4	5	2	4	1	2	3	5	1	4	3	2	2	1	1	1	3	3	1	4	2	5	2	1	4	2	1	3	4	3	1	5	1	1	3	4	3	5	5	1	1	2	4	2	3	1	4	1	5	4	2	5	5	5	5	5	5	5	2	1	4	1	3	4	1	1	4	3	5	1	1	2	5	2	2	5	5	5	5	1	1	2	1	5	3
AT3G26080	3	4	1	2	3	5	3	3	5	1	3	4	1	5	4	4	5	3	4	1	2	3	5	1	4	3	2	2	1	1	1	3	3	1	5	2	5	2	1	4	2	1	3	4	3	1	5	1	1	5	4	4	5	5	1	1	2	4	2	3	1	4	1	5	2	2	5	5	5	5	5	5	5	2	1	4	1	5	4	1	5	4	3	5	1	1	2	3	2	2	5	5	5	5	1	1	2	1	5	2
AT2G21530	2	3	5	1	2	3	4	2	3	2	1	3	4	3	3	1	4	5	1	5	4	4	2	3	3	4	3	4	5	3	3	5	1	3	1	5	2	5	4	2	4	4	5	5	1	2	4	3	2	1	2	2	1	2	5	3	3	2	1	4	3	5	2	3	5	3	2	3	2	3	1	2	1	5	4	3	5	1	5	3	4	3	2	4	5	3	5	4	1	4	4	1	3	2	4	2	5	2	4	4
AT4G19830	3	1	3	2	3	5	3	3	5	1	3	4	1	5	1	4	5	2	4	1	2	3	5	1	4	3	2	2	1	1	1	3	3	1	4	2	5	2	1	4	2	1	3	4	3	1	5	1	1	3	4	3	5	5	1	1	2	4	2	3	1	4	1	5	4	2	5	5	5	5	5	5	5	2	1	4	1	3	4	1	1	4	3	5	1	1	2	5	2	2	5	5	5	5	1	1	2	1	5	3
AT2G37660	3	1	3	2	3	5	3	3	5	1	3	4	1	5	1	4	5	2	4	1	2	3	5	1	4	3	2	2	1	1	1	3	3	1	4	2	5	2	1	4	2	1	3	4	3	1	5	1	1	3	4	3	5	5	1	1	2	4	2	3	1	4	1	5	4	2	5	5	5	5	5	5	5	2	1	4	1	3	4	1	1	4	3	5	1	1	2	5	2	2	5	5	5	5	1	1	2	1	5	3
AT3G10470	3	1	3	2	3	5	3	3	5	1	3	4	1	5	1	4	5	2	4	1	2	3	5	1	4	3	2	2	1	1	1	3	3	1	4	2	5	2	1	4	2	1	3	4	3	1	5	1	1	3	4	3	5	5	1	1	2	4	2	3	1	4	1	5	4	2	5	5	5	5	5	5	5	2	1	4	1	3	4	1	1	4	3	5	1	1	2	5	2	2	5	5	5	5	1	1	2	1	5	3
AT2G37230	4	5	1	3	5	4	4	4	4	2	5	3	3	4	4	2	4	3	5	3	1	2	4	4	2	4	4	5	5	3	4	2	2	4	3	3	4	5	3	3	4	4	4	2	4	4	1	3	3	5	1	4	4	3	3	2	5	5	5	5	3	5	5	3	3	5	1	4	1	4	4	3	3	1	5	5	4	5	5	3	5	3	2	3	5	3	1	2	3	5	2	3	4	3	3	3	4	2	3	2
AT1G54780	3	1	2	2	3	5	5	3	5	5	3	5	5	5	5	4	5	2	2	2	5	1	5	1	4	3	2	3	1	1	1	3	3	1	4	2	5	2	1	4	2	1	3	4	3	3	5	4	1	2	4	3	5	5	1	5	1	4	2	3	1	4	1	5	4	2	5	5	5	5	5	5	5	2	1	4	1	3	4	1	1	4	3	5	3	1	2	5	2	1	5	5	5	5	1	1	2	1	5	3
AT4G33010	5	1	3	2	3	5	3	3	5	1	3	4	1	5	1	4	5	2	4	1	2	3	5	1	4	3	2	2	1	1	1	3	3	1	4	2	5	2	1	4	2	1	3	4	3	1	5	1	1	3	4	3	5	5	1	1	2	4	2	3	1	4	1	5	4	2	5	5	5	5	5	5	5	2	1	4	1	3	4	5	1	4	3	5	1	1	2	5	2	2	5	5	5	5	1	1	2	1	5	1
AT5G19370	3	1	3	2	3	5	3	3	5	1	3	4	1	5	1	4	5	2	4	1	2	3	5	1	4	3	2	2	1	1	1	3	3	1	4	2	5	2	1	4	2	1	3	4	3	1	5	1	1	3	4	3	5	5	1	1	2	4	2	3	1	4	1	5	4	2	5	5	5	5	5	5	5	2	1	4	1	3	4	1	1	4	3	5	1	1	2	5	2	2	5	5	5	5	1	1	2	1	5	3
AT2G30695	2	3	5	1	2	3	4	2	3	2	1	3	4	3	3	2	4	5	1	5	4	4	2	3	3	4	3	4	5	3	3	5	1	3	1	5	4	5	4	2	4	4	5	5	1	2	4	3	2	1	2	2	1	2	5	2	3	2	1	4	3	5	2	3	5	3	2	3	2	3	1	2	1	5	4	3	5	1	5	3	4	3	2	4	5	3	5	4	1	4	4	1	3	2	4	2	5	2	4	4
AT5G42070	3	1	3	2	3	5	3	3	5	1	3	4	1	5	1	4	5	2	4	1	2	3	5	1	4	3	2	2	1	1	1	3	3	1	4	2	5	2	1	4	2	1	3	4	3	1	5	1	1	3	4	3	5	5	1	1	2	4	2	3	1	4	1	5	4	2	5	5	5	5	5	5	5	2	1	4	1	3	4	1	1	4	3	5	1	1	2	5	2	2	5	5	5	5	1	1	2	1	5	3
AT4G39730	4	4	1	3	5	4	4	4	4	2	5	3	3	4	4	2	4	3	5	3	1	2	4	4	2	4	4	5	5	3	4	2	2	4	5	3	4	5	3	3	4	4	4	2	4	4	1	3	3	5	1	4	4	3	3	2	5	5	5	5	3	5	5	3	2	5	1	4	1	4	4	3	3	1	5	5	4	5	5	3	5	3	2	3	5	3	4	3	3	5	2	3	4	3	3	3	4	2	3	2
AT1G07510	3	1	3	2	3	5	3	3	5	5	3	4	1	5	1	4	5	2	4	1	2	3	5	1	4	3	2	2	1	1	1	3	3	1	4	2	5	2	1	4	2	1	3	4	3	1	5	1	1	3	4	3	5	5	1	1	2	4	2	3	1	4	1	5	4	2	5	5	5	5	5	5	5	2	1	4	1	3	4	1	1	4	3	5	1	1	2	5	2	2	5	5	5	5	1	1	2	1	5	3
AT1G79040	1	1	2	5	4	5	5	1	2	3	2	5	5	1	5	5	5	1	2	2	5	1	3	1	4	5	2	3	3	2	2	4	4	2	4	2	1	1	5	5	3	3	2	1	5	3	2	4	5	2	5	3	2	1	2	5	1	3	4	1	4	2	3	1	1	4	2	2	3	2	3	1	5	4	1	4	2	3	3	2	3	2	1	2	1	5	2	5	5	1	3	2	2	3	2	1	1	3	5	3
AT2G21160	4	5	1	3	5	4	4	4	4	2	5	3	3	4	4	2	4	3	5	3	1	2	4	4	2	4	4	5	5	3	4	2	2	4	3	3	4	5	3	3	4	4	4	2	4	4	1	3	3	5	1	4	4	3	3	2	5	5	5	5	3	5	5	3	3	5	1	4	1	4	4	3	3	1	5	5	4	5	5	3	5	3	2	3	5	3	1	2	3	5	2	3	4	3	3	3	4	2	3	2
AT4G39460	3	1	3	2	3	5	3	3	5	1	3	4	1	5	1	4	5	2	4	1	2	3	5	1	4	3	2	2	1	1	1	3	3	1	4	2	5	2	1	4	2	1	3	4	3	1	5	1	1	3	4	3	5	5	1	1	2	4	2	3	1	4	1	5	4	2	5	5	5	5	5	5	5	2	1	4	1	3	4	1	1	4	3	5	1	1	2	5	2	2	5	5	5	5	1	1	2	1	5	3
AT3G26580	3	1	3	2	3	5	3	3	5	1	3	4	1	5	1	4	5	2	4	1	2	3	5	1	4	3	2	2	1	1	1	3	3	1	4	2	5	2	1	4	2	1	3	4	3	1	5	1	1	3	4	3	5	5	1	1	2	4	2	3	1	4	1	5	4	2	5	5	5	5	5	5	5	2	1	4	1	3	4	1	1	4	3	5	1	1	2	5	2	2	5	5	5	5	1	1	2	1	5	3
AT1G03160	3	1	3	2	3	5	3	3	5	1	3	4	1	5	1	4	5	2	4	1	2	3	5	1	4	3	2	2	1	1	1	3	3	1	4	2	5	2	1	4	2	1	3	4	3	1	5	1	1	3	4	3	5	5	1	1	2	4	2	3	1	4	1	5	4	2	5	5	5	5	5	5	5	2	1	4	1	3	4	1	1	4	3	5	1	1	2	5	2	2	5	5	5	5	1	1	2	1	5	1
AT2G24020	3	1	3	2	3	5	3	3	5	5	3	4	1	5	1	4	5	2	4	1	2	3	5	1	4	3	2	2	1	1	1	3	3	1	4	2	5	2	1	4	2	1	3	4	3	1	5	1	1	3	4	3	5	5	1	1	2	4	2	3	1	4	1	5	4	2	5	5	5	5	5	5	5	2	1	4	1	3	4	1	1	4	3	5	1	1	2	5	2	2	5	5	5	5	1	1	2	1	5	3
AT1G05385	4	4	1	3	5	4	4	4	4	2	5	3	3	4	4	2	4	3	5	3	1	2	4	4	2	4	4	5	5	3	4	2	2	4	5	3	4	5	3	3	4	4	4	2	4	4	1	3	3	5	1	4	4	3	3	2	5	5	5	5	1	5	5	3	2	5	1	4	1	4	4	3	3	1	5	5	4	5	5	3	5	3	2	3	5	3	4	3	3	5	2	3	4	3	3	3	4	2	3	2
AT5G52970	3	1	3	2	3	5	3	3	5	5	3	4	1	5	1	4	5	2	4	1	2	3	5	1	4	3	2	2	1	1	1	3	3	1	4	2	5	2	1	4	2	1	3	4	3	1	5	1	1	3	4	3	5	5	1	1	2	4	2	3	1	4	1	5	4	2	5	5	5	5	5	5	5	2	1	4	1	3	4	1	1	4	3	5	1	1	2	5	2	2	5	5	5	5	1	1	2	1	5	3
AT3G08920	5	1	3	2	3	5	3	3	5	1	3	4	1	5	1	4	5	2	4	1	2	3	5	1	4	3	2	2	1	1	1	3	3	1	4	2	5	2	1	4	2	1	3	4	3	1	5	1	1	3	4	3	5	5	1	1	2	4	2	3	1	4	1	5	4	2	5	5	5	5	5	5	5	2	1	4	1	3	4	5	1	4	3	5	1	1	2	5	2	2	5	5	5	5	1	1	2	1	5	1
AT1G72640	3	1	3	2	3	5	3	3	5	1	3	4	1	5	1	4	5	2	4	1	2	3	5	1	4	3	2	2	1	1	1	3	3	1	4	2	5	2	1	4	2	1	3	4	3	1	5	1	1	3	4	3	5	5	1	1	2	4	2	3	1	4	1	5	4	2	5	5	5	5	5	5	5	2	1	4	1	3	4	1	1	4	3	5	1	1	2	5	2	2	5	5	5	5	1	1	2	1	5	3
AT1G67840	4	4	1	3	5	4	4	3	4	2	5	3	3	5	4	2	4	3	1	3	1	2	4	4	2	4	4	5	5	3	1	2	2	4	5	3	4	4	1	3	4	4	3	2	4	1	5	3	1	5	1	4	4	3	1	2	2	5	5	3	3	5	5	3	2	2	2	5	5	4	4	3	3	1	5	5	4	5	5	3	5	3	2	5	5	3	4	3	2	5	5	3	4	3	1	3	4	2	3	2
AT5G13120	3	1	3	2	3	5	3	3	5	5	3	4	1	5	1	4	5	2	4	1	2	3	5	1	4	3	2	2	1	1	1	3	3	1	4	2	5	2	1	4	2	1	3	4	3	1	5	1	1	3	4	3	5	5	1	1	2	4	2	3	1	4	1	5	4	2	5	5	5	5	5	5	5	2	1	4	1	3	4	1	1	4	3	5	1	1	2	5	2	2	5	5	5	5	1	1	2	1	5	3
AT4G31390	1	1	4	5	4	2	1	1	1	4	2	2	2	2	2	3	1	4	3	5	3	5	1	5	5	2	5	1	4	2	5	1	4	2	2	1	3	1	2	1	1	2	2	3	2	5	3	2	4	4	3	5	2	4	4	3	4	3	4	2	4	1	3	2	1	3	3	3	4	2	2	1	4	3	2	4	2	2	2	4	3	2	1	2	2	4	3	1	5	3	3	4	2	1	2	4	1	3	2	5
AT4G24930	4	4	1	3	5	4	4	4	4	2	5	3	3	4	4	2	4	3	5	3	1	2	4	4	2	3	4	5	5	3	4	2	2	4	5	3	4	2	3	3	2	4	4	2	4	4	1	3	3	5	1	4	4	3	3	2	5	5	5	5	1	4	5	5	2	5	1	4	1	4	4	3	3	1	5	5	4	5	4	3	5	3	2	3	5	3	4	3	3	5	2	3	4	3	3	3	4	2	3	2
AT1G74710	3	1	3	2	3	5	3	3	5	5	3	4	1	5	1	4	5	2	4	1	2	3	5	1	4	3	2	2	1	1	1	3	3	1	4	2	5	2	1	4	2	1	3	4	3	1	5	1	1	3	4	3	5	5	1	1	2	4	2	3	1	4	1	5	4	2	5	5	5	5	5	5	5	2	1	4	1	3	4	1	1	4	3	5	1	1	2	5	2	2	5	5	5	5	1	1	2	1	5	3
AT4G18370	3	1	3	2	3	5	3	3	5	1	3	4	1	5	1	4	5	2	4	1	2	3	5	1	4	3	2	2	1	1	1	3	3	1	4	2	5	2	1	4	2	1	3	4	3	1	5	1	1	3	4	3	5	5	1	1	2	4	2	3	1	4	1	5	4	2	5	5	5	5	5	5	5	2	1	4	1	3	4	1	1	4	3	5	1	1	2	5	2	2	5	5	5	5	1	1	2	1	5	3
AT1G03090	2	3	5	1	2	3	4	2	3	2	1	3	4	3	3	1	4	5	1	5	4	4	2	3	3	4	3	4	5	3	3	5	1	3	1	5	2	5	4	2	4	4	5	5	1	2	4	3	2	1	2	2	1	2	5	3	3	2	1	4	3	5	2	3	5	3	2	3	2	3	1	2	1	5	4	3	5	1	5	3	4	3	2	4	5	3	5	4	1	4	4	1	3	2	4	2	5	2	4	4
AT3G55330	3	1	3	2	3	5	3	3	5	1	3	4	1	5	1	4	5	2	4	1	2	3	5	1	4	3	2	2	1	1	1	3	3	1	4	2	5	2	1	4	2	1	3	4	3	1	5	1	1	3	4	3	5	5	1	1	2	4	2	3	1	4	1	5	4	2	5	5	5	5	5	5	5	2	1	4	1	3	4	1	1	4	3	5	1	1	2	5	2	2	5	5	5	5	1	1	2	1	5	3
AT4G36810	2	2	4	4	1	1	2	5	1	4	4	1	2	3	2	1	2	4	5	4	3	5	2	2	1	1	1	1	2	5	5	1	5	5	2	4	2	3	2	1	5	2	1	3	2	5	3	2	4	4	3	1	3	4	5	4	4	1	3	2	2	3	4	4	5	1	4	1	4	1	2	4	2	3	2	2	3	4	1	5	2	5	4	4	4	2	3	1	4	3	1	4	3	4	5	5	3	4	1	5
AT1G16790	4	4	1	3	5	4	4	4	4	2	5	3	3	4	4	2	4	3	5	3	1	2	4	4	2	4	4	5	5	3	4	2	2	4	5	3	4	5	3	3	4	4	4	2	4	4	1	3	3	5	1	4	4	3	3	2	5	5	5	5	3	5	5	3	2	5	1	4	1	4	4	3	3	1	5	5	4	5	5	3	5	3	2	3	5	3	4	3	3	5	2	3	4	3	3	3	4	2	3	2
AT1G15140	3	1	3	2	3	5	3	3	5	5	3	4	1	5	1	4	5	2	4	1	2	3	5	1	4	3	2	2	1	1	1	3	3	1	4	2	5	2	1	4	2	1	3	4	3	1	5	1	1	3	4	3	5	5	1	1	2	4	2	3	1	4	1	5	4	2	5	5	5	5	5	5	5	2	1	4	1	3	4	1	1	4	3	5	1	1	2	5	2	2	5	5	5	5	1	1	2	1	5	3
AT1G31180	4	5	1	3	5	4	4	4	4	2	5	3	3	4	3	2	4	5	1	3	1	2	4	4	2	4	4	5	5	3	4	2	2	4	3	3	4	5	3	3	4	4	4	2	4	4	1	3	3	1	1	4	4	3	3	2	5	5	5	5	3	5	5	3	3	5	1	4	1	4	4	3	3	1	5	5	4	5	5	3	4	3	2	3	5	3	1	2	3	5	2	3	4	3	3	3	4	2	3	2
AT5G03455	3	1	3	2	3	5	3	3	5	1	3	4	1	5	1	4	5	2	4	1	2	3	5	1	4	3	2	2	1	1	1	3	3	1	4	2	5	2	1	4	2	1	3	4	3	1	5	1	1	3	4	3	5	5	1	1	2	4	2	3	1	4	1	5	4	2	5	5	5	5	5	5	5	2	1	4	1	3	4	1	1	4	3	5	1	1	2	5	2	2	5	5	5	5	1	1	2	1	5	3
AT5G52780	4	4	1	3	5	4	4	4	4	2	5	3	3	4	4	2	4	3	5	3	1	2	4	4	2	4	4	5	5	3	4	2	2	4	5	3	4	5	3	3	4	4	4	2	4	4	1	3	3	5	1	4	4	3	3	2	5	5	5	5	3	5	5	3	2	5	1	4	1	4	4	3	3	1	5	5	4	5	5	3	5	3	2	3	5	3	4	3	3	5	2	3	4	3	3	3	4	2	3	2
AT1G51110	3	1	3	2	3	5	3	3	5	5	3	4	1	5	1	4	5	2	4	1	2	3	5	1	4	3	2	2	1	1	1	3	3	1	4	2	5	2	1	4	2	1	3	4	3	1	5	1	1	3	4	3	5	5	1	1	2	4	2	3	1	4	1	5	4	2	5	5	5	5	5	5	5	2	1	4	1	3	4	1	1	4	3	5	1	1	2	5	2	2	5	5	5	5	1	1	2	1	5	3
AT3G25480	2	3	5	1	2	3	4	2	3	2	1	3	4	3	3	2	4	5	1	5	4	4	2	3	3	4	3	4	5	3	3	5	1	3	1	5	4	5	4	2	4	4	5	5	1	2	4	3	2	1	2	2	1	2	5	2	3	2	1	4	3	5	2	3	5	3	2	3	2	3	1	2	1	5	4	3	5	1	5	3	4	3	2	4	5	3	5	4	1	4	4	1	3	2	4	2	5	2	4	4
AT5G42765	3	4	1	2	5	4	3	3	5	1	3	3	3	5	4	4	5	3	5	3	1	2	5	4	2	3	4	5	1	1	1	3	2	4	5	3	5	2	1	3	2	1	3	2	3	1	5	1	3	5	4	4	4	5	1	1	2	4	5	3	1	4	1	5	2	2	5	5	5	5	4	3	3	1	5	5	4	5	4	1	5	4	3	5	1	1	4	3	2	5	5	3	5	3	1	3	4	1	3	2
AT1G16880	5	1	3	2	3	5	3	3	5	1	3	4	1	5	1	4	5	2	4	1	2	3	5	1	4	3	2	2	1	1	1	3	3	2	4	2	5	2	1	4	2	1	3	4	3	1	5	1	1	3	4	3	5	5	1	1	2	4	2	3	1	4	1	5	4	2	5	5	5	5	5	5	5	2	1	4	1	3	4	5	1	1	3	5	2	1	2	5	2	2	5	5	2	5	1	1	1	1	5	1
AT1G14345	3	1	3	2	3	5	3	3	5	1	3	4	1	5	1	4	5	2	4	1	2	3	5	1	4	3	2	2	1	1	1	3	3	1	4	2	5	2	1	4	2	1	3	4	3	1	5	1	1	3	4	3	5	5	1	1	2	4	2	3	1	4	1	5	4	2	5	5	5	5	5	5	5	2	1	4	1	3	4	1	1	4	3	5	1	1	2	5	2	2	5	5	5	5	1	1	2	1	5	1
AT1G66670	3	1	3	2	3	5	3	3	5	1	3	4	1	5	1	4	5	2	4	1	2	3	5	1	4	3	2	2	1	1	1	3	3	1	4	2	5	2	1	4	2	1	3	4	3	1	5	1	1	3	4	3	5	5	1	1	2	4	2	3	1	4	1	5	4	2	5	5	5	5	5	5	5	2	1	4	1	3	4	1	1	4	3	5	1	1	2	5	2	2	5	5	5	5	1	1	2	1	5	3
