AT2G04030	4	2	3	2	2	4	2	2	2	3	1	5	2	2	5	3	2	4	4	4	1	2	3	3	1	5	1	2	5	5	5	1	1	4	3	2	4	1	3	2	3	3	1	1	4	2	4	2	4	2	2	4	4	4	5	1	2	4	4	2	4	1	1	3	2	1	1	2	2	3	3	1	2	1	2	3	2	4	3	2	2	2	4	4	5	2	2	4	1	1	2	5	4	4	2	4	3	4	3	4
AT5G20140	5	1	5	3	1	2	4	3	4	1	4	1	5	4	3	4	1	2	2	1	3	5	1	2	4	2	4	4	1	4	4	4	5	3	5	4	3	5	5	5	2	1	2	4	1	5	3	1	1	1	3	2	5	5	3	5	5	3	1	5	1	2	4	4	1	3	3	1	5	1	4	5	5	2	4	5	5	5	4	1	4	5	5	5	2	4	3	2	4	5	3	1	2	3	1	1	1	2	1	2
AT5G62720	3	4	1	5	3	5	3	4	1	4	2	2	1	1	1	5	5	5	3	5	2	1	2	4	2	3	3	1	4	1	2	2	4	2	2	3	1	3	1	1	1	4	4	5	5	4	2	3	5	4	4	1	2	2	4	3	1	2	3	3	3	4	3	5	4	5	5	3	3	2	2	2	4	3	1	2	1	1	2	3	5	4	3	2	3	1	4	1	3	2	5	3	5	1	3	3	4	5	2	1
AT4G38100	3	4	1	5	3	5	3	4	1	4	2	2	1	1	1	5	5	5	3	5	2	1	2	4	2	3	3	1	4	1	2	2	4	5	2	3	1	3	1	1	1	4	4	5	5	4	2	3	5	4	4	1	2	2	4	3	1	2	3	3	3	4	3	5	4	5	5	3	3	2	2	2	4	3	1	2	1	1	2	3	5	4	3	2	3	1	4	1	3	2	5	2	5	1	3	3	4	5	2	1
AT5G21430	5	5	5	3	1	2	4	3	4	1	4	1	5	4	4	4	1	2	2	1	3	5	1	2	4	2	2	4	1	4	4	5	5	3	5	4	3	2	5	5	2	1	2	4	1	5	3	1	1	1	3	2	5	5	3	5	5	1	1	5	1	2	4	4	1	3	2	1	5	4	4	5	5	2	4	5	5	5	4	1	4	5	5	5	2	4	3	2	4	5	3	1	2	3	1	1	1	1	1	2
AT3G21055	5	5	5	3	1	1	1	3	4	1	5	1	4	4	4	4	1	2	2	1	5	5	4	2	3	2	2	4	1	4	4	5	5	3	5	4	3	2	5	5	2	1	2	2	1	5	1	1	3	1	3	2	5	3	3	5	5	1	1	5	1	3	4	1	1	3	2	4	5	4	4	5	3	2	3	5	3	5	4	1	4	5	5	1	2	4	3	3	4	5	3	1	2	3	5	1	5	1	1	2
AT4G23890	5	5	4	3	1	2	4	3	4	1	4	1	5	4	4	4	1	2	2	1	3	5	4	2	4	2	2	4	1	4	4	5	5	3	5	4	3	2	5	5	2	1	2	4	1	5	3	1	1	1	3	2	5	5	3	5	5	1	1	5	1	2	4	4	1	3	2	1	5	4	4	5	5	2	4	5	5	5	4	1	4	5	5	5	2	4	3	3	4	5	3	1	2	3	1	1	1	1	1	2
AT4G38380	5	5	5	3	1	2	4	3	4	1	4	1	5	4	4	4	1	2	2	1	3	5	1	2	4	2	2	4	1	4	4	5	5	3	5	4	3	2	5	5	2	1	2	4	1	5	3	1	1	1	3	2	5	5	3	5	5	1	1	5	1	2	4	4	1	3	3	1	5	4	4	5	5	2	4	5	5	5	4	1	4	5	5	5	2	4	3	2	4	5	3	1	2	3	1	1	1	1	1	2
AT4G25910	2	2	2	2	2	4	2	5	2	3	1	5	2	2	5	3	3	3	4	4	1	2	3	3	1	5	5	2	5	2	3	1	3	4	3	2	4	1	3	3	3	3	1	1	4	3	5	2	4	2	2	5	1	1	1	1	4	4	5	2	2	5	1	3	2	1	4	2	2	5	1	1	1	1	2	1	2	4	3	4	2	1	4	4	4	2	2	5	1	1	2	5	4	2	2	5	3	4	3	5
AT2G43010	5	5	5	3	1	2	4	3	4	1	4	1	5	4	3	4	1	2	2	1	3	5	1	2	4	2	2	4	1	4	4	5	5	3	5	4	3	2	5	5	2	1	2	4	1	5	3	1	1	1	3	2	5	5	3	5	5	1	1	5	1	2	4	4	1	3	3	1	5	4	4	5	5	2	4	5	5	5	4	1	4	5	5	5	2	4	3	2	4	5	3	1	2	3	1	1	1	1	1	2
AT4G25050	4	3	3	1	4	4	5	5	3	3	3	4	2	3	2	2	4	3	1	4	1	3	3	5	5	1	5	5	3	3	5	3	1	1	1	5	5	4	2	2	5	3	5	1	2	1	4	5	4	3	1	3	4	4	5	2	3	4	4	4	5	1	2	2	2	4	1	2	2	3	3	1	1	5	5	4	1	3	5	2	2	2	1	3	5	2	2	5	5	3	1	5	1	4	4	4	2	3	4	3
AT1G51350	5	5	5	3	1	2	4	3	4	1	4	1	5	4	4	4	1	2	2	1	3	5	1	2	4	2	2	4	1	4	4	5	5	3	5	4	3	2	5	5	2	1	2	4	1	5	3	1	1	1	3	2	5	5	3	5	5	1	1	5	1	2	4	4	1	3	2	1	5	4	4	5	5	2	4	5	5	5	4	1	4	5	5	5	2	4	3	2	4	5	3	1	2	3	1	1	1	1	1	2
AT1G12250	5	1	5	3	1	2	4	3	4	2	4	1	5	4	3	4	1	2	2	1	3	5	1	2	4	2	4	4	1	4	4	4	5	3	4	4	2	5	5	5	2	1	2	4	1	5	3	1	2	5	3	2	5	5	2	5	5	3	1	5	1	2	4	4	1	3	3	1	5	1	4	4	5	4	4	5	5	5	4	1	4	5	5	5	2	4	3	2	4	4	3	1	2	3	1	2	1	2	1	2
AT2G41680	4	2	2	2	2	4	2	5	2	3	1	5	2	2	5	3	3	3	4	4	1	2	3	3	1	5	5	2	5	5	5	1	3	4	3	2	4	1	3	3	3	3	1	1	4	2	4	2	4	2	2	5	4	4	5	1	2	4	4	2	2	5	1	3	2	1	1	2	2	5	1	1	1	1	2	1	2	4	3	4	2	2	4	4	5	2	2	5	1	1	2	5	4	2	2	5	3	4	3	4
AT3G15110	5	5	5	3	1	2	4	3	4	1	4	1	5	4	4	4	1	2	2	1	3	5	1	2	4	2	2	4	1	4	4	5	5	3	5	4	3	2	5	5	2	1	2	4	1	5	3	1	1	1	3	2	5	5	3	5	5	3	1	5	1	2	4	4	1	3	3	1	5	4	4	5	5	2	4	5	5	5	4	1	4	5	5	5	2	4	3	2	4	5	3	1	2	3	1	1	1	1	1	2
AT2G40400	5	4	1	3	3	5	3	4	1	4	2	2	1	4	1	4	5	5	3	5	2	5	2	4	2	3	3	1	1	1	2	2	5	2	2	3	1	3	1	1	1	4	2	5	1	4	2	3	5	4	4	1	2	2	4	3	1	2	3	3	3	4	3	5	4	5	5	3	3	2	2	2	4	3	1	2	1	1	2	3	5	5	3	2	3	1	4	1	3	2	5	3	2	1	3	3	4	5	2	1
AT5G07020	1	5	4	3	1	1	1	3	4	5	5	4	4	4	4	4	1	2	2	2	5	4	4	1	3	2	2	5	1	3	1	3	5	1	5	4	3	2	2	5	2	1	2	2	1	5	1	1	3	1	5	2	5	3	3	4	3	1	2	1	5	3	4	1	3	3	2	4	5	4	4	3	3	2	3	5	3	5	4	5	4	5	5	1	2	5	1	3	4	5	3	1	2	3	5	1	5	1	1	2
AT5G16660	5	5	5	3	1	2	4	3	4	1	4	1	5	4	4	4	1	2	2	1	3	5	1	2	4	2	2	4	1	4	4	5	5	3	5	4	3	2	5	5	2	1	2	4	1	5	3	1	1	1	3	2	5	5	3	5	5	1	1	5	1	2	4	4	1	3	3	1	5	4	4	5	5	2	4	5	5	5	4	1	4	5	5	5	2	4	3	2	4	5	3	1	2	3	1	1	1	1	1	2
AT3G14420	4	2	3	2	2	4	2	2	2	3	1	5	3	2	5	3	2	4	4	4	1	2	5	3	1	5	1	2	5	5	5	1	1	4	3	2	4	1	3	2	3	3	1	1	4	2	5	2	4	2	2	4	1	4	5	1	2	4	4	2	4	1	1	3	2	1	1	2	4	3	3	1	2	1	2	3	4	4	3	4	2	2	4	4	5	2	3	4	1	1	2	5	4	4	2	4	3	4	3	4
AT1G79230	5	5	5	3	1	2	4	3	4	1	4	2	1	4	3	4	5	2	3	1	3	5	1	2	4	2	2	4	1	4	4	5	5	2	5	4	3	2	1	5	1	1	2	4	1	5	2	3	1	1	3	2	5	5	3	5	1	1	1	5	3	2	3	4	1	5	3	3	5	4	2	5	4	2	4	5	5	1	2	1	4	5	5	5	3	4	3	2	3	5	3	3	2	3	3	1	1	1	2	2
AT2G42220	5	5	5	3	1	2	4	3	4	1	4	1	5	4	4	4	1	2	2	1	3	5	1	2	4	2	2	4	1	4	4	5	5	3	5	4	3	2	5	5	2	1	2	4	1	5	3	1	1	1	3	2	5	5	3	5	5	1	1	5	1	2	4	4	1	3	2	1	5	4	4	5	5	2	4	5	5	5	4	1	4	5	5	5	2	4	3	2	4	5	3	1	2	3	1	1	1	1	1	2
AT1G67280	5	1	5	3	1	2	4	3	4	1	4	1	5	4	3	4	1	2	2	1	3	5	1	2	4	2	4	4	1	4	4	5	5	3	5	4	3	5	5	5	2	1	2	4	1	5	3	1	1	1	3	2	5	5	3	5	5	3	1	5	1	2	4	4	1	3	3	1	5	4	4	5	5	2	4	5	5	5	4	1	4	5	5	5	2	4	3	2	4	5	3	1	2	3	1	1	1	2	1	2
AT3G47450	2	2	2	2	2	4	2	1	2	3	4	5	2	3	5	1	3	3	1	3	1	2	3	3	5	5	1	5	5	2	3	1	3	4	3	2	4	1	3	4	3	2	1	3	4	2	5	2	4	2	2	5	3	1	1	1	4	4	5	2	2	5	1	3	2	1	4	2	2	3	1	1	2	3	2	1	2	2	3	4	2	1	4	3	4	2	5	5	1	1	4	4	3	2	2	5	2	4	3	5
AT5G08540	5	1	5	3	1	2	4	3	4	2	4	3	5	4	4	4	1	2	2	1	5	5	1	2	4	2	2	4	1	4	4	4	5	3	4	4	2	5	5	5	2	1	2	4	1	5	3	1	2	5	3	2	5	5	3	4	5	3	1	1	5	2	4	4	5	3	3	1	5	4	4	5	3	4	4	5	5	5	4	1	4	5	5	5	2	4	3	3	4	4	3	1	2	3	1	1	1	2	1	2
AT3G01480	2	3	2	4	5	3	1	5	3	3	3	5	2	3	2	5	4	1	1	4	1	3	3	5	5	4	5	3	3	3	5	3	1	1	1	1	5	4	3	4	2	5	3	1	3	5	5	5	4	2	1	5	1	1	5	2	3	4	2	4	2	1	1	2	2	4	5	4	1	5	1	1	1	1	5	4	1	4	3	4	2	1	2	3	5	2	2	5	2	1	1	4	3	2	4	4	2	3	4	5
AT4G31560	5	1	5	3	1	2	4	3	4	1	4	1	5	4	3	4	1	2	2	1	3	5	1	2	4	2	4	4	1	4	4	4	5	3	5	4	3	5	5	5	2	1	2	4	1	5	3	1	1	1	3	2	5	5	3	5	5	3	1	5	1	2	4	4	1	3	3	1	5	1	4	5	5	2	4	5	5	5	4	1	4	5	5	5	2	4	3	2	4	5	3	1	2	3	1	1	1	2	1	2
AT1G54580	5	1	5	3	1	2	4	3	4	1	4	1	5	4	3	4	1	2	2	1	3	5	1	2	4	2	4	4	1	4	4	4	5	3	5	4	3	5	5	5	2	1	2	4	1	5	3	1	1	1	3	2	5	5	3	5	5	3	1	5	1	2	4	4	1	3	3	1	5	1	4	5	5	2	4	5	5	5	4	1	4	5	5	5	2	4	3	2	4	5	3	1	2	3	1	1	1	2	1	2
AT1G73530	4	3	3	1	4	4	5	5	3	3	3	4	2	3	2	2	4	3	1	4	1	3	3	5	5	1	5	5	3	3	5	3	1	1	1	1	5	4	2	2	5	3	5	1	2	1	4	5	4	3	1	3	4	4	5	2	3	4	2	4	5	1	2	2	2	4	1	2	2	3	3	1	1	5	5	4	1	3	5	2	2	2	1	3	5	2	2	5	5	3	1	5	1	4	4	5	2	3	4	3
AT5G42270	5	1	5	3	1	3	4	3	4	2	4	3	3	4	3	4	1	2	2	1	4	5	5	2	4	2	4	4	1	5	4	4	5	3	4	4	2	5	4	5	2	1	2	4	1	5	3	1	2	5	3	2	5	5	2	5	2	3	1	5	4	2	4	4	5	3	3	1	5	1	4	4	2	4	4	3	4	4	4	1	3	5	5	4	2	3	3	4	4	4	3	1	2	5	1	2	3	2	1	2
AT1G54500	3	4	1	5	3	5	3	4	1	4	2	2	1	1	1	5	2	5	3	5	2	1	2	4	2	3	3	1	4	1	2	2	4	5	2	3	1	3	1	1	4	4	4	5	5	4	2	4	5	4	4	1	2	2	4	3	1	2	3	3	3	4	5	5	4	2	5	3	3	2	5	2	4	3	1	2	1	1	2	3	5	4	3	2	1	1	4	1	3	2	5	2	5	1	3	3	4	5	5	1
AT5G35170	3	4	1	5	3	5	3	4	1	4	2	2	1	1	1	5	5	5	3	5	2	1	2	4	2	3	3	1	4	1	2	2	4	2	2	3	1	3	1	1	1	4	4	5	5	4	2	3	5	4	4	1	2	2	4	3	1	2	3	3	3	4	3	5	4	5	5	3	3	2	2	2	4	3	1	2	1	1	2	3	5	5	3	2	3	1	4	1	3	2	5	3	5	1	3	3	4	5	2	1
AT1G80030	5	1	5	3	1	2	4	3	4	2	4	1	5	4	3	4	1	2	2	1	3	5	1	2	4	2	4	4	1	4	4	4	5	3	4	4	2	5	5	5	2	1	2	4	1	5	3	1	2	5	3	2	5	5	2	5	5	3	1	5	1	2	4	4	1	3	3	1	5	1	4	4	5	4	4	5	5	5	4	1	4	5	5	5	2	4	3	2	4	4	3	1	2	3	1	2	1	2	1	2
AT1G10170	5	1	5	3	1	2	4	3	4	1	4	1	5	4	3	4	1	2	2	1	3	5	1	2	4	2	4	4	1	4	4	5	5	3	5	4	3	5	5	5	2	1	2	4	1	5	3	1	1	1	3	2	5	5	3	5	5	3	1	5	1	2	4	4	1	3	3	1	5	4	4	5	5	2	4	5	5	5	4	1	4	5	5	5	2	4	3	2	4	5	3	1	2	3	1	1	1	2	1	2
AT5G12470	5	5	5	3	1	2	4	3	4	1	4	1	5	4	3	4	1	2	2	1	3	5	1	2	4	2	2	4	1	4	4	5	5	3	5	4	3	2	5	5	2	1	2	4	1	5	3	1	1	1	3	2	5	5	3	5	5	3	1	5	1	2	4	4	1	3	3	1	5	4	4	5	5	2	4	5	5	5	4	1	4	5	5	5	2	4	3	2	4	5	3	1	2	3	1	1	1	1	1	2
AT2G20260	5	1	5	3	1	2	4	3	4	2	4	1	5	4	3	4	1	2	2	1	4	5	1	2	4	2	4	4	1	4	4	4	5	3	4	4	2	5	4	5	2	1	2	4	1	5	3	1	2	5	3	2	5	5	2	5	5	3	1	5	1	2	4	4	5	3	3	1	5	1	4	4	5	4	4	5	4	5	4	1	3	5	5	5	2	3	3	2	4	4	3	1	2	5	1	2	1	2	1	2
AT1G03600	4	3	3	1	4	4	5	5	3	3	3	4	2	3	2	2	4	3	1	4	1	3	3	5	5	1	5	5	3	3	5	3	1	1	1	5	5	4	2	2	5	3	5	1	2	1	4	5	4	3	1	3	4	4	5	2	3	4	2	4	5	1	2	2	2	4	1	2	2	3	3	1	1	5	5	4	1	3	5	2	2	2	1	3	5	2	2	5	5	3	1	5	1	4	4	5	2	3	4	3
AT5G39830	5	1	5	3	1	2	4	3	4	1	4	1	5	4	3	4	1	2	2	1	3	5	1	2	4	2	4	4	1	4	4	4	5	3	5	4	3	5	5	5	2	1	2	4	1	5	3	1	1	1	3	2	5	5	3	5	5	3	1	5	1	2	4	4	1	3	3	1	5	1	4	5	5	2	4	5	5	5	4	1	4	5	5	5	2	4	3	2	4	5	3	1	2	3	1	1	1	2	1	2
AT1G20810	3	4	1	5	3	5	3	4	1	4	2	2	1	1	1	5	2	5	3	5	2	1	2	4	2	3	3	1	4	1	2	2	4	5	2	3	1	3	1	1	4	4	4	5	5	4	2	4	5	4	4	1	2	2	4	3	1	2	3	3	3	4	5	5	4	2	5	3	3	2	5	2	4	3	1	2	1	1	2	3	5	4	3	2	1	1	4	1	3	2	5	2	5	1	3	3	4	5	5	1
AT1G14150	5	1	5	3	1	2	4	3	4	2	4	1	5	4	3	4	1	2	2	1	3	5	1	2	4	2	4	4	1	4	4	4	5	3	5	4	3	5	5	5	2	1	2	4	1	5	3	1	2	1	3	2	5	5	2	5	5	3	1	5	1	2	4	4	1	3	3	1	5	1	4	5	5	4	4	5	5	5	4	1	4	5	5	5	2	4	3	2	4	5	3	1	2	3	1	1	1	2	1	2
AT2G41330	3	4	1	3	3	5	3	4	1	4	2	3	1	4	1	4	2	5	3	5	2	1	2	4	2	3	3	1	1	1	2	2	5	5	2	3	1	3	4	1	4	4	4	5	1	4	2	4	5	4	4	1	2	2	4	3	1	2	3	3	3	4	5	5	4	2	5	3	3	2	5	2	4	3	1	2	1	1	2	3	5	5	3	2	1	1	4	1	3	2	5	2	5	1	3	3	4	5	2	1
AT3G19490	5	1	3	3	1	3	2	2	4	2	1	3	3	4	3	4	1	4	4	2	4	5	5	3	4	2	4	2	1	5	4	3	5	4	4	2	5	5	3	5	2	1	2	1	1	2	5	1	2	5	3	4	5	4	2	1	2	3	4	4	4	1	2	4	5	3	1	2	5	3	3	4	2	4	4	3	4	4	4	2	3	5	1	4	2	3	3	4	1	1	2	1	4	5	4	4	3	2	1	4
AT3G17830	2	2	2	2	2	4	2	1	2	3	4	5	2	2	5	1	3	3	4	3	1	2	3	3	1	5	1	5	5	2	3	1	3	4	3	2	4	1	3	4	3	2	1	3	4	3	5	2	4	2	2	5	3	1	1	1	4	4	5	2	2	5	1	3	2	1	4	2	2	5	1	1	1	1	2	1	2	2	3	4	2	1	4	3	4	2	5	5	1	1	4	4	4	2	2	5	3	4	3	5
AT1G17850	5	1	5	3	1	2	4	3	4	1	4	1	5	4	3	4	1	2	2	1	3	5	1	2	4	2	4	4	1	4	4	5	5	3	5	4	3	5	5	5	2	1	2	4	1	5	3	1	1	1	3	2	5	5	3	5	5	3	1	5	1	2	4	4	1	3	3	1	5	4	4	5	5	2	4	5	5	5	4	1	4	5	5	5	2	4	3	2	4	5	3	1	2	3	1	1	1	2	1	2
AT2G01140	3	4	1	5	3	5	3	4	1	4	2	2	1	1	1	5	5	5	3	5	2	1	2	4	2	3	3	1	4	1	2	2	4	2	2	3	1	3	1	1	1	4	4	5	5	4	2	3	5	4	4	1	2	2	4	3	1	2	3	3	3	4	3	5	4	5	5	3	3	2	2	2	4	3	1	2	1	1	2	3	5	4	3	2	3	1	4	1	3	2	5	3	5	1	3	3	4	5	2	1
AT1G67700	5	1	5	3	1	2	4	3	4	2	4	1	5	4	3	4	1	2	2	1	3	5	1	2	4	2	4	4	1	4	4	4	5	3	4	4	2	5	5	5	2	1	2	4	1	5	3	1	2	5	3	2	5	5	2	5	5	3	1	5	1	2	4	4	1	3	3	1	5	1	4	4	5	4	4	5	5	5	4	1	3	5	5	5	2	3	3	2	4	4	3	1	2	3	1	2	1	2	1	2
AT5G01500	5	1	5	3	1	2	4	3	4	2	4	1	5	4	3	4	1	2	2	1	3	5	1	2	4	2	4	4	1	4	4	4	5	3	4	4	2	5	5	5	2	1	2	4	1	5	3	1	2	5	3	2	5	5	2	5	5	3	1	5	1	2	4	4	1	3	3	1	5	1	4	4	5	4	4	5	5	5	4	1	3	5	5	5	2	3	3	2	4	4	3	1	2	3	1	2	1	2	1	2
AT3G57680	5	5	5	3	1	2	4	3	4	1	4	1	5	4	3	4	1	2	2	1	3	5	1	2	4	2	2	4	1	4	4	5	5	3	5	4	3	2	5	5	2	1	2	4	1	5	3	1	1	1	3	2	5	5	3	5	5	3	1	5	1	2	4	4	1	3	3	1	5	4	4	5	5	2	4	5	5	5	4	1	4	5	5	5	2	4	3	2	4	5	3	1	2	3	1	1	1	1	1	2
AT4G16155	5	5	5	3	1	2	4	3	4	1	4	1	5	4	4	4	1	2	2	1	3	5	1	2	4	2	2	4	1	4	4	5	5	3	5	4	3	2	5	5	2	1	2	4	1	5	3	1	1	1	3	2	5	5	3	5	5	1	1	5	1	2	4	4	1	3	2	1	5	4	4	5	5	2	4	5	5	5	4	1	4	5	5	5	2	4	3	2	4	5	3	1	2	3	1	1	1	1	1	2
AT1G56500	5	1	4	3	1	2	4	3	4	2	4	3	3	4	3	4	1	2	2	1	4	5	5	2	4	2	4	4	1	5	4	4	5	1	4	4	2	5	2	5	2	1	2	4	1	5	3	1	2	5	3	2	5	5	2	4	3	3	4	1	5	2	4	4	5	3	3	1	5	4	4	5	3	4	4	5	5	5	4	1	3	5	5	5	2	3	3	4	1	4	3	1	2	3	4	2	3	2	1	2
AT1G22450	5	5	5	3	1	2	4	3	4	1	5	1	5	4	4	4	1	2	2	1	3	5	1	2	4	2	2	4	1	4	4	5	5	3	5	4	3	2	5	5	2	1	2	4	1	5	3	1	1	1	3	2	5	5	3	5	5	1	1	5	1	3	4	4	1	3	2	1	5	4	4	5	5	2	4	5	5	5	4	1	4	5	5	1	2	4	3	2	4	5	3	1	2	3	5	1	1	1	1	2
AT5G53170	5	5	5	3	1	2	4	3	4	1	4	1	5	4	4	4	1	2	2	1	3	5	1	2	4	2	4	4	1	4	4	4	5	3	5	4	3	5	5	5	2	1	2	4	1	5	3	1	1	1	3	2	5	5	3	5	5	3	1	5	1	2	4	4	5	3	3	1	5	4	4	4	5	2	4	5	5	5	4	1	4	5	5	5	2	4	3	2	4	5	3	1	2	3	1	1	1	2	1	2
AT5G15250	5	1	5	3	1	2	4	3	4	1	4	1	5	4	3	4	1	2	2	1	3	5	1	2	4	2	4	4	1	4	4	4	5	3	5	4	3	5	5	5	2	1	2	4	1	5	3	1	1	1	3	2	5	5	3	5	5	3	1	5	1	2	4	4	1	3	3	1	5	1	4	5	5	2	4	5	5	5	4	1	4	5	5	5	2	4	3	2	4	5	3	1	2	3	1	1	1	2	1	2
AT3G58010	5	5	5	3	1	2	4	3	4	1	4	1	5	4	4	4	1	2	2	1	3	5	1	2	4	2	2	4	1	4	4	5	5	3	5	4	3	2	5	5	2	1	2	4	1	5	3	1	1	1	3	2	5	5	3	5	5	1	1	5	1	2	4	4	1	3	3	1	5	4	4	5	5	2	4	5	5	5	4	1	4	5	5	5	2	4	3	2	4	5	3	1	2	3	1	1	1	1	1	2
AT2G29500	5	1	5	3	1	2	4	3	4	2	4	1	5	4	3	4	1	2	2	1	4	5	1	2	4	2	4	4	1	4	4	4	5	3	4	4	2	5	4	5	2	1	2	4	1	5	3	1	2	5	3	2	5	5	2	5	5	3	1	5	1	2	4	4	5	3	3	1	5	1	4	4	5	4	4	5	4	5	4	1	3	5	5	5	2	3	3	2	4	4	3	1	2	3	1	2	1	2	1	2
AT3G60370	5	5	5	3	1	2	4	3	4	1	4	1	5	4	4	4	1	2	2	1	3	5	1	2	4	2	2	4	1	4	4	5	5	3	5	4	3	2	5	5	2	1	2	4	1	5	3	1	1	1	3	2	5	5	3	5	5	3	1	5	1	2	4	4	1	3	3	1	5	4	4	5	5	2	4	5	5	5	4	1	4	5	5	5	2	4	3	2	4	5	3	1	2	3	1	1	1	1	1	2
AT1G50460	5	5	5	3	1	2	4	3	4	1	4	1	5	4	4	4	1	2	2	1	3	5	1	2	4	2	2	4	1	4	4	5	5	3	5	4	3	2	5	5	2	1	2	4	1	5	3	1	1	1	3	2	5	5	3	5	5	1	1	5	1	2	4	4	1	3	2	1	5	4	4	5	5	2	4	5	5	5	4	1	4	5	5	5	2	4	3	2	4	5	3	1	2	3	1	1	1	1	1	2
AT2G26800	5	1	5	3	1	2	4	3	4	2	4	1	5	4	3	4	1	2	2	1	3	5	1	2	4	2	4	4	1	4	4	4	5	3	5	4	3	5	5	5	2	1	2	4	1	5	3	1	1	1	3	2	5	5	3	5	5	3	1	5	1	2	4	4	1	3	3	1	5	1	4	5	5	4	4	5	5	5	4	1	4	5	5	5	2	4	3	2	4	5	3	1	2	3	1	1	1	2	1	2
AT1G21750	3	4	1	5	3	5	3	4	1	4	2	2	1	1	1	5	2	5	3	5	2	1	2	4	2	3	3	1	4	1	2	2	4	5	2	3	1	3	1	1	4	4	4	5	5	4	2	4	5	4	4	1	2	2	4	3	1	2	3	3	3	4	5	5	4	2	5	3	3	2	5	2	4	3	1	2	1	1	1	3	5	4	3	2	1	1	4	1	3	2	5	2	5	1	3	3	4	5	5	1
AT2G44990	5	1	5	3	1	2	4	3	4	2	4	1	5	4	3	4	1	2	2	1	3	5	1	2	4	2	4	4	1	4	4	4	5	3	4	4	2	5	5	5	2	1	2	4	1	5	3	1	2	5	3	2	5	5	2	5	5	3	1	5	1	2	4	4	1	3	3	1	5	1	4	4	5	4	4	5	5	5	4	1	3	5	5	5	2	3	3	2	4	4	3	1	2	3	1	2	1	2	1	2
AT1G30510	3	4	1	5	3	5	3	4	1	4	2	2	1	1	1	5	5	5	3	5	2	1	2	4	2	3	3	1	4	1	2	2	4	2	2	3	1	3	1	1	1	4	4	5	5	4	2	3	5	4	4	1	2	2	4	3	1	2	3	3	3	4	3	5	4	5	5	3	3	2	2	2	4	3	1	2	1	1	2	3	5	4	3	2	3	1	4	1	3	2	5	3	5	1	3	3	4	5	2	1
AT3G10130	5	1	5	3	1	2	4	3	4	1	4	1	5	4	3	4	1	2	2	1	3	5	1	2	4	2	4	4	1	4	4	5	5	3	5	4	3	5	5	5	2	1	2	4	1	5	3	1	1	1	3	2	5	5	3	5	5	3	1	5	1	2	4	4	1	3	3	1	5	4	4	5	5	2	4	5	5	5	4	1	4	5	5	5	2	4	3	2	4	5	3	1	2	3	1	1	1	1	1	2
AT3G22690	5	5	5	3	1	2	4	3	4	1	4	1	5	4	3	4	1	2	2	1	3	5	1	2	4	2	2	4	1	4	4	5	5	3	5	4	3	2	5	5	2	1	2	4	1	5	3	1	1	1	3	2	5	5	3	5	5	3	1	5	1	2	4	4	1	3	3	1	5	4	4	5	5	2	4	5	5	5	4	1	4	5	5	5	2	4	3	2	4	5	3	1	2	3	1	1	1	1	1	2
AT1G54050	5	1	5	3	1	2	4	3	4	1	4	1	5	4	3	4	1	2	2	1	3	5	1	2	4	2	4	4	1	4	4	4	5	3	5	4	3	5	5	5	2	1	2	4	1	5	3	1	1	1	3	2	5	5	3	5	5	3	1	5	1	2	4	4	1	3	3	1	5	4	4	5	5	2	4	5	5	5	4	1	4	5	5	5	2	4	3	2	4	5	3	1	2	3	1	1	1	2	1	2
AT1G55370	5	5	5	3	1	2	4	3	4	1	4	1	5	4	4	4	1	2	2	1	3	5	1	2	4	2	2	4	1	4	4	5	5	3	5	4	3	2	5	5	2	1	2	4	1	5	3	1	1	1	3	2	5	5	3	5	5	3	1	5	1	2	4	4	1	3	3	1	5	4	4	5	5	2	4	5	5	5	4	1	4	5	5	5	2	4	3	2	4	5	3	1	2	3	1	1	1	1	1	2
AT4G35770	5	1	5	3	1	2	4	3	4	1	4	1	5	4	3	4	1	2	2	1	3	5	1	2	4	2	4	4	1	4	4	5	5	3	5	4	3	5	5	5	2	1	2	4	1	5	3	1	1	1	3	2	5	5	3	5	5	3	1	5	1	2	4	4	1	3	3	1	5	4	4	5	5	2	4	5	5	5	4	1	4	5	5	5	2	4	3	2	4	5	3	1	2	3	1	1	1	2	1	2
AT3G56040	1	4	4	4	4	1	1	1	5	5	5	4	4	5	2	2	4	4	5	2	1	3	4	1	3	1	1	5	2	3	1	3	1	1	1	5	5	4	2	2	5	3	4	2	3	3	1	5	3	3	5	3	3	3	5	4	3	5	2	1	5	1	2	1	3	1	1	5	2	3	3	3	3	5	3	4	3	3	3	5	1	3	1	1	4	5	1	5	5	3	1	5	5	4	4	4	5	3	4	3
AT1G27510	5	1	5	3	1	2	4	3	4	1	4	2	1	4	3	4	5	2	2	1	3	5	1	2	4	2	2	4	1	4	4	5	5	2	5	4	3	2	1	5	1	1	2	4	1	5	3	3	1	1	3	2	5	5	3	5	1	1	1	5	3	4	4	4	1	5	3	3	5	4	2	5	4	2	4	5	5	5	4	1	4	5	5	5	3	4	3	1	4	5	3	3	2	3	3	1	1	1	2	2
AT5G59250	5	5	5	3	1	2	4	3	4	1	4	1	5	4	4	4	1	2	2	1	3	5	1	2	4	2	2	4	1	4	4	5	5	3	5	4	3	2	5	5	2	1	2	4	1	5	3	1	1	1	3	2	5	5	3	5	5	1	1	5	1	2	4	4	1	3	2	1	5	4	4	5	5	2	4	5	5	5	4	1	4	5	5	5	2	4	3	2	4	5	3	1	2	3	1	1	1	1	1	2
AT1G75690	5	5	5	3	1	2	4	3	4	1	4	1	5	4	4	4	1	2	2	1	3	5	1	2	4	2	2	4	1	4	4	5	5	3	5	4	3	2	5	5	2	1	2	4	1	5	3	1	1	1	3	2	5	5	3	5	5	1	1	5	1	2	4	4	1	3	2	1	5	4	4	5	5	2	4	5	5	5	4	1	4	5	5	5	2	4	3	2	4	5	3	1	2	3	1	1	1	1	1	2
AT4G01900	5	1	5	3	1	2	3	3	4	1	4	2	1	4	3	4	5	2	2	1	3	5	1	2	4	2	2	4	1	4	4	5	5	2	5	4	3	5	1	5	1	1	2	4	1	5	2	3	1	1	3	2	5	5	3	5	1	3	1	5	3	2	3	4	1	5	3	3	5	4	2	5	4	2	4	5	5	1	4	1	4	5	5	5	3	4	3	1	3	5	3	3	2	3	3	1	1	1	2	2
AT2G18790	5	1	3	3	1	3	4	3	4	2	4	3	3	4	3	4	1	2	2	1	4	5	5	2	4	2	4	4	1	5	4	4	5	3	4	4	2	5	4	5	2	1	2	4	1	5	3	1	2	5	3	4	5	5	2	5	2	3	4	5	4	2	2	4	5	3	3	1	5	1	4	4	2	4	4	3	4	4	4	1	3	5	5	4	2	3	3	4	4	4	3	1	2	5	1	2	3	2	1	2
AT1G78915	3	4	1	5	3	5	3	4	1	4	2	3	1	1	1	5	2	5	3	5	2	1	2	4	2	3	3	1	4	1	2	2	4	5	2	3	1	3	4	1	4	4	4	5	5	4	2	4	5	4	4	1	2	2	4	3	1	2	3	3	3	4	5	5	4	2	5	3	3	2	5	2	4	3	1	2	1	1	2	3	5	4	3	2	1	1	4	1	3	2	5	2	5	1	3	3	4	5	5	1
AT3G24590	5	5	5	3	1	2	4	3	4	1	4	1	5	4	4	4	1	2	2	1	3	5	1	2	4	2	2	4	1	4	4	5	5	3	5	4	3	2	5	5	2	1	2	4	1	5	3	1	1	1	3	2	5	5	3	5	5	1	1	5	1	2	4	4	1	3	3	1	5	4	4	5	5	2	4	5	5	5	4	1	4	5	5	5	2	4	3	2	4	5	3	1	2	3	1	1	1	1	1	2
AT2G01918	5	1	5	3	1	2	4	3	4	1	4	1	5	4	3	4	1	2	2	1	3	5	1	2	4	2	2	4	1	4	4	5	5	3	5	4	3	5	5	5	2	1	2	4	1	5	3	1	1	1	3	2	5	5	3	5	5	3	1	5	1	2	4	4	1	3	3	1	5	4	4	5	5	2	4	5	5	5	4	1	4	5	5	5	2	4	3	2	4	5	3	3	2	3	1	1	1	1	1	2
AT1G52220	5	5	5	3	1	2	4	3	4	1	4	1	5	4	4	4	1	2	2	1	3	5	1	2	4	2	2	4	1	4	4	5	5	3	5	4	3	2	5	5	2	1	2	4	1	5	3	1	1	1	3	2	5	5	3	5	5	1	1	5	1	2	4	4	1	3	2	1	5	4	4	5	5	2	4	5	5	5	4	1	4	5	5	5	2	4	3	2	4	5	3	1	2	3	1	1	1	1	1	2
AT3G15360	3	4	1	5	3	5	3	4	1	4	2	2	1	1	1	5	5	5	3	5	2	1	2	4	2	3	3	1	4	1	2	2	4	5	2	3	1	3	1	1	1	4	4	5	5	4	2	3	5	4	4	1	2	2	4	3	1	2	3	3	3	4	3	5	4	5	5	3	3	2	2	2	4	3	1	2	1	1	2	3	5	4	3	2	3	1	4	1	3	2	5	2	5	1	3	3	4	5	2	1
AT1G65260	3	4	1	5	3	5	3	4	1	4	2	2	1	1	1	5	2	5	3	5	2	1	2	4	2	3	3	1	4	1	2	2	4	5	2	3	1	3	1	1	4	4	4	5	5	4	2	4	5	4	4	1	2	2	4	3	1	2	3	3	3	4	5	5	4	2	5	3	3	2	5	2	4	3	1	2	1	1	2	3	5	4	3	2	1	1	4	1	3	2	5	2	5	1	3	3	4	5	5	1
AT4G04020	5	1	5	3	1	2	4	3	4	2	4	1	5	4	3	4	1	2	2	1	3	5	1	2	4	2	4	4	1	4	4	4	5	3	5	4	3	5	5	5	2	1	2	4	1	5	3	1	2	1	3	2	5	5	3	5	5	3	1	5	1	2	4	4	1	3	3	1	5	1	4	5	5	4	4	5	5	5	4	1	4	5	5	5	2	4	3	2	4	5	3	1	2	3	1	1	1	2	1	2
AT1G32500	5	5	3	3	1	1	1	3	5	2	4	4	3	4	4	4	1	4	5	2	1	5	1	2	4	1	4	4	1	5	4	3	5	3	4	5	5	5	2	5	2	1	2	4	1	5	3	1	3	3	3	4	5	5	3	2	2	3	4	4	4	1	2	4	5	3	1	4	5	3	3	4	2	5	4	3	4	3	4	1	4	5	1	4	2	4	3	5	5	3	3	1	2	5	4	4	1	2	1	2
AT3G47060	5	1	5	3	1	2	4	3	4	1	4	1	5	4	3	4	1	2	2	1	3	5	1	2	4	2	4	4	1	4	4	4	5	3	5	4	3	5	5	5	2	1	2	4	1	5	3	1	1	1	3	2	5	5	3	5	5	3	1	5	1	2	4	4	1	3	3	1	5	1	4	5	5	2	4	5	5	5	4	1	4	5	5	5	2	4	3	2	4	5	3	1	2	3	1	1	1	2	1	2
AT2G26550	1	5	3	4	4	1	1	3	5	5	5	4	4	5	4	2	4	4	5	2	1	3	4	1	3	1	2	5	2	3	1	3	2	1	1	5	5	4	2	2	5	1	2	2	1	5	1	5	3	3	1	3	5	3	5	2	5	5	2	4	5	3	2	1	3	3	1	4	5	3	3	3	1	5	3	4	3	3	5	5	4	3	1	3	4	5	1	5	5	3	1	5	2	4	4	4	5	3	4	3
AT4G20820	5	5	5	3	1	2	4	3	4	1	4	1	5	4	3	4	1	2	2	1	3	5	1	2	4	2	2	4	1	4	4	5	5	3	5	4	3	2	5	5	2	1	2	4	1	5	3	1	1	1	3	2	5	5	3	5	5	3	1	5	1	2	4	4	1	3	3	1	5	4	4	5	5	2	4	5	5	5	4	1	4	5	5	5	2	4	3	2	4	5	3	1	2	3	1	1	1	1	1	2
AT1G74070	3	4	1	5	3	5	3	4	1	4	2	2	1	1	1	5	5	5	3	5	2	1	2	4	2	3	3	1	4	1	2	2	4	5	2	3	1	3	1	1	1	4	4	5	5	4	2	3	5	4	4	1	2	2	4	3	1	2	3	3	3	4	3	5	4	5	5	3	3	2	2	2	4	3	1	2	1	1	2	3	5	4	3	2	3	1	4	1	3	2	5	2	5	1	3	3	4	5	2	1
AT3G53560	3	4	1	5	3	5	3	4	1	4	2	2	1	1	1	5	5	5	3	5	2	1	2	4	2	3	3	1	4	1	2	2	4	2	2	3	1	3	1	1	1	4	4	5	5	4	2	3	5	4	4	1	2	2	4	3	1	2	3	3	3	4	3	5	4	5	5	3	3	2	2	2	4	3	1	2	1	1	2	3	5	4	3	2	3	1	4	1	3	2	5	3	5	1	3	3	4	5	2	1
AT5G53490	5	5	5	3	1	2	3	3	4	1	4	2	5	4	4	4	5	2	3	1	3	5	1	2	4	2	2	4	1	4	4	5	5	2	5	4	3	2	1	5	1	1	2	4	1	5	2	3	1	1	3	2	5	5	3	5	1	1	1	5	3	2	3	4	1	5	3	3	5	4	2	5	4	2	4	5	5	5	2	1	4	5	5	5	3	4	3	2	3	5	3	3	2	3	3	1	1	1	2	2
AT2G42975	5	5	5	3	1	2	4	3	4	1	4	1	5	4	4	4	1	2	2	1	3	5	1	2	4	2	2	4	1	4	4	5	5	3	5	4	3	2	5	5	2	1	2	4	1	5	3	1	1	1	3	2	5	5	3	5	5	1	1	5	1	2	4	4	1	3	3	1	5	4	4	5	5	2	4	5	5	5	4	1	4	5	5	5	2	4	3	2	4	5	3	1	2	3	1	1	1	1	1	2
AT2G20270	5	5	5	3	1	2	4	3	4	1	4	1	5	4	4	4	1	2	2	1	3	5	1	2	4	2	2	4	1	4	4	5	5	3	5	4	3	2	5	5	2	1	2	4	1	5	3	1	1	1	3	2	5	5	3	5	5	1	1	5	1	2	4	4	1	3	3	1	5	4	4	5	5	2	4	5	5	5	4	1	4	5	5	5	2	4	3	2	4	5	3	1	2	3	1	1	1	1	1	2
AT2G29180	5	1	3	3	1	3	4	3	4	2	4	3	3	4	3	4	1	2	2	1	4	5	5	2	4	2	4	4	1	5	4	4	5	3	4	4	2	5	4	5	2	1	2	4	1	5	3	1	2	5	3	4	5	5	2	5	2	3	4	5	4	2	2	4	5	3	3	1	5	1	3	4	2	4	4	3	4	4	4	1	3	5	5	4	2	3	3	4	4	4	3	1	2	5	1	2	3	2	1	2
AT3G01440	5	1	5	3	1	2	4	3	4	2	4	1	5	4	3	4	1	2	2	1	3	5	1	2	4	2	4	4	1	4	4	4	5	3	5	4	3	5	5	5	2	1	2	4	1	5	3	1	1	1	3	2	5	5	3	5	5	3	1	5	1	2	4	4	1	3	3	1	5	1	4	5	5	4	4	5	5	5	4	1	4	5	5	5	2	4	3	2	4	5	3	1	2	3	1	1	1	2	1	2
AT1G76760	5	1	5	3	1	2	4	3	4	2	4	1	5	4	3	4	1	2	2	1	3	5	1	2	4	2	4	4	1	4	4	4	5	3	5	4	3	5	5	5	2	1	2	4	1	5	3	1	1	1	3	2	5	5	3	5	5	3	1	5	1	2	4	4	1	3	3	1	5	1	4	5	5	4	4	5	5	5	4	1	4	5	5	5	2	4	3	2	4	5	3	1	2	3	1	1	1	2	1	2
AT2G26360	2	2	2	2	2	4	2	5	2	3	1	5	2	2	5	3	3	3	4	3	1	2	3	3	5	5	1	2	5	2	3	1	3	4	3	2	4	1	3	2	3	3	1	3	4	3	5	2	4	2	2	4	1	1	1	1	4	4	5	2	2	5	1	3	2	1	1	2	2	5	1	1	2	1	2	1	2	2	3	4	2	1	4	4	4	2	2	5	1	1	2	5	4	2	2	5	3	4	3	5
AT4G13670	5	5	5	3	1	2	4	3	4	1	4	1	5	4	3	4	1	2	2	1	3	5	1	2	4	2	2	4	1	4	4	5	5	3	5	4	3	2	5	5	2	1	2	4	1	5	3	1	1	1	3	2	5	5	3	5	5	3	1	5	1	2	4	4	1	3	3	1	5	4	4	5	5	2	4	5	5	5	4	1	4	5	5	5	2	4	3	2	4	5	3	1	2	3	1	1	1	1	1	2
AT2G35040	5	5	5	3	1	2	4	3	4	1	4	1	5	4	4	4	1	2	2	1	3	5	1	2	4	2	2	4	1	4	4	5	5	3	5	4	3	2	5	5	2	1	2	4	1	5	3	1	1	1	3	2	5	5	3	5	5	1	1	5	1	2	4	4	1	3	2	1	5	4	4	5	5	2	4	5	5	5	4	1	4	5	5	5	2	4	3	2	4	5	3	1	2	3	1	1	1	1	1	2
AT1G65230	1	5	4	4	1	1	1	3	5	5	5	4	4	4	4	4	4	2	5	2	5	4	4	1	3	2	2	5	2	3	1	3	5	1	5	4	3	4	2	5	5	1	2	2	3	5	1	1	3	3	5	3	5	3	3	4	3	5	2	1	5	3	4	1	3	3	2	4	5	4	4	3	3	2	3	4	3	3	4	5	4	3	5	1	4	5	1	3	5	3	1	1	2	3	5	1	5	1	1	2
AT1G03850	3	4	1	5	3	5	3	4	1	4	2	2	1	1	1	5	5	5	3	5	2	1	2	4	2	3	3	1	4	1	2	2	4	2	2	3	1	3	1	1	1	4	4	5	5	4	2	3	5	4	4	1	2	2	4	3	1	2	3	3	3	4	3	5	4	5	5	3	3	2	2	2	4	3	1	2	1	1	2	3	5	4	3	2	3	1	4	1	3	2	5	3	5	1	3	3	4	5	2	1
AT1G50250	5	5	5	3	1	2	4	3	4	1	4	1	5	4	4	4	1	2	2	1	3	5	1	2	4	2	2	4	1	4	4	5	5	3	5	4	3	2	5	5	2	1	2	4	1	5	3	1	1	1	3	2	5	5	3	5	5	1	1	5	1	2	4	4	1	3	3	1	5	4	4	5	5	2	4	5	5	5	4	1	4	5	5	5	2	4	3	2	4	5	3	1	2	3	1	1	1	1	1	2
AT2G40760	5	5	5	3	1	2	4	3	4	1	4	1	5	4	3	4	1	2	2	1	3	5	1	2	4	2	2	4	1	4	4	5	5	3	5	4	3	2	5	5	2	1	2	4	1	5	3	1	1	1	3	2	5	5	3	5	5	3	1	5	1	2	4	4	1	3	3	1	5	4	4	5	5	2	4	5	5	5	4	1	4	5	5	5	2	4	3	2	4	5	3	1	2	3	1	1	1	1	1	2
AT2G26340	1	5	4	3	1	1	1	3	4	1	5	4	4	4	4	4	1	2	2	2	5	4	4	1	3	2	2	4	1	3	1	5	5	1	5	4	3	2	2	5	2	1	2	2	1	5	1	1	3	1	5	2	5	3	3	4	3	1	2	1	5	3	4	1	3	3	2	4	5	4	4	3	3	2	3	5	3	5	4	5	4	5	5	1	2	5	1	3	4	5	3	1	2	3	5	1	5	1	1	2
AT5G08050	1	4	1	5	3	5	3	4	1	4	5	2	1	1	1	5	5	5	3	5	5	1	2	4	2	3	3	1	4	1	2	2	4	2	2	3	1	3	1	1	1	4	4	5	5	4	2	3	5	4	4	1	2	2	3	3	1	2	3	3	3	4	3	5	4	5	5	3	3	2	2	2	4	3	1	2	1	1	2	3	5	4	3	2	3	1	4	3	3	2	5	3	5	1	3	3	4	5	2	1
AT1G22020	5	5	5	3	1	2	4	3	4	1	4	1	5	4	4	4	1	2	2	1	3	5	1	2	4	2	2	4	1	4	4	5	5	3	5	4	3	2	5	5	2	1	2	4	1	5	3	1	1	1	3	2	5	5	3	5	5	1	1	5	1	2	4	4	1	3	2	1	5	4	4	5	5	2	4	5	5	5	4	1	4	5	5	5	2	4	3	2	4	5	3	1	2	3	5	1	1	1	1	2
AT5G16150	5	5	5	3	1	2	4	3	4	1	4	1	5	4	4	4	1	2	2	1	3	5	1	2	4	2	2	4	1	4	4	5	5	3	5	4	3	2	5	5	2	1	2	4	1	5	3	1	1	1	3	2	5	5	3	5	5	1	1	5	1	2	4	4	1	3	3	1	5	4	4	5	5	2	4	5	5	5	4	1	4	5	5	5	2	4	3	2	4	5	3	1	2	3	1	1	1	1	1	2
AT4G24750	5	1	5	3	1	2	4	3	4	1	4	1	5	4	3	4	1	2	2	1	3	5	1	2	4	2	2	4	1	4	4	5	5	3	5	4	3	5	5	5	2	1	2	4	1	5	3	1	1	1	3	2	5	5	3	5	5	3	1	5	1	2	4	4	1	3	3	1	5	4	4	5	5	2	4	5	5	5	4	1	4	5	5	5	2	4	3	2	4	5	3	1	2	3	1	1	1	1	1	2
AT4G01050	5	1	5	3	1	2	4	3	4	1	4	1	5	4	3	4	1	2	2	1	3	5	1	2	4	2	4	4	1	4	4	5	5	2	5	4	3	5	5	5	2	1	2	4	1	5	3	1	1	1	3	2	5	5	3	5	5	3	1	5	1	2	4	4	1	3	3	1	5	4	4	5	5	2	4	5	5	5	4	1	4	5	5	5	2	4	3	2	4	5	3	3	2	3	1	1	1	2	1	2
AT1G02560	5	1	5	3	1	2	4	3	4	2	4	3	5	4	3	4	1	2	2	1	4	5	1	2	4	2	4	4	1	4	4	4	5	3	4	4	2	5	4	5	2	1	2	4	1	5	3	1	2	5	3	2	5	5	2	5	5	3	1	5	1	2	4	4	5	3	3	1	5	1	4	4	5	4	4	5	5	5	4	1	3	5	5	5	2	3	3	2	4	4	3	1	2	3	1	2	1	2	1	2
AT1G18730	5	1	5	3	1	2	4	3	4	1	4	1	5	4	3	4	1	2	2	1	3	5	1	2	4	2	4	4	1	4	4	4	5	3	5	4	3	5	5	5	2	1	2	4	1	5	3	1	1	1	3	2	5	5	3	5	5	3	1	5	1	2	4	4	1	3	3	1	5	4	4	5	5	2	4	5	5	5	4	1	4	5	5	5	2	4	3	2	4	5	3	1	2	3	1	1	1	2	1	2
AT3G46780	5	5	5	3	1	2	4	3	4	1	4	1	5	4	4	4	1	2	2	1	3	5	1	2	4	2	2	4	1	4	4	5	5	3	5	4	3	2	5	5	2	1	2	4	1	5	3	1	1	1	3	2	5	5	3	5	5	1	1	5	1	2	4	4	1	3	2	1	5	4	4	5	5	2	4	5	5	5	4	1	4	5	5	5	2	4	3	2	4	5	3	1	2	3	1	1	1	1	1	2
AT1G79450	5	4	1	3	3	5	3	4	1	4	2	2	1	4	1	4	5	5	3	5	2	5	2	4	2	3	3	1	1	1	4	2	5	2	2	3	1	3	1	1	1	4	2	5	1	4	2	3	5	4	4	1	5	2	4	3	1	2	3	3	3	4	3	5	4	5	5	3	3	2	2	2	4	3	1	2	1	1	2	1	5	5	3	2	3	1	3	1	3	2	5	3	2	1	3	3	4	2	2	1
AT1G06690	5	5	5	3	1	2	4	3	4	1	4	1	5	4	3	4	1	2	2	1	3	5	1	2	4	2	2	4	1	4	4	5	5	3	5	4	3	5	5	5	2	1	2	4	1	5	3	1	1	1	3	2	5	5	3	5	5	3	1	5	1	2	4	4	1	3	3	1	5	4	4	5	5	2	4	5	5	5	4	1	4	5	5	5	2	4	3	2	4	5	3	1	2	3	1	1	1	1	1	2
AT1G23740	5	5	5	3	1	2	4	3	4	1	4	2	5	4	3	4	5	2	3	1	3	5	1	2	4	2	2	4	1	4	4	5	5	2	5	4	3	2	1	5	1	1	2	4	1	5	2	3	1	1	3	2	5	5	3	5	1	1	1	5	3	2	3	4	1	5	3	3	5	4	2	5	4	2	4	5	5	5	2	1	4	5	5	5	3	4	3	2	3	5	3	3	2	3	1	1	1	1	2	2
AT3G46610	4	4	3	4	4	1	1	1	5	5	5	4	3	5	2	2	4	4	5	2	1	3	4	1	3	1	1	5	2	3	1	3	2	1	1	5	5	4	2	2	5	3	5	2	3	1	4	5	3	3	1	3	3	3	5	2	3	5	2	4	5	1	2	1	3	1	1	4	2	3	3	3	1	5	3	4	3	3	5	5	1	3	1	3	4	5	1	5	5	3	1	5	5	4	4	4	5	3	4	3
AT1G29920	5	1	5	3	1	2	4	3	4	1	4	1	5	4	3	4	1	2	2	1	3	5	1	2	4	2	4	4	1	4	4	5	5	3	5	4	3	5	5	5	2	1	2	4	1	5	3	1	1	1	3	2	5	5	3	5	5	3	1	5	1	2	4	4	1	3	3	1	5	4	4	5	5	2	4	5	5	5	4	1	4	5	5	5	2	4	3	2	4	5	3	1	2	3	1	1	1	1	1	2
AT1G50450	3	4	1	5	3	5	3	2	1	4	2	3	1	1	1	5	2	5	3	5	2	1	2	4	2	3	3	1	4	1	2	2	4	5	2	3	1	3	4	1	4	4	4	5	5	4	2	4	5	4	4	1	2	2	4	3	1	2	3	3	3	4	5	5	4	2	5	3	3	2	5	2	4	3	1	2	1	1	1	3	5	4	3	2	1	1	4	1	3	2	5	2	5	1	3	3	4	5	5	1
AT2G17630	5	1	5	3	1	2	4	3	4	2	4	1	5	4	3	4	1	2	2	1	3	5	1	2	4	2	4	4	1	4	4	4	5	3	4	4	2	5	5	5	2	1	2	4	1	5	3	1	2	5	3	2	5	5	2	5	5	3	1	5	1	2	4	4	1	3	3	1	5	1	4	4	5	4	4	5	5	5	4	1	4	5	5	5	2	3	3	2	4	4	3	1	2	3	1	2	1	2	1	2
AT1G14590	5	1	5	3	1	2	4	3	4	1	4	1	5	4	3	4	1	2	2	1	3	5	1	2	4	2	2	4	1	4	4	5	5	3	5	4	3	5	5	5	2	1	2	4	1	5	3	1	1	1	3	2	5	5	3	5	5	3	1	5	1	2	4	4	1	3	3	1	5	4	4	5	5	2	4	5	5	5	4	1	4	5	5	5	2	4	3	2	4	5	3	1	2	3	1	1	1	2	1	2
AT1G54790	3	4	1	5	3	5	3	4	1	4	2	2	1	1	1	5	5	5	3	5	2	1	2	4	2	3	3	1	4	1	2	2	4	2	2	3	1	3	1	1	1	4	4	5	5	4	2	3	5	4	4	1	2	2	4	3	1	2	3	3	3	4	3	5	4	5	5	3	3	2	2	2	4	3	1	2	1	1	2	3	5	4	3	2	3	1	4	1	3	2	5	3	5	1	3	3	4	5	2	1
AT2G22360	5	5	5	3	1	2	4	3	4	1	4	1	5	4	4	4	1	2	2	1	3	5	1	2	4	2	2	4	1	4	4	5	5	3	5	4	3	2	5	5	2	1	2	4	1	5	3	1	1	1	3	2	5	5	3	5	5	1	1	5	1	2	4	4	1	3	2	1	5	4	4	5	5	2	4	5	5	5	4	1	4	5	5	5	2	4	3	2	4	5	3	1	2	3	1	1	1	1	1	2
AT4G39960	5	5	5	3	1	2	4	3	4	1	4	1	5	4	3	4	1	2	2	1	3	5	1	2	4	2	2	4	1	4	4	5	5	3	5	4	3	2	5	5	2	1	2	4	1	5	3	1	1	1	3	2	5	5	3	5	5	3	1	5	1	2	4	4	1	3	3	1	5	4	4	5	5	2	4	5	5	5	4	1	4	5	5	5	2	4	3	2	4	5	3	1	2	3	1	1	1	1	1	2
AT1G15820	5	5	5	3	1	2	4	3	4	1	4	1	5	4	4	4	1	2	2	1	3	5	1	2	4	2	2	4	1	4	4	5	5	3	5	4	3	2	5	5	2	1	2	4	1	5	3	1	1	1	3	2	5	5	3	5	5	1	1	5	1	2	4	4	1	3	3	1	5	4	4	5	5	2	4	5	5	5	4	1	4	5	5	5	2	4	3	2	4	5	3	1	2	3	1	1	1	1	1	2
AT5G52440	5	5	5	3	1	1	1	3	4	1	5	4	4	4	4	4	1	2	5	1	5	5	4	1	3	2	2	4	1	4	4	5	5	3	5	4	3	2	5	5	2	1	2	2	1	5	1	1	3	1	3	2	5	5	3	5	5	5	1	4	5	3	4	1	1	3	2	4	5	4	4	5	5	2	3	5	3	5	4	1	4	5	5	1	2	4	1	3	5	5	3	1	2	3	5	1	5	1	1	2
AT1G74880	3	4	1	5	3	5	3	2	1	4	2	3	1	1	1	5	2	5	3	5	2	1	2	4	2	3	3	1	4	1	2	2	4	5	2	3	1	3	4	1	4	4	4	5	5	4	2	4	5	4	4	1	2	2	4	3	1	2	3	3	3	4	5	5	4	2	5	3	3	2	5	2	4	3	1	2	1	1	1	3	5	4	3	2	1	1	4	1	3	2	5	2	5	1	3	3	4	5	5	1
AT3G28850	5	5	5	3	1	2	4	3	4	1	4	1	5	4	4	4	1	2	2	1	3	5	1	2	4	2	2	4	1	4	4	5	5	3	5	4	3	2	5	5	2	1	2	4	1	5	3	1	1	1	3	2	5	5	3	5	5	1	1	5	1	2	4	4	1	3	2	1	5	4	4	5	5	2	4	5	5	5	4	1	4	5	5	5	2	4	3	2	4	5	3	1	2	3	1	1	1	1	1	2
AT5G02160	3	4	1	3	3	5	3	4	1	4	2	2	1	4	1	5	5	5	3	5	2	1	2	4	2	3	3	1	1	1	2	2	5	2	2	3	1	3	1	1	1	4	2	5	1	4	2	3	5	4	4	1	2	2	4	3	1	2	3	3	3	4	3	5	4	5	5	3	3	2	2	2	4	3	1	2	1	1	2	3	5	5	3	2	3	1	4	1	3	2	5	3	2	1	3	3	4	5	2	1
AT4G33520	2	3	2	5	5	3	2	5	2	3	5	5	2	3	5	2	4	1	1	4	1	2	3	5	1	4	5	3	4	2	3	3	2	4	3	1	5	1	3	4	3	5	3	1	4	3	5	5	4	2	5	5	1	1	1	2	4	4	5	4	2	5	1	2	2	4	4	2	4	5	1	1	1	1	5	1	1	4	1	2	2	1	1	3	5	2	2	5	2	1	1	4	3	2	2	5	2	4	3	5
AT1G80380	5	1	5	3	1	3	4	3	4	2	4	3	3	4	3	4	1	2	2	1	4	5	5	2	4	2	4	4	1	5	4	4	5	4	4	4	2	5	4	5	2	1	2	4	1	2	3	1	2	5	3	2	5	5	2	5	2	3	4	5	4	2	4	4	5	3	3	1	5	1	4	4	2	4	4	3	4	4	4	1	3	5	5	4	2	3	3	4	4	4	3	1	2	5	1	2	3	2	1	2
AT5G01220	5	5	4	3	1	1	4	3	4	1	5	1	4	4	4	4	1	2	2	1	5	5	4	2	3	2	2	4	1	4	4	5	5	3	5	4	3	2	5	5	2	1	2	2	1	5	1	1	3	1	3	2	5	3	3	5	5	1	1	1	1	3	4	1	1	3	2	4	5	4	4	5	3	2	3	5	5	5	4	1	4	5	5	1	2	4	3	3	4	5	3	1	2	3	5	1	5	1	1	2
AT2G27290	5	1	5	3	1	2	4	3	4	1	4	1	5	4	3	4	1	2	2	1	3	5	1	2	4	2	4	4	1	4	4	5	5	3	5	4	3	5	5	5	2	1	2	4	1	5	3	1	1	1	3	2	5	5	3	5	5	3	1	5	1	2	4	4	1	3	3	1	5	4	4	5	5	2	4	5	5	5	4	1	4	5	5	5	2	4	3	2	4	5	3	1	2	3	1	1	1	2	1	2
AT2G37400	3	4	1	5	3	5	3	4	1	4	2	2	1	1	1	5	2	5	3	5	2	1	2	4	2	3	3	1	4	1	2	2	4	5	2	3	1	3	1	1	4	4	4	5	5	4	2	4	5	4	4	1	2	2	4	3	1	2	3	3	3	4	5	5	4	2	5	3	3	2	5	2	4	3	1	2	1	1	2	3	5	4	3	2	1	1	4	1	3	2	5	2	5	1	3	3	4	5	5	1
AT4G28025	5	5	5	3	1	2	3	3	4	1	4	2	5	4	4	4	5	2	3	1	3	5	1	2	4	2	2	4	1	4	4	5	5	2	5	4	3	2	1	5	1	1	2	4	1	5	2	3	1	1	3	2	5	5	3	5	5	1	1	5	3	2	3	4	1	5	2	3	5	4	2	5	4	2	4	5	5	5	4	1	4	5	5	5	3	4	3	2	3	5	3	3	2	3	3	1	1	1	2	2
AT3G15840	3	4	1	5	3	5	3	4	1	4	2	2	1	1	1	5	2	5	3	5	2	1	2	4	2	3	3	1	4	1	2	2	4	5	2	3	1	3	1	1	4	4	4	5	5	4	2	4	5	4	4	1	2	2	4	3	1	2	3	3	3	4	5	5	4	2	5	3	3	2	5	2	4	3	1	2	1	1	2	3	5	4	3	2	1	1	4	1	3	2	5	2	5	1	3	3	4	5	5	1
AT4G37925	5	1	5	3	1	2	4	3	4	2	4	1	5	4	3	4	1	2	2	1	3	5	1	2	4	2	4	4	1	4	4	4	5	3	4	4	2	5	5	5	2	1	2	4	1	5	3	1	2	5	3	2	5	5	2	5	5	3	1	5	1	2	4	4	1	3	3	1	5	1	4	4	5	4	4	5	5	5	4	1	3	5	5	5	2	3	3	2	4	4	3	1	2	3	1	2	1	2	1	2
AT4G27700	5	5	5	3	1	2	3	3	4	1	4	2	5	4	4	4	5	2	3	1	3	5	1	2	4	2	2	4	1	4	4	5	5	2	5	4	3	2	1	5	1	1	2	4	1	5	2	3	1	1	3	2	5	5	3	5	1	1	1	3	3	4	3	4	1	5	3	3	5	4	2	5	4	2	4	5	5	5	2	1	4	5	5	2	3	4	3	1	3	5	3	3	2	3	3	1	1	1	2	2
AT5G23890	5	5	5	3	1	2	4	3	4	1	4	1	5	4	4	4	1	2	2	1	3	5	1	2	4	2	2	4	1	4	4	5	5	3	5	4	3	2	5	5	2	1	2	4	1	5	3	1	1	1	3	2	5	5	3	5	5	1	1	5	1	2	4	4	1	3	3	1	5	4	4	5	5	2	4	5	5	5	4	1	4	5	5	5	2	4	3	2	4	5	3	1	2	3	1	1	1	1	1	2
AT2G30950	5	1	5	3	1	2	4	3	4	1	4	1	5	4	3	4	1	2	2	1	3	5	1	2	4	2	4	4	1	4	4	5	5	3	5	4	3	5	5	5	2	1	2	4	1	5	3	1	1	1	3	2	5	5	3	5	5	3	1	5	1	2	4	4	1	3	3	1	5	1	4	5	5	2	4	5	5	5	4	1	4	5	5	5	2	4	3	2	4	5	3	1	2	3	1	1	1	2	1	2
AT5G19500	5	5	5	3	1	2	4	3	4	1	4	1	5	4	4	4	1	2	2	1	3	5	1	2	4	2	2	4	1	4	4	5	5	3	5	4	3	2	5	5	2	1	2	4	1	5	3	1	1	1	3	2	5	5	3	5	5	1	1	5	1	2	4	4	1	3	3	1	5	4	4	5	5	2	4	5	5	5	4	1	4	5	5	5	2	4	3	2	4	5	3	1	2	3	1	1	1	1	1	2
AT1G44575	1	4	4	4	4	1	1	1	5	5	5	4	1	5	2	2	4	4	5	2	1	3	4	1	3	1	1	5	2	3	1	3	1	1	1	5	5	4	2	2	5	3	4	2	3	3	1	5	3	3	5	3	3	3	5	4	3	5	2	1	5	1	2	1	3	1	1	5	2	3	3	3	3	5	3	4	3	3	3	5	1	3	1	1	4	5	1	5	5	3	1	1	5	4	4	4	5	3	4	3
AT4G13010	5	5	5	3	1	2	4	3	4	1	4	1	5	4	4	4	1	2	2	1	3	5	1	2	4	2	2	4	1	4	4	5	5	3	5	4	3	2	5	5	2	1	2	4	1	5	3	1	1	1	3	2	5	5	3	5	5	1	1	5	1	2	4	4	1	3	2	1	5	4	4	5	5	2	4	5	5	5	4	1	4	5	5	5	2	4	3	2	4	5	3	1	2	3	1	1	1	1	1	2
AT2G40100	5	1	5	3	1	2	4	3	4	2	4	1	5	4	3	4	1	2	2	1	3	5	1	2	4	2	4	4	1	4	4	4	5	3	4	4	3	5	5	5	2	1	2	4	1	5	3	1	2	5	3	2	5	5	2	5	5	3	1	5	1	2	4	4	1	3	3	1	5	1	4	4	5	4	4	5	5	5	4	1	3	5	5	5	2	3	3	2	4	4	3	1	2	3	1	2	1	2	1	2
AT1G71500	1	4	4	4	4	1	1	1	5	5	5	4	4	5	2	2	4	4	5	2	1	3	4	1	3	1	1	5	2	3	1	3	1	1	1	5	5	4	2	2	5	3	4	2	3	3	1	5	3	3	5	3	3	3	5	4	3	5	2	1	5	1	2	1	3	1	1	5	2	3	3	3	3	5	3	4	3	3	3	5	1	3	1	1	4	5	1	5	5	3	1	5	5	4	5	4	5	3	4	3
AT1G42960	5	1	5	3	1	2	4	3	4	1	4	1	5	4	3	4	1	2	2	1	3	5	1	2	4	2	4	4	1	4	4	5	5	3	5	4	3	5	5	5	2	1	2	4	1	5	3	1	1	1	3	2	5	5	3	5	5	3	1	5	1	2	4	4	1	3	3	1	5	1	4	5	5	2	4	5	5	5	4	1	4	5	5	5	2	4	3	2	4	5	3	1	2	3	1	1	1	2	1	2
AT3G26080	5	4	1	3	1	5	3	4	1	4	4	2	1	4	3	4	5	2	3	5	3	5	2	2	2	2	3	4	1	1	4	5	5	2	5	3	3	3	1	5	1	1	2	5	1	5	2	3	5	4	3	1	5	2	3	5	1	3	3	3	3	4	3	4	1	5	5	3	5	4	2	5	4	2	4	5	5	1	2	1	4	5	5	2	3	4	3	1	3	2	5	3	2	1	3	1	4	1	2	2
AT2G21530	3	4	1	5	3	5	3	2	1	4	2	3	1	1	1	5	2	5	3	5	2	1	2	4	2	3	3	1	4	1	2	2	4	5	2	3	1	3	4	1	4	4	4	5	5	4	2	4	5	4	4	1	2	2	4	3	1	2	3	3	3	4	5	5	4	2	5	3	3	2	5	2	4	3	1	2	1	1	1	3	5	4	3	2	1	1	4	1	3	2	5	2	5	1	3	3	4	5	5	1
AT4G19830	3	4	1	5	3	5	3	4	1	4	2	3	1	1	1	5	2	5	3	5	2	1	2	4	2	3	3	1	4	1	2	2	4	5	2	3	1	3	4	1	4	4	4	5	5	4	2	4	5	4	4	1	2	2	4	3	1	2	3	3	3	4	5	5	4	2	5	3	3	2	5	2	4	3	1	2	1	1	2	3	5	4	3	2	1	1	4	1	3	2	5	2	5	1	3	3	4	5	5	1
AT2G37660	5	1	5	3	1	2	4	3	4	2	4	1	5	4	3	4	1	2	2	1	3	5	1	2	4	2	4	4	1	4	4	4	5	3	4	4	3	5	5	5	2	1	2	4	1	5	3	1	2	5	3	2	5	5	2	5	5	3	1	5	1	2	4	4	1	3	3	1	5	1	4	4	5	4	4	5	5	5	4	1	4	5	5	5	2	4	3	2	4	4	3	1	2	3	1	2	1	2	1	2
AT3G10470	5	1	5	3	1	2	4	3	4	1	4	1	5	4	3	4	1	2	2	1	3	5	1	2	4	2	4	4	1	4	4	4	5	3	5	4	3	5	5	5	2	1	2	4	1	5	3	1	1	1	3	2	5	5	3	5	5	3	1	5	1	2	4	4	1	3	3	1	5	1	4	5	5	2	4	5	5	5	4	1	4	5	5	5	2	4	3	2	4	5	3	1	2	3	1	1	1	2	1	2
AT2G37230	3	4	1	3	3	5	3	4	1	4	2	2	1	1	1	5	5	5	3	5	2	1	2	4	2	3	3	1	1	1	2	2	4	2	2	3	1	3	1	1	1	4	2	5	5	4	2	3	5	4	4	1	2	2	4	3	1	2	3	3	3	4	3	5	4	5	5	3	3	2	2	2	4	3	1	2	1	1	2	3	5	5	3	2	3	1	4	1	3	2	5	3	2	1	3	3	4	5	2	1
AT1G54780	1	5	4	3	1	1	1	3	4	5	5	4	4	4	4	4	1	2	2	2	5	5	4	1	3	2	2	4	1	3	1	5	5	1	5	4	3	2	2	5	2	1	2	2	1	5	1	1	3	1	5	2	5	3	3	4	3	1	2	1	5	3	4	1	3	3	2	4	5	4	4	3	3	2	3	5	3	5	4	5	4	5	5	1	2	5	1	3	4	5	3	1	2	3	5	1	5	1	1	2
AT4G33010	5	1	3	3	1	3	4	3	4	2	4	3	3	4	3	4	1	2	2	1	4	5	5	3	4	2	4	4	1	5	4	4	5	4	4	4	2	5	4	5	2	1	2	4	1	2	3	1	2	5	3	4	5	5	2	5	2	3	4	5	4	1	2	4	5	3	3	1	5	1	4	4	2	4	4	3	4	4	4	1	3	5	5	4	2	3	3	4	1	4	3	1	2	5	1	2	3	2	1	2
AT5G19370	5	1	5	3	1	2	4	3	4	2	4	1	5	4	3	4	1	2	2	1	3	5	1	2	4	2	4	4	1	4	4	4	5	3	4	4	2	5	5	5	2	1	2	4	1	5	3	1	2	1	3	2	5	5	2	5	5	3	1	5	1	2	4	4	1	3	3	1	5	1	4	5	5	4	4	5	5	5	4	1	4	5	5	5	2	4	3	2	4	4	3	1	2	3	1	2	1	2	1	2
AT2G30695	5	1	5	3	1	2	4	3	4	1	4	3	5	4	3	4	1	2	2	1	3	5	1	2	4	2	4	4	1	4	4	4	5	3	5	4	3	5	4	5	2	1	2	4	1	5	3	1	1	1	3	2	5	5	2	5	5	3	1	5	1	2	4	4	1	3	3	1	5	1	4	5	4	4	4	5	5	5	4	1	4	5	5	5	2	4	3	1	4	5	3	1	2	3	3	1	1	2	1	2
AT5G42070	5	1	5	3	1	2	4	3	4	2	4	1	5	4	3	4	1	2	2	1	3	5	1	2	4	2	4	4	1	4	4	4	5	3	4	4	2	5	5	5	2	1	2	4	1	5	3	1	2	1	3	2	5	5	2	5	5	3	1	5	1	2	4	4	1	3	3	1	5	1	4	5	5	4	4	5	5	5	4	1	4	5	5	5	2	4	3	2	4	4	3	1	2	3	1	1	1	2	1	2
AT4G39730	3	4	1	5	3	5	3	4	1	4	2	3	1	1	1	5	5	5	3	5	2	1	2	4	2	3	3	1	4	1	2	2	4	5	2	3	1	3	1	1	1	4	4	5	5	4	2	3	5	4	4	1	2	2	4	3	1	2	3	3	3	4	3	5	4	5	5	3	3	2	2	2	4	3	1	2	1	1	2	3	5	4	3	2	3	1	4	1	3	2	5	3	5	1	3	3	4	5	2	1
AT1G07510	5	5	5	3	1	2	4	3	4	1	4	1	5	4	4	4	1	2	2	1	3	5	1	2	4	2	2	4	1	4	4	5	5	3	5	4	3	2	5	5	2	1	2	4	1	5	3	1	1	1	3	2	5	5	3	5	5	1	1	5	1	2	4	4	1	3	3	1	5	4	4	5	5	2	4	5	5	5	4	1	4	5	5	5	2	4	3	2	4	5	3	1	2	3	1	1	1	1	1	2
AT1G79040	1	4	4	4	4	1	1	1	5	5	5	4	4	5	2	2	4	4	5	2	1	3	4	1	3	1	1	5	2	3	1	3	1	1	1	5	5	4	2	2	5	3	4	2	3	3	1	5	3	3	5	3	3	3	5	4	3	5	2	1	5	1	2	1	3	1	1	5	2	3	3	3	3	5	3	4	3	3	3	5	1	3	1	1	4	5	1	5	5	3	1	5	5	4	4	4	5	3	4	3
AT2G21160	3	4	1	5	3	5	3	4	1	4	2	2	1	1	1	5	5	5	3	5	2	1	2	4	2	3	3	1	4	1	2	2	4	2	2	3	1	3	1	1	1	4	2	5	5	4	2	3	5	4	4	1	2	2	4	3	1	2	3	3	3	4	3	5	4	5	5	3	3	2	2	2	4	3	1	2	1	1	2	3	5	5	3	2	3	1	4	1	3	2	5	3	2	1	3	3	4	5	2	1
AT4G39460	5	1	5	3	1	2	4	3	4	1	4	1	5	4	3	4	1	2	2	1	3	5	1	2	4	2	4	4	1	4	4	5	5	3	5	4	3	5	5	5	2	1	2	4	1	5	3	1	1	1	3	2	5	5	3	5	5	3	1	5	1	2	4	4	1	3	3	1	5	4	4	5	5	2	4	5	5	5	4	1	4	5	5	5	2	4	3	2	4	5	3	1	2	3	1	1	1	2	1	2
AT3G26580	5	1	5	3	1	2	4	3	4	1	4	1	5	4	3	4	1	2	2	1	3	5	1	2	4	2	4	4	1	4	4	4	5	3	5	4	3	5	5	5	2	1	2	4	1	5	3	1	1	1	3	2	5	5	3	5	5	3	1	5	1	2	4	4	1	3	3	1	5	1	4	5	5	2	4	5	5	5	4	1	4	5	5	5	2	4	3	2	4	5	3	1	2	3	1	1	1	2	1	2
AT1G03160	5	1	5	3	1	2	4	3	4	2	4	3	5	4	3	4	1	2	2	1	4	5	1	2	4	2	4	4	1	5	4	4	5	3	4	4	2	5	4	5	2	1	2	4	1	5	3	1	2	5	3	2	5	5	2	5	5	3	1	5	1	2	4	4	5	3	3	1	5	1	4	4	5	4	4	5	4	5	4	1	3	5	5	5	2	3	3	4	4	4	3	1	2	5	1	2	1	2	1	2
AT2G24020	5	5	5	3	1	2	4	3	4	1	4	1	5	4	4	4	1	2	2	1	3	5	1	2	4	2	2	4	1	4	4	5	5	3	5	4	3	2	5	5	2	1	2	4	1	5	3	1	1	1	3	2	5	5	3	5	5	1	1	5	1	2	4	4	1	3	3	1	5	4	4	5	5	2	4	5	5	5	4	1	4	5	5	5	2	4	3	2	4	5	3	1	2	3	1	1	1	1	1	2
AT1G05385	3	4	1	3	3	5	3	4	1	4	2	2	1	1	1	5	5	5	3	5	2	1	2	4	2	3	3	1	4	1	2	2	4	2	2	3	1	3	1	1	1	4	2	5	5	4	2	3	5	4	4	1	2	2	4	3	1	2	3	3	3	4	3	5	4	5	5	3	3	2	2	2	4	3	1	2	1	1	2	3	5	5	3	2	3	1	4	1	3	2	5	3	2	1	3	3	4	5	2	1
AT5G52970	5	5	5	3	1	2	4	3	4	1	4	1	5	4	4	4	1	2	2	1	3	5	1	2	4	2	2	4	1	4	4	5	5	3	5	4	3	2	5	5	2	1	2	4	1	5	3	1	1	1	3	2	5	5	3	5	5	1	1	5	1	2	4	4	1	3	3	1	5	4	4	5	5	2	4	5	5	5	4	1	4	5	5	5	2	4	3	2	4	5	3	1	2	3	1	1	1	1	1	2
AT3G08920	5	1	5	3	1	3	4	3	4	2	4	3	3	4	3	4	1	2	2	1	4	5	5	2	4	2	4	4	1	5	4	4	5	3	4	4	2	5	4	5	2	1	2	4	1	5	3	1	2	5	3	2	5	5	2	5	2	3	1	5	4	2	4	4	5	3	3	1	5	1	4	4	2	4	4	3	4	5	4	1	3	5	5	5	2	3	3	4	4	4	3	1	2	5	1	2	1	2	1	2
AT1G72640	5	1	5	3	1	2	4	3	4	1	4	1	5	4	3	4	1	2	2	1	3	5	1	2	4	2	4	4	1	4	4	4	5	3	5	4	3	5	5	5	2	1	2	4	1	5	3	1	1	1	3	2	5	5	3	5	5	3	1	5	1	2	4	4	1	3	3	1	5	4	4	5	5	2	4	5	5	5	4	1	4	5	5	5	2	4	3	2	4	5	3	1	2	3	1	1	1	2	1	2
AT1G67840	3	4	1	5	3	5	3	2	1	4	2	3	1	1	1	5	2	5	3	5	2	1	2	4	2	3	3	1	4	1	2	2	4	5	2	3	1	3	4	1	4	4	4	5	5	4	2	4	5	4	4	1	2	2	4	3	1	2	3	3	3	4	5	5	4	2	5	3	3	2	5	2	4	3	1	2	1	1	1	3	5	4	3	2	1	1	4	1	3	2	5	2	5	1	3	3	4	5	5	1
AT5G13120	5	1	5	3	1	2	4	3	4	1	4	1	5	4	3	4	1	2	2	1	3	5	1	2	4	2	4	4	1	4	4	5	5	3	5	4	3	5	5	5	2	1	2	4	1	5	3	1	1	1	3	2	5	5	3	5	5	3	1	5	1	2	4	4	1	3	3	1	5	4	4	5	5	2	4	5	5	5	4	1	4	5	5	5	2	4	3	2	4	5	3	1	2	3	1	1	1	1	1	2
AT4G31390	4	3	3	1	4	4	5	5	3	3	3	5	2	3	2	2	4	3	1	4	1	3	3	5	5	1	5	5	3	3	5	1	1	1	1	5	5	4	2	2	5	3	5	1	2	1	4	5	4	3	1	3	4	4	5	2	3	4	4	4	5	1	2	2	2	4	1	2	2	3	3	1	1	5	5	4	1	3	5	2	2	2	1	3	5	2	2	5	5	1	1	5	1	4	4	5	2	3	4	3
AT4G24930	5	5	5	3	1	2	4	3	4	1	4	1	5	4	3	4	5	2	2	1	3	5	1	2	4	2	2	4	1	4	4	5	5	2	5	4	3	2	5	5	1	1	2	4	1	5	3	1	1	1	3	2	5	5	3	5	5	1	1	5	1	2	4	4	1	5	3	1	5	4	4	5	5	2	4	5	5	5	4	1	4	5	5	5	2	4	3	2	4	5	3	3	2	3	1	1	1	1	1	2
AT1G74710	5	5	5	3	1	2	4	3	4	1	4	1	5	4	4	4	1	2	2	1	3	5	1	2	4	2	2	4	1	4	4	5	5	3	5	4	3	2	5	5	2	1	2	4	1	5	3	1	1	1	3	2	5	5	3	5	5	1	1	5	1	2	4	4	1	3	3	1	5	4	4	5	5	2	4	5	5	5	4	1	4	5	5	5	2	4	3	2	4	5	3	1	2	3	1	1	1	1	1	2
AT4G18370	5	1	5	3	1	2	4	3	4	1	4	1	5	4	3	4	1	2	2	1	3	5	1	2	4	2	4	4	1	4	4	4	5	3	5	4	3	5	5	5	2	1	2	4	1	5	3	1	1	1	3	2	5	5	3	5	5	3	1	5	1	2	4	4	1	3	3	1	5	1	4	5	5	4	4	5	5	5	4	1	4	5	5	5	2	4	3	2	4	5	3	1	2	3	1	1	1	2	1	2
AT1G03090	3	4	1	5	3	5	3	2	1	4	2	3	1	1	1	5	2	5	3	5	2	1	2	4	2	3	3	1	4	1	2	2	4	5	2	3	1	3	4	1	4	4	4	5	5	4	2	4	5	4	4	1	2	2	4	3	1	2	3	3	3	4	5	5	4	2	5	3	3	2	5	2	4	3	1	2	1	1	1	3	5	4	3	2	1	1	4	1	3	2	5	2	5	1	3	3	4	5	5	1
AT3G55330	5	1	5	3	1	2	4	3	4	1	4	1	5	4	3	4	1	2	2	1	3	5	1	2	4	2	4	4	1	4	4	5	5	3	5	4	3	5	5	5	2	1	2	4	1	5	3	1	1	1	3	2	5	5	3	5	5	3	1	5	1	2	4	4	1	3	3	1	5	4	4	5	5	2	4	5	5	5	4	1	4	5	5	5	2	4	3	2	4	5	3	1	2	3	1	1	1	2	1	2
AT4G36810	2	2	2	2	2	4	2	1	2	3	4	5	2	2	5	1	3	3	1	3	1	2	3	3	5	5	1	5	5	2	3	1	3	4	3	2	4	1	3	4	3	2	1	3	4	3	5	2	4	2	2	5	3	1	1	1	4	4	5	2	2	5	1	3	2	1	4	2	2	5	1	1	1	1	2	1	2	2	3	4	2	1	4	3	4	2	5	5	1	1	4	4	4	2	2	5	2	4	3	5
AT1G16790	3	4	1	5	3	5	3	4	1	4	2	3	1	1	1	5	2	5	3	5	2	1	2	4	2	3	3	1	4	1	2	2	4	5	2	3	1	3	4	1	4	4	4	5	5	4	2	4	5	4	4	1	2	2	4	3	1	2	3	3	3	4	5	5	4	2	5	3	3	2	5	2	4	3	1	2	1	1	2	3	5	4	3	2	1	1	4	1	3	2	5	2	5	1	3	3	4	5	5	1
AT1G15140	5	5	5	3	1	2	4	3	4	1	4	1	5	4	4	4	1	2	2	1	3	5	1	2	4	2	2	4	1	4	4	5	5	3	5	4	3	2	5	5	2	1	2	4	1	5	3	1	1	1	3	2	5	5	3	5	5	1	1	5	1	2	4	4	1	3	3	1	5	4	4	5	5	2	4	5	5	5	4	1	4	5	5	5	2	4	3	2	4	5	3	1	2	3	1	1	1	1	1	2
AT1G31180	5	4	1	3	3	5	3	4	1	4	2	2	1	4	1	4	5	5	3	5	2	5	2	4	2	3	3	1	1	1	4	2	5	2	5	3	1	3	1	1	1	4	2	5	1	4	2	3	5	4	3	1	5	2	4	3	1	3	3	3	3	4	3	5	4	5	5	3	3	2	2	2	4	3	4	2	1	1	2	1	4	5	5	2	3	1	3	1	3	2	5	3	2	1	3	3	4	5	2	1
AT5G03455	5	1	5	3	1	2	4	3	4	1	4	1	5	4	3	4	1	2	2	1	3	5	1	2	4	2	4	4	1	4	4	4	5	3	5	4	3	5	5	5	2	1	2	4	1	5	3	1	1	1	3	2	5	5	3	5	5	3	1	5	1	2	4	4	1	3	3	1	5	4	4	5	5	2	4	5	5	5	4	1	4	5	5	5	2	4	3	2	4	5	3	1	2	3	1	1	1	2	1	2
AT5G52780	5	1	5	3	1	2	4	3	4	1	4	1	5	4	3	4	1	2	2	1	3	5	1	2	4	2	2	4	1	4	4	5	5	3	5	4	3	5	5	5	2	1	2	4	1	5	3	1	1	1	3	2	5	5	3	5	5	3	1	5	1	2	4	4	1	3	3	1	5	4	4	5	5	2	4	5	5	5	4	1	4	5	5	5	2	4	3	2	4	5	3	1	2	3	1	1	1	2	1	2
AT1G51110	5	5	5	3	1	2	4	3	4	1	4	1	5	4	4	4	1	2	2	1	3	5	1	2	4	2	2	4	1	4	4	5	5	3	5	4	3	2	5	5	2	1	2	4	1	5	3	1	1	1	3	2	5	5	3	5	5	1	1	5	1	2	4	4	1	3	2	1	5	4	4	5	5	2	4	5	5	5	4	1	4	5	5	5	2	4	3	2	4	5	3	1	2	3	1	1	1	1	1	2
AT3G25480	3	4	1	5	3	5	3	4	1	4	2	2	1	1	1	5	5	5	3	5	2	1	2	4	2	3	3	1	4	1	2	2	4	5	2	3	1	3	1	1	1	4	4	5	5	4	2	3	5	4	4	1	2	2	4	3	1	2	3	3	3	4	3	5	4	5	5	3	3	2	2	2	4	3	1	2	1	1	2	3	5	4	3	2	3	1	4	1	3	2	5	3	5	1	3	3	4	5	2	1
AT5G42765	5	1	5	3	1	2	4	3	4	1	4	1	5	4	3	4	1	2	2	1	3	5	1	2	4	2	4	4	1	4	4	5	5	3	5	4	3	5	5	5	2	1	2	4	1	5	3	1	1	1	3	2	5	5	3	5	5	3	1	5	1	2	4	4	1	3	3	1	5	4	4	5	5	2	4	5	5	5	4	1	4	5	5	5	2	4	3	2	4	5	3	1	2	3	1	1	1	2	1	2
AT1G16880	5	1	5	3	1	3	4	3	4	2	4	3	3	4	3	4	1	2	2	1	4	5	1	2	4	2	4	4	1	5	4	4	5	3	4	4	2	5	4	5	2	1	2	4	1	5	3	1	2	5	3	2	5	5	2	5	5	3	1	5	4	2	4	4	5	3	3	1	5	1	4	4	2	4	4	3	4	5	4	1	3	5	5	5	2	3	3	4	4	4	3	1	2	5	1	2	1	2	1	2
AT1G14345	5	1	5	3	1	2	4	3	4	2	4	3	5	4	3	4	1	2	2	1	4	5	1	2	4	2	4	4	1	5	4	4	5	3	4	4	2	5	4	5	2	1	2	4	1	5	3	1	2	5	3	2	5	5	2	5	5	3	1	5	1	2	4	4	5	3	3	1	5	1	4	4	5	4	4	5	4	5	4	1	3	5	5	5	2	3	3	4	4	4	3	1	2	5	1	2	1	2	1	2
AT1G66670	5	1	5	3	1	2	4	3	4	1	4	1	5	4	3	4	1	2	2	1	3	5	1	2	4	2	4	4	1	4	4	4	5	3	5	4	3	5	5	5	2	1	2	4	1	5	3	1	1	1	3	2	5	5	3	5	5	3	1	5	1	2	4	4	1	3	3	1	5	4	4	5	5	2	4	5	5	5	4	1	4	5	5	5	2	4	3	2	4	5	3	1	2	3	1	1	1	2	1	2
