AT2G04030	1	1	2	3	5	5	4	1	1	5	2	1	5	5	4	2	1	2	1	5	1	3	3	4	3	3	1	5	1	3	2	4	4	2	2	4	4	1	3	1	1	3	1	2	5	4	1	1	3	3	3	5	1	2	3	1	2	5	3	3	5	2	5	2	3	4	3	4	3	3	1	4	1	4	3	1	5	3	1	4	3	4	1	5	3	5	4	4	3	4	5	1	1	2	1	3	3	4	2	4
AT5G20140	4	5	4	4	2	1	5	4	3	3	4	4	2	3	5	4	4	5	3	3	4	2	5	5	4	2	5	2	2	5	1	3	1	3	5	3	1	4	2	5	3	4	3	3	3	1	3	3	1	5	1	1	5	4	2	2	3	4	4	4	4	1	3	4	1	3	2	5	4	2	1	2	2	2	5	5	4	1	5	2	5	2	5	4	1	3	2	2	1	3	3	4	5	1	2	1	4	3	5	5
AT5G62720	4	5	4	4	2	1	5	4	3	3	4	4	2	3	5	4	4	5	3	3	4	2	5	5	2	2	5	2	2	5	1	3	1	3	4	3	1	2	2	5	3	4	3	3	3	1	3	4	1	5	1	4	5	4	2	2	3	4	4	4	4	1	3	4	1	3	2	5	4	2	1	2	2	2	5	5	4	1	5	2	5	2	5	4	1	3	2	2	1	3	4	4	5	1	2	1	4	3	5	5
AT4G38100	1	4	1	5	3	3	3	5	4	1	5	2	1	4	3	3	3	1	5	1	2	4	2	3	5	1	1	3	3	2	5	5	5	4	3	1	3	5	4	2	1	3	3	4	2	2	2	2	3	4	5	3	2	1	5	4	1	2	2	5	1	4	2	3	5	5	4	2	4	4	3	5	4	4	2	4	1	2	3	5	5	1	2	1	5	2	3	5	2	2	2	5	4	3	2	2	1	1	4	3
AT5G21430	5	5	5	4	2	2	5	4	2	3	4	4	2	3	5	1	2	5	4	3	4	1	5	5	4	4	5	1	4	4	1	3	1	3	5	3	1	4	2	4	3	4	3	3	3	1	3	3	2	5	1	1	5	4	2	2	3	4	4	4	4	1	3	1	2	3	1	3	4	2	3	2	2	2	5	5	4	1	5	2	5	2	5	4	2	3	2	2	1	5	3	4	5	1	2	5	4	3	1	5
AT3G21055	5	5	3	1	4	2	2	2	2	2	4	5	4	3	2	1	5	5	4	3	3	1	3	5	4	4	3	1	4	4	1	1	4	1	5	3	2	3	2	4	4	5	2	5	4	3	5	5	2	1	2	1	4	5	1	2	5	1	5	2	3	1	1	1	2	2	1	3	4	2	3	1	3	3	4	2	2	1	5	2	2	3	4	5	4	4	1	1	1	5	5	2	5	1	3	5	2	3	1	2
AT4G23890	4	5	4	4	1	1	5	4	3	3	4	4	2	3	5	4	4	5	3	3	4	2	5	5	2	2	5	2	2	5	1	3	1	3	4	3	1	2	2	5	3	4	3	3	3	1	3	4	1	5	1	4	5	4	2	2	3	4	4	4	4	1	3	4	1	3	2	5	4	2	1	2	2	2	5	5	4	1	5	2	5	2	5	4	1	3	2	2	1	3	4	4	5	1	5	1	4	3	5	5
AT4G38380	5	5	5	4	2	2	5	4	2	3	4	4	2	3	5	1	2	5	4	3	4	1	5	5	4	4	5	1	4	4	1	3	1	3	5	3	1	4	2	4	3	4	3	3	3	1	3	3	2	5	1	1	5	4	2	2	3	4	4	4	4	1	3	1	2	3	1	3	4	2	3	2	2	2	5	5	4	1	5	2	5	2	5	4	2	3	2	2	1	5	3	4	5	1	2	5	4	3	1	5
AT4G25910	2	1	2	3	5	5	1	1	5	4	3	1	5	1	4	5	1	2	2	4	1	3	3	4	3	3	4	4	1	3	2	4	4	2	2	2	5	1	1	1	5	3	4	2	1	4	1	1	5	3	3	5	3	2	3	5	2	5	3	3	5	5	5	2	3	4	3	4	3	4	2	4	1	4	3	1	3	3	4	4	3	4	3	2	3	5	4	3	5	1	1	3	3	2	1	3	3	4	2	4
AT2G43010	5	5	5	4	2	2	5	4	2	3	4	4	2	3	5	1	2	5	3	3	4	1	5	5	4	4	5	1	4	4	1	3	1	3	5	3	1	4	2	4	3	4	3	3	3	1	3	3	2	5	1	1	5	4	2	2	3	4	4	4	4	1	3	4	2	3	1	3	4	2	3	2	2	2	5	5	4	1	5	2	5	2	5	4	2	3	2	2	1	5	3	4	5	1	2	5	4	3	1	5
AT4G25050	2	3	2	3	3	4	1	2	1	4	3	1	3	2	1	3	5	3	1	4	5	3	4	4	1	5	3	5	5	1	4	4	2	1	3	5	2	1	5	3	4	1	5	1	1	4	4	1	4	1	2	2	4	1	4	3	5	5	3	3	3	3	1	5	4	2	5	1	1	5	5	3	5	1	4	2	2	4	1	1	4	5	1	2	4	4	5	4	5	1	1	3	1	5	4	4	2	5	2	2
AT1G51350	5	5	5	4	4	2	5	4	2	3	4	4	2	3	5	1	2	5	4	3	4	1	5	5	4	4	5	1	4	4	1	3	1	3	5	3	1	4	2	4	3	4	3	3	4	1	3	3	2	5	1	1	5	4	2	2	3	4	4	4	4	1	3	1	2	3	1	3	4	2	3	1	2	2	5	5	4	1	5	2	5	2	4	4	2	3	2	2	1	5	3	4	5	1	2	5	4	3	1	5
AT1G12250	4	5	4	2	1	1	5	4	3	3	1	4	2	3	5	4	4	5	3	3	4	2	5	5	2	2	5	2	2	5	1	3	1	3	4	3	1	2	2	5	3	4	3	3	3	1	3	4	1	5	1	4	5	4	2	2	4	4	1	1	4	1	3	4	1	3	2	5	4	2	1	2	2	2	5	5	4	1	5	2	5	2	5	4	1	3	2	2	1	3	4	4	5	1	5	1	4	3	5	5
AT2G41680	2	1	2	3	5	5	4	1	1	4	2	1	5	5	4	2	1	2	1	5	1	3	3	4	3	3	4	5	1	3	2	4	4	2	2	2	5	1	1	1	1	3	1	2	5	4	1	1	3	3	3	5	1	2	3	1	2	5	3	3	5	5	5	2	3	4	3	4	3	3	2	4	1	4	3	1	5	3	1	4	3	4	1	5	3	5	4	4	3	4	5	1	1	2	1	3	3	4	2	2
AT3G15110	4	5	4	4	2	1	5	4	3	3	4	4	2	3	5	4	2	5	3	3	4	2	5	5	4	2	5	2	2	5	1	3	1	3	5	3	1	4	2	5	3	4	3	3	3	1	3	3	2	5	1	1	5	4	2	2	3	4	4	4	4	1	3	4	1	3	2	5	4	2	1	2	2	2	5	5	4	1	5	2	5	2	5	4	1	3	2	2	1	3	3	4	5	1	2	1	4	3	5	5
AT2G40400	4	5	4	4	1	1	5	4	3	3	4	4	2	3	5	4	4	5	3	3	4	2	5	5	4	2	5	2	2	4	1	3	1	3	5	3	1	4	2	5	3	4	3	3	3	1	3	3	1	5	1	1	5	4	2	2	3	4	4	1	4	1	3	4	1	3	2	5	4	2	1	2	2	2	5	5	4	1	5	2	5	2	5	4	1	3	2	2	1	3	4	4	5	1	2	1	4	3	5	5
AT5G07020	5	2	3	1	4	4	2	2	5	2	4	5	4	2	2	5	5	5	4	3	3	5	3	5	1	4	3	1	5	4	1	1	4	1	5	4	2	3	5	1	4	5	2	5	4	3	5	5	2	1	2	2	4	5	1	3	5	1	5	2	3	3	1	5	4	2	1	1	5	3	5	1	3	3	4	2	2	1	2	1	2	3	4	5	4	4	1	1	5	4	5	2	1	4	3	5	2	3	2	2
AT5G16660	5	5	5	4	2	2	5	4	2	3	4	4	2	3	5	1	2	5	4	3	4	1	5	5	4	4	5	1	4	4	1	3	1	3	5	3	1	4	2	4	3	4	3	3	3	1	3	3	2	5	1	1	5	4	2	2	3	4	4	4	4	1	3	1	2	3	1	3	4	2	3	2	2	2	5	5	4	1	5	2	5	2	5	4	2	3	2	2	1	5	3	4	5	1	2	5	4	3	1	5
AT3G14420	1	1	2	3	5	5	4	1	1	4	2	1	5	5	4	5	1	2	2	5	1	3	3	4	3	3	1	3	1	3	2	4	4	2	2	2	4	1	1	1	5	3	4	2	1	4	1	1	5	3	3	5	3	2	3	1	2	5	3	3	5	5	4	2	3	4	3	4	3	4	2	4	1	4	3	1	3	3	4	4	3	4	3	2	3	5	4	3	3	1	5	3	3	2	1	3	3	4	2	4
AT1G79230	3	5	5	4	2	2	5	4	2	3	4	4	2	3	5	1	2	5	3	3	4	1	5	5	4	4	5	2	4	4	1	3	1	3	5	3	1	4	2	4	3	4	3	3	3	1	3	3	2	5	1	1	5	4	2	2	3	4	4	4	4	1	3	4	2	3	1	3	4	2	3	2	2	2	5	5	4	1	5	2	5	2	5	4	2	3	2	2	1	5	3	4	5	1	2	5	4	3	1	5
AT2G42220	5	5	5	4	2	2	5	4	2	3	4	4	2	3	5	1	2	5	4	3	4	1	5	5	4	4	5	1	4	4	1	3	1	3	5	3	1	4	2	4	3	4	3	3	3	1	3	3	2	5	1	1	5	4	2	2	3	4	4	4	4	1	3	1	2	3	1	3	4	2	3	2	2	2	5	5	4	1	5	2	5	2	5	4	2	3	2	2	1	5	3	4	5	1	2	5	4	3	1	5
AT1G67280	4	5	4	4	2	2	5	4	2	3	4	4	2	3	5	4	2	5	3	3	4	2	5	5	4	2	5	2	2	4	1	3	1	3	5	3	1	4	2	4	3	4	3	3	3	1	3	3	2	5	1	1	5	4	2	2	3	4	4	4	4	1	3	4	2	3	2	3	4	2	3	2	2	2	5	5	4	1	5	2	5	2	5	4	2	3	2	2	1	3	3	4	5	1	2	1	4	3	5	5
AT3G47450	2	1	2	1	5	5	1	3	5	4	3	1	5	1	4	5	1	4	1	2	1	3	4	1	3	3	4	4	1	1	2	4	4	2	3	2	4	1	1	1	2	3	4	2	1	4	1	1	5	2	3	3	3	1	3	5	1	5	2	5	5	4	5	2	3	4	3	4	2	4	2	4	1	3	3	4	3	3	4	4	3	4	3	2	3	3	4	1	5	1	1	3	3	2	1	3	3	4	2	4
AT5G08540	4	5	4	2	1	1	5	4	3	3	1	4	2	3	5	4	4	5	3	3	4	2	1	5	2	2	5	2	2	4	1	3	1	3	4	3	1	2	2	5	3	4	3	3	3	1	3	4	1	5	1	4	5	4	2	2	4	4	1	1	2	2	3	4	1	3	2	5	4	2	1	2	2	2	5	5	4	1	5	2	5	2	5	4	1	3	2	2	1	3	4	4	5	1	5	1	4	3	5	5
AT3G01480	2	3	2	1	3	4	1	3	1	4	3	3	5	5	1	3	5	2	5	4	5	3	4	2	3	5	4	5	1	1	3	4	2	2	1	4	4	1	3	3	4	1	1	4	1	5	4	5	5	1	4	2	3	1	4	1	2	2	3	3	5	3	5	2	4	4	5	2	1	1	4	3	5	1	2	1	3	5	4	3	1	5	1	2	3	4	5	1	5	1	1	3	1	4	1	4	5	5	1	2
AT4G31560	4	5	4	4	2	1	5	4	3	3	4	4	2	3	5	4	2	5	3	3	4	2	5	5	4	2	5	2	2	4	1	3	1	3	5	3	1	4	2	5	3	4	3	3	3	1	3	3	2	5	1	1	5	4	2	2	3	4	4	4	4	1	3	4	1	3	2	5	4	2	3	2	2	2	5	5	4	1	5	2	5	2	5	4	1	3	2	2	1	3	3	4	5	1	2	1	4	3	5	5
AT1G54580	4	5	4	4	2	1	5	4	3	3	4	4	2	3	5	4	4	5	3	3	4	2	5	5	4	2	5	2	2	4	1	3	1	3	5	3	1	4	2	5	3	4	3	3	3	1	3	3	2	5	1	1	5	4	2	2	3	4	4	4	4	1	3	4	1	3	2	5	4	2	3	2	2	2	5	5	4	1	5	2	5	2	5	4	2	3	2	2	1	3	3	4	5	1	2	1	4	3	5	5
AT1G73530	2	3	2	3	3	4	1	3	1	4	3	1	3	2	1	3	5	3	1	4	5	3	4	4	3	5	4	5	5	1	4	4	2	1	1	5	4	1	4	3	4	1	5	4	1	4	4	1	4	3	4	2	4	1	4	3	2	5	3	3	5	3	1	5	4	2	5	1	1	1	4	3	5	1	2	1	3	4	1	1	4	5	1	2	3	4	5	4	5	1	1	3	1	5	4	4	2	5	2	2
AT5G42270	4	5	4	2	1	1	4	1	1	5	1	1	2	5	4	2	1	4	3	5	1	2	1	2	2	2	5	2	2	3	1	2	4	5	4	4	5	1	3	1	1	2	1	1	5	4	3	4	1	5	3	5	1	3	2	2	4	3	1	1	2	2	4	4	1	1	2	4	4	3	1	2	1	5	1	3	5	3	5	3	3	5	5	4	4	1	4	4	3	4	4	1	2	2	5	1	3	2	4	1
AT1G54500	5	5	5	4	4	2	5	4	2	3	4	4	2	3	5	1	2	5	4	3	4	1	5	5	4	4	2	1	4	4	1	3	1	3	5	3	1	4	2	4	3	4	3	3	4	1	3	3	2	5	1	1	5	4	2	2	3	4	4	4	4	1	3	1	2	3	1	3	4	2	3	1	2	2	5	5	4	1	5	2	5	2	4	4	2	3	2	2	1	5	3	4	5	1	2	5	4	3	1	5
AT5G35170	4	5	4	4	2	1	5	4	3	3	4	4	2	3	5	4	2	5	3	3	4	2	5	5	4	2	5	2	2	5	1	3	1	3	5	3	1	4	2	5	3	4	3	3	3	1	3	3	2	5	1	1	5	4	2	2	3	4	4	4	4	1	3	4	1	3	2	5	4	2	1	2	2	2	5	5	4	1	5	2	5	2	5	4	2	3	2	2	1	3	3	4	5	1	2	1	4	3	5	5
AT1G80030	4	5	4	2	1	1	5	4	3	3	4	4	2	3	5	4	4	5	3	3	4	2	5	5	2	2	5	2	2	5	1	3	1	3	4	3	1	2	2	5	3	4	3	3	3	1	3	3	1	5	1	4	5	4	2	2	4	4	1	1	4	1	3	4	1	3	2	5	4	2	1	2	2	2	5	5	4	1	5	2	5	2	5	4	1	3	2	2	1	3	4	4	5	1	5	1	4	3	5	5
AT1G10170	4	5	5	4	2	2	5	4	2	3	4	4	2	3	5	4	2	5	3	3	4	2	5	5	4	2	5	2	2	4	1	3	1	3	5	3	1	4	2	4	3	4	3	3	3	1	3	3	2	5	1	1	5	4	2	2	3	4	4	4	4	1	3	4	2	3	2	3	4	2	3	2	2	2	5	5	4	1	5	2	5	2	5	4	2	3	2	2	1	3	3	4	5	1	2	1	4	3	1	5
AT5G12470	5	5	5	4	2	2	5	4	2	3	4	4	2	3	5	1	2	5	3	3	4	1	5	5	4	4	5	1	4	4	1	3	1	3	5	3	1	4	2	4	3	4	3	3	3	1	3	3	2	5	1	1	5	4	2	2	3	4	4	4	4	1	3	4	2	3	1	3	4	2	3	2	2	2	5	5	4	1	5	2	5	2	5	4	2	3	2	2	1	5	3	4	5	1	2	1	4	3	1	5
AT2G20260	4	5	4	2	1	1	5	4	3	3	1	4	2	3	5	4	4	5	3	3	4	2	5	5	2	2	5	2	2	5	1	3	1	3	4	3	1	2	2	5	3	4	3	3	3	1	3	4	1	5	1	4	5	4	2	2	4	4	1	1	2	1	3	4	1	3	2	5	4	2	1	2	2	2	5	5	4	1	5	3	5	2	5	4	1	3	2	2	1	3	4	4	2	1	5	1	4	3	5	5
AT1G03600	2	3	2	3	3	4	1	3	1	4	3	1	3	2	1	3	5	3	1	4	5	3	4	4	1	5	4	5	5	1	4	4	2	1	3	5	4	1	4	3	4	1	5	4	1	4	4	1	4	3	4	2	4	1	4	3	2	5	3	3	5	3	1	5	4	2	5	1	1	1	4	3	5	1	2	1	3	4	1	1	4	5	1	2	4	4	5	4	5	1	1	3	1	5	4	4	2	5	2	2
AT5G39830	4	5	4	4	2	1	5	4	3	3	4	4	2	3	5	4	2	5	3	3	4	2	5	5	4	2	5	2	2	5	1	3	1	3	5	3	1	4	2	5	3	4	3	3	3	1	3	3	2	5	1	1	5	4	2	2	3	4	4	4	4	1	3	4	1	3	2	5	4	2	1	2	2	2	5	5	4	1	5	2	5	2	5	4	1	3	2	2	1	3	3	4	5	1	2	1	4	3	5	5
AT1G20810	3	5	5	4	2	2	3	4	2	3	4	4	2	3	5	1	2	5	4	3	4	1	5	5	4	4	5	1	4	4	1	3	3	3	5	3	1	4	2	4	3	4	3	3	3	1	3	3	2	5	1	1	5	4	2	2	3	4	4	4	4	1	3	1	2	3	1	3	4	2	3	2	2	2	5	5	4	1	5	2	5	2	5	4	2	3	2	2	1	5	3	4	5	1	2	5	4	3	3	5
AT1G14150	4	5	4	4	1	1	5	4	3	3	1	4	2	3	5	4	4	5	3	3	4	2	5	5	2	2	5	2	2	5	1	3	1	3	4	3	1	2	2	5	3	4	3	3	3	1	3	4	1	5	1	4	5	4	2	2	3	4	4	1	4	1	3	4	1	3	2	5	4	2	1	2	2	2	5	5	4	1	5	2	5	2	5	4	1	3	2	2	1	3	4	4	5	1	5	1	4	3	5	5
AT2G41330	4	5	4	4	2	1	5	4	3	3	4	4	2	3	5	4	4	5	3	3	4	2	5	5	2	2	5	2	2	5	1	3	1	3	4	3	1	2	2	5	3	4	3	3	3	1	3	4	1	5	1	4	5	4	2	2	3	4	4	4	4	1	3	4	1	3	2	5	4	2	1	2	2	2	5	5	4	1	5	2	5	2	5	4	1	3	2	2	1	3	4	4	5	1	2	1	4	3	5	5
AT3G19490	4	5	4	2	5	1	4	1	1	5	1	5	2	3	4	2	1	4	3	3	1	2	1	2	2	2	5	2	2	5	1	2	4	5	4	4	5	2	3	1	1	2	1	1	5	1	3	4	1	5	3	4	1	3	2	2	4	3	1	1	2	2	3	4	1	4	2	4	4	2	1	2	2	5	1	3	5	3	5	3	3	5	5	4	1	1	1	4	3	4	4	1	2	2	5	1	3	2	4	1
AT3G17830	2	1	2	3	5	5	1	3	5	4	2	1	5	1	4	5	1	2	2	4	1	3	3	1	3	3	4	4	1	3	2	4	4	2	2	2	5	1	1	1	5	3	4	2	1	4	1	1	5	3	3	5	3	2	3	5	2	5	2	3	5	5	5	2	3	4	3	4	3	4	2	4	1	4	3	4	3	4	3	4	3	4	3	2	3	5	4	3	5	1	1	3	3	2	1	3	3	4	2	4
AT1G17850	4	5	4	4	2	2	5	4	2	3	4	4	2	3	5	4	2	5	3	3	4	2	5	5	4	2	5	2	2	4	1	3	1	3	5	3	1	4	2	4	3	4	3	3	3	1	3	3	2	5	1	1	5	4	2	2	3	4	4	4	4	1	3	4	1	3	2	3	4	2	1	2	2	2	5	5	4	1	5	2	5	2	5	4	2	3	2	2	1	3	3	4	5	1	2	1	4	3	5	5
AT2G01140	3	4	1	5	3	3	3	5	4	1	5	2	1	4	3	3	3	1	5	1	2	4	2	3	5	1	1	3	3	2	5	5	3	4	3	1	3	5	4	2	1	3	3	4	2	2	2	2	3	4	5	3	2	1	5	4	1	2	2	5	1	4	2	3	5	5	4	2	4	4	3	5	4	4	2	4	1	2	3	5	5	1	2	1	5	2	3	5	4	2	2	5	4	3	2	2	1	1	3	3
AT1G67700	4	5	4	2	1	1	5	4	3	5	1	4	2	3	5	4	4	5	3	3	4	2	1	5	2	2	5	2	2	5	1	3	1	3	4	3	1	2	2	5	3	4	3	3	3	1	3	4	1	5	1	4	5	3	2	2	4	4	1	1	2	2	3	4	1	1	2	5	4	2	1	2	2	5	1	3	4	1	5	3	5	2	5	4	1	1	2	2	1	3	4	1	2	1	5	1	4	2	5	1
AT5G01500	4	5	4	2	1	1	5	4	3	3	1	4	2	3	5	4	4	5	3	3	4	2	5	5	2	2	5	2	2	5	1	3	1	3	4	3	1	2	2	5	3	4	3	3	3	1	3	4	1	5	1	4	5	4	2	2	4	4	1	1	4	1	3	4	1	3	2	5	4	2	1	2	2	2	5	5	4	1	5	3	5	2	5	4	1	3	2	2	1	3	4	4	5	1	5	1	4	3	5	5
AT3G57680	5	5	5	4	2	2	5	4	2	3	4	4	2	3	5	1	2	5	3	3	4	1	5	5	4	2	5	2	4	4	1	3	1	3	5	3	1	4	2	4	3	4	3	3	3	1	3	3	2	5	1	1	5	4	2	2	3	4	4	4	4	1	3	4	2	3	1	3	4	2	3	2	2	2	5	5	4	1	5	2	5	2	5	4	2	3	2	2	1	5	3	4	5	1	2	1	4	3	1	5
AT4G16155	5	5	5	4	4	2	5	4	2	3	4	4	2	3	5	1	2	5	4	3	4	1	5	5	4	4	5	1	4	4	1	3	1	3	5	3	1	4	2	4	3	4	3	3	4	1	3	3	2	5	1	1	5	4	2	2	3	4	4	4	4	1	3	1	2	3	1	3	4	2	3	1	2	2	5	5	4	1	5	2	5	2	4	4	2	3	2	2	1	5	3	4	5	1	2	5	4	3	1	5
AT1G56500	5	5	4	2	4	1	5	1	3	3	1	4	2	3	4	4	1	4	3	3	3	2	1	5	2	4	5	2	2	3	1	2	4	3	4	3	5	2	2	5	3	2	3	3	3	1	3	4	1	5	1	5	1	4	2	2	4	3	1	1	2	2	4	4	1	1	2	5	4	2	1	2	2	5	1	3	5	1	5	3	5	2	5	4	1	1	2	2	3	3	4	1	5	1	5	1	4	2	4	1
AT1G22450	5	5	5	4	4	2	5	4	2	3	4	4	2	3	5	1	2	5	4	3	4	1	5	5	4	4	5	1	4	4	1	3	1	3	5	3	1	4	2	4	3	4	3	3	4	1	3	3	2	5	1	1	5	4	2	2	3	4	4	4	4	1	3	1	2	3	1	3	4	2	3	1	2	2	5	5	4	1	5	2	5	2	4	4	2	3	2	2	1	5	3	4	5	1	2	5	4	3	1	5
AT5G53170	5	5	5	4	4	2	5	4	2	3	4	4	2	3	5	1	2	5	4	3	4	1	5	5	4	4	5	1	4	4	1	3	1	3	5	3	1	4	2	4	3	4	3	3	4	1	3	3	2	5	1	1	5	4	2	2	3	4	4	4	4	1	3	1	2	3	1	3	4	2	3	2	2	2	5	5	4	1	5	2	5	2	4	4	2	3	2	2	1	5	3	4	5	1	5	5	4	3	1	5
AT5G15250	4	5	4	4	2	1	5	4	3	3	4	4	2	3	5	4	4	5	3	3	4	2	5	5	2	2	5	2	2	5	1	3	1	3	5	3	1	4	2	5	3	4	3	3	3	1	3	3	1	5	1	1	5	4	2	2	3	4	4	4	4	1	3	4	1	3	2	5	4	2	1	2	2	2	5	5	4	1	5	2	5	2	5	4	1	3	2	2	1	3	3	4	5	1	2	1	4	3	5	5
AT3G58010	5	5	5	4	2	2	5	4	2	3	4	4	2	3	5	1	2	5	4	3	4	1	5	5	4	4	5	1	4	4	1	3	1	3	5	3	1	4	2	4	3	4	3	3	3	1	3	3	2	5	1	1	5	4	2	2	3	4	4	4	4	1	3	1	2	3	1	3	4	2	3	2	2	2	5	5	4	1	5	2	5	2	5	4	2	3	2	2	1	5	3	4	5	1	2	5	4	3	1	5
AT2G29500	4	5	4	2	1	1	5	4	3	3	1	4	2	3	5	4	4	5	3	3	4	2	1	5	2	2	5	2	2	5	1	3	1	3	4	3	1	2	2	5	3	4	3	3	3	1	3	4	1	5	1	4	5	4	2	2	4	4	1	1	2	2	3	4	1	3	2	5	4	2	1	2	2	5	1	3	4	1	5	3	5	2	5	4	1	3	2	2	1	3	4	4	2	1	5	1	4	3	5	1
AT3G60370	5	5	5	4	4	2	5	4	2	3	4	4	2	3	5	1	2	5	3	3	4	1	5	5	4	4	5	1	4	4	1	3	1	3	5	3	1	4	2	4	3	4	3	3	3	1	3	3	2	5	1	1	5	4	2	2	3	4	4	4	4	1	3	4	2	3	1	3	4	2	3	2	2	2	5	5	4	1	5	2	5	2	5	4	2	3	2	2	1	5	3	4	5	1	2	1	4	3	1	5
AT1G50460	5	5	5	4	2	2	5	4	2	3	4	4	2	3	5	1	2	5	4	3	4	1	5	5	4	4	5	1	4	4	1	3	1	3	5	3	1	4	2	4	3	4	3	3	4	1	3	3	2	5	1	1	5	4	2	2	3	4	4	4	4	1	3	1	2	3	1	3	4	2	3	1	2	2	5	5	4	1	5	2	5	2	5	4	2	3	2	2	1	5	3	4	5	1	2	5	4	3	1	5
AT2G26800	4	5	4	4	1	1	5	4	3	3	4	4	2	3	5	4	4	5	3	3	4	2	5	5	2	2	5	2	2	5	1	3	1	3	4	3	1	2	2	5	3	4	3	3	3	1	3	4	1	5	1	4	5	4	2	2	3	4	4	4	4	1	3	4	1	3	2	5	4	2	1	2	2	2	5	5	4	1	5	2	5	2	5	4	1	3	2	2	1	3	4	4	5	1	5	1	4	3	5	5
AT1G21750	3	4	1	5	3	3	3	5	4	1	5	2	1	4	3	3	3	1	5	1	2	4	2	3	5	1	1	3	3	2	5	5	3	4	3	1	3	5	4	2	1	3	3	4	2	2	2	2	3	4	5	3	2	1	5	4	1	2	2	5	1	4	2	3	5	5	4	2	4	4	3	5	4	4	2	4	1	2	3	5	5	1	2	1	5	2	3	5	4	2	2	5	4	3	2	2	1	1	3	3
AT2G44990	4	5	4	2	1	1	5	4	3	3	1	4	2	3	5	4	4	5	3	3	4	2	1	5	2	2	5	2	2	5	1	3	1	3	4	3	1	2	2	5	3	4	3	3	3	1	3	4	1	5	1	4	5	4	2	2	4	4	1	1	2	2	3	4	1	3	2	5	4	2	1	2	2	2	5	5	4	1	5	3	5	2	5	4	1	3	2	2	1	3	4	4	2	1	5	1	4	3	5	1
AT1G30510	3	5	5	4	2	2	5	4	2	3	4	4	2	3	5	1	2	5	3	3	4	1	5	5	4	4	5	2	4	4	1	3	1	3	5	3	1	4	2	4	3	4	3	3	3	1	3	3	2	5	1	1	5	4	2	2	3	4	4	4	4	1	3	1	2	3	1	3	4	2	3	2	2	2	5	5	4	1	5	2	5	2	5	4	2	3	2	2	1	5	3	4	5	1	2	5	4	3	1	5
AT3G10130	4	5	5	4	2	2	5	4	2	3	4	4	2	3	5	4	2	5	3	3	4	2	5	5	4	2	5	2	2	4	1	3	1	3	5	3	1	4	2	4	3	4	3	3	3	1	3	3	2	5	1	1	5	4	2	2	3	4	4	4	4	1	3	4	2	3	2	3	4	2	3	2	2	2	5	5	4	1	5	2	5	2	5	4	2	3	2	2	1	3	3	4	5	1	2	1	4	3	5	5
AT3G22690	4	5	5	4	2	2	5	4	2	3	4	4	2	3	5	1	2	5	3	3	4	2	5	5	4	2	5	2	4	4	1	3	1	3	5	3	1	4	2	4	3	4	3	3	3	1	3	3	2	5	1	1	5	4	2	2	3	4	4	4	4	1	3	4	2	3	2	3	4	2	3	2	2	2	5	5	4	1	5	2	5	2	5	4	2	3	2	2	1	5	3	4	5	1	2	1	4	3	1	5
AT1G54050	4	5	4	4	2	2	5	4	3	3	4	4	2	3	5	4	2	5	3	3	4	2	5	5	4	2	5	2	2	4	1	3	1	3	5	3	1	4	2	5	3	4	3	3	3	1	3	3	2	5	1	1	5	4	2	2	3	4	4	4	4	1	3	4	1	3	2	5	4	2	3	2	2	2	5	5	4	1	5	2	5	2	5	4	2	3	2	2	1	3	3	4	5	1	2	1	4	3	5	5
AT1G55370	5	5	5	4	2	2	5	4	2	3	4	4	2	3	5	1	2	5	3	3	4	2	5	5	4	2	5	2	4	4	1	3	1	3	5	3	1	4	2	4	3	4	3	3	3	1	3	3	2	5	1	1	5	4	2	2	3	4	4	4	4	1	3	4	2	3	2	3	4	2	3	2	2	2	5	5	4	1	5	2	5	2	5	4	2	3	2	2	1	5	3	4	5	1	2	1	4	3	1	5
AT4G35770	4	5	5	4	2	2	5	4	2	3	4	4	2	3	5	1	2	5	3	3	4	2	5	5	4	2	5	2	4	4	1	3	1	3	5	3	1	4	2	4	3	4	3	3	3	1	3	3	2	5	1	1	5	4	2	2	3	4	4	4	4	1	3	4	2	3	2	3	4	2	3	2	2	2	5	5	4	1	5	2	5	2	5	4	2	3	2	2	1	5	3	4	5	1	2	1	4	3	1	5
AT3G56040	2	2	3	1	3	4	1	2	5	4	3	2	4	2	2	5	5	3	1	4	5	5	3	3	1	5	3	5	5	1	3	4	5	5	3	4	2	3	5	3	4	1	2	2	1	3	5	5	3	1	2	2	4	5	1	3	5	5	5	3	3	3	1	5	4	2	5	1	5	5	5	4	3	4	4	2	2	4	2	1	2	3	1	2	4	4	1	3	5	4	2	2	1	4	4	4	2	4	2	2
AT1G27510	4	5	4	4	2	1	5	4	3	3	4	4	2	3	5	4	4	5	3	3	4	2	5	5	2	2	5	2	2	5	1	3	1	3	5	3	1	4	2	5	3	4	3	3	3	1	3	3	1	5	1	1	5	4	2	2	3	4	4	4	4	1	3	4	1	3	2	5	4	2	1	2	2	2	5	5	4	1	5	2	5	2	5	4	1	3	2	2	1	3	3	4	5	1	2	1	4	3	5	5
AT5G59250	5	5	5	4	4	2	5	4	2	3	4	4	2	3	5	1	2	5	4	3	3	1	5	5	4	4	5	1	4	4	1	3	1	3	5	3	1	4	2	4	3	4	3	3	4	1	3	3	2	5	1	1	5	4	2	2	3	4	4	4	4	1	3	1	2	3	1	3	4	2	3	1	2	2	5	5	4	1	5	2	5	2	4	4	2	3	2	2	1	5	3	4	5	1	2	5	4	3	1	5
AT1G75690	5	5	5	4	4	2	5	4	2	3	4	4	2	3	5	1	2	5	4	3	3	1	5	5	4	4	2	1	4	4	1	3	1	3	5	3	1	4	2	4	3	4	3	3	4	1	3	3	2	5	1	1	5	4	2	2	3	4	4	4	4	1	3	1	2	3	1	3	4	2	3	1	2	2	5	5	4	1	5	2	5	2	4	4	2	3	2	2	1	5	3	4	5	1	3	5	4	3	1	5
AT4G01900	3	5	5	4	2	2	5	4	2	3	4	4	2	3	5	4	2	5	3	3	4	2	5	5	4	2	5	2	2	4	1	3	1	3	5	3	1	4	2	4	3	4	3	3	3	1	3	3	2	5	1	1	5	4	2	2	3	4	4	4	4	1	3	4	2	3	2	3	4	2	3	2	2	2	5	5	4	1	5	2	5	2	5	4	2	3	2	2	1	3	3	4	5	1	2	1	4	3	5	5
AT2G18790	4	5	4	2	1	1	5	1	3	5	1	4	2	3	4	4	4	4	3	3	4	2	1	5	2	2	5	2	2	5	1	2	4	3	4	3	5	2	3	5	3	2	3	3	3	1	3	4	1	5	1	4	1	3	2	2	4	3	1	1	2	2	3	4	1	1	2	5	4	2	1	2	2	5	1	3	5	1	5	3	5	2	5	4	1	1	2	2	3	3	4	1	2	1	5	1	4	2	4	1
AT1G78915	3	5	4	5	2	3	3	5	4	1	5	2	1	3	3	4	3	1	3	1	2	4	2	3	5	1	5	3	3	2	5	5	3	4	5	1	3	5	2	2	3	4	3	3	3	2	2	2	1	4	5	3	2	4	5	4	3	2	2	4	1	4	2	3	5	5	4	2	4	2	3	5	4	4	5	4	1	2	5	5	5	1	2	4	5	2	3	5	4	2	2	5	4	3	2	1	1	1	3	3
AT3G24590	5	5	5	4	2	2	5	4	2	3	4	4	2	3	5	1	2	5	3	3	4	1	5	5	4	4	5	1	4	4	1	3	1	3	5	3	1	4	2	4	3	4	3	3	3	1	3	3	2	5	1	1	5	4	2	2	3	4	4	4	4	1	3	1	2	3	1	3	4	2	3	2	2	2	5	5	4	1	5	2	5	2	5	4	2	3	2	2	1	5	3	4	5	1	2	5	4	3	1	5
AT2G01918	4	5	4	4	2	1	5	4	3	3	4	4	2	3	5	4	4	5	3	3	4	2	5	5	4	2	5	2	2	5	1	3	1	3	5	3	1	4	2	5	3	4	3	3	3	1	3	4	1	5	1	1	5	4	2	2	3	4	4	4	4	1	3	4	1	3	2	5	4	2	3	2	2	2	5	5	4	1	5	2	5	2	5	4	2	3	2	2	1	3	3	4	5	1	2	1	4	3	5	5
AT1G52220	5	5	5	4	4	2	5	4	2	3	4	4	2	3	5	1	2	5	3	3	4	1	5	5	4	4	5	1	4	4	1	3	1	3	5	3	1	4	2	4	3	4	3	3	3	1	3	3	2	5	1	1	5	4	2	2	3	4	4	4	4	1	3	1	2	3	1	3	4	2	3	2	2	2	5	5	4	1	5	2	5	2	5	4	2	3	2	2	1	5	3	4	5	1	2	1	4	3	1	5
AT3G15360	5	5	5	4	2	2	5	4	2	3	4	4	2	3	5	1	2	5	3	3	4	1	5	5	4	4	5	1	4	4	1	3	1	3	5	3	1	4	2	4	3	4	3	3	3	1	3	3	2	5	1	1	5	4	2	2	3	4	4	4	4	1	3	4	2	3	1	3	4	2	3	2	2	2	5	5	4	1	5	2	5	2	5	4	2	3	2	2	1	5	3	4	5	1	2	1	4	3	1	5
AT1G65260	3	4	1	5	3	3	3	5	4	1	5	2	1	4	3	3	3	1	5	1	2	4	2	3	5	1	1	3	3	2	5	5	3	4	3	1	3	5	4	2	1	3	3	4	2	2	2	2	3	4	5	3	2	1	5	4	1	2	2	5	1	4	2	3	5	5	4	2	4	4	3	5	4	4	2	4	1	2	3	5	5	1	2	1	5	2	3	5	4	2	2	5	4	3	2	2	1	1	3	3
AT4G04020	4	5	4	4	2	1	5	4	3	3	4	4	2	3	5	4	4	5	3	3	4	2	5	5	2	2	5	2	2	5	1	3	1	3	5	3	1	2	2	5	3	4	3	3	3	1	3	3	1	5	1	4	5	4	2	2	3	4	4	4	4	1	3	4	1	3	2	5	4	2	1	2	2	2	5	5	4	1	5	2	5	2	5	4	1	3	2	2	1	3	4	4	5	1	2	1	4	3	5	5
AT1G32500	5	5	5	2	4	2	5	2	1	3	4	5	2	3	4	2	2	5	3	3	3	1	3	4	4	4	5	1	4	4	1	3	4	1	5	4	5	4	2	1	3	2	3	1	4	1	3	3	2	5	1	1	1	3	2	2	3	3	1	4	2	2	1	1	2	4	1	4	4	5	1	2	2	5	5	5	5	1	5	2	5	5	4	5	1	5	4	4	3	4	5	1	1	1	5	1	2	2	2	5
AT3G47060	4	5	4	4	2	1	5	4	3	3	4	4	2	3	5	4	4	5	3	3	4	2	5	5	2	2	5	2	2	5	1	3	1	3	4	3	1	2	2	5	3	4	3	3	3	1	3	4	1	5	1	4	5	4	2	2	3	4	4	4	4	1	3	4	1	3	2	5	4	2	1	2	2	2	5	5	4	1	5	2	5	2	5	4	1	3	2	2	1	3	4	4	5	1	2	1	4	3	5	5
AT2G26550	2	2	3	1	3	4	1	2	5	2	4	5	4	2	2	2	5	3	1	3	5	5	3	4	1	4	3	5	5	1	4	1	2	1	3	4	2	3	5	3	4	1	2	1	1	3	5	5	4	1	2	2	4	5	1	3	5	5	3	2	3	3	1	5	4	2	5	1	5	5	5	3	3	3	4	2	2	4	2	1	2	5	1	5	4	4	5	1	5	4	5	2	1	5	3	4	2	5	2	2
AT4G20820	3	5	5	4	2	2	5	4	2	3	4	4	2	3	5	1	2	5	3	3	4	1	5	5	4	2	5	2	4	4	1	3	1	3	5	3	1	4	2	4	3	4	3	3	3	1	3	3	2	5	1	1	5	4	2	2	3	4	4	4	4	1	3	4	2	3	1	3	4	2	3	2	2	2	5	5	4	1	5	2	5	2	5	4	2	3	2	2	1	5	3	4	5	1	2	1	4	3	1	5
AT1G74070	3	5	5	5	2	3	3	5	4	1	5	2	1	3	3	1	3	1	4	1	2	4	2	3	5	1	5	3	3	2	5	5	3	4	5	1	3	5	4	2	3	4	3	3	3	2	2	2	2	4	5	3	2	4	5	4	3	2	4	4	1	1	2	3	5	5	4	2	4	2	3	5	4	2	5	5	1	2	5	5	5	1	2	1	5	2	3	5	4	2	2	5	4	3	2	5	1	1	3	3
AT3G53560	3	5	5	4	2	2	3	4	2	3	4	4	2	3	5	1	2	5	4	3	4	1	5	5	4	4	5	1	4	4	1	3	3	3	5	3	1	4	2	4	3	4	3	3	3	1	3	3	2	5	1	1	5	4	2	2	3	4	4	4	4	1	3	1	2	3	1	3	4	2	3	2	2	2	5	5	4	1	5	2	5	2	5	4	2	3	2	2	1	5	3	4	5	1	2	5	4	3	3	5
AT5G53490	3	5	5	4	2	2	3	4	2	3	4	4	2	3	5	1	2	5	4	3	4	1	5	5	4	4	5	1	4	4	1	3	3	3	5	3	1	4	2	4	3	4	3	3	3	1	3	3	2	5	1	1	5	4	2	2	3	4	4	4	4	1	3	1	2	3	1	3	4	2	3	1	2	2	5	5	1	1	5	2	5	2	5	4	2	3	2	2	1	5	3	4	5	1	2	5	4	3	3	5
AT2G42975	5	5	5	4	2	2	5	4	2	3	4	4	2	3	5	1	2	5	4	3	4	1	5	5	4	4	5	1	4	4	1	3	1	3	5	3	1	4	2	4	3	4	3	3	3	1	3	3	2	5	1	1	5	4	2	2	3	4	4	4	4	1	3	1	2	3	1	3	4	2	3	2	2	2	5	5	4	1	5	2	5	2	5	4	2	3	2	2	1	5	3	4	5	1	2	5	4	3	1	5
AT2G20270	5	5	5	4	2	2	5	4	2	3	4	4	2	3	5	1	2	5	3	3	4	1	5	5	4	4	5	1	4	4	1	3	1	3	5	3	1	4	2	4	3	4	3	3	3	1	3	3	2	5	1	1	5	4	2	2	3	4	4	4	4	1	3	4	2	3	1	3	4	2	3	2	2	2	5	5	4	1	5	2	5	2	5	4	2	3	2	2	1	5	3	4	5	1	2	1	4	3	1	5
AT2G29180	4	5	4	2	1	1	5	1	3	5	1	4	2	3	4	4	4	4	3	3	4	2	1	5	2	2	5	2	2	5	1	2	4	5	4	3	5	2	3	5	3	2	3	3	3	1	3	4	1	5	1	4	1	3	2	2	4	3	1	1	2	2	3	4	1	1	2	5	4	2	1	2	2	5	1	3	5	1	5	3	5	2	5	4	1	1	2	4	3	3	4	1	2	1	5	1	4	2	4	1
AT3G01440	4	5	4	4	2	1	5	4	3	3	4	4	2	3	5	4	4	5	3	3	4	2	5	5	2	2	5	2	2	5	1	3	1	3	4	3	1	2	2	5	3	4	3	3	3	1	3	4	1	5	1	4	5	4	2	2	3	4	4	4	4	1	3	4	1	3	2	5	4	2	1	2	2	2	5	5	4	1	5	2	5	2	5	4	1	3	2	2	1	3	4	4	5	1	2	1	4	3	5	5
AT1G76760	4	5	4	2	1	1	5	4	3	3	1	4	2	3	5	4	4	5	3	3	4	2	5	5	2	2	5	2	2	5	1	3	1	3	4	3	1	2	2	5	3	4	3	3	3	1	3	4	1	5	1	4	5	4	2	2	4	4	1	1	4	1	3	4	1	3	2	5	4	2	1	2	2	2	5	5	4	1	5	2	5	2	5	4	1	3	2	2	1	3	4	4	5	1	5	1	4	3	5	5
AT2G26360	1	1	2	3	5	5	1	3	5	4	3	1	5	1	4	5	1	2	2	5	1	3	3	4	3	3	4	4	1	3	2	4	4	2	2	2	4	1	1	1	5	3	4	2	1	4	1	1	5	3	3	5	3	2	3	5	2	5	3	3	5	5	5	2	3	4	3	4	3	4	2	4	1	4	3	1	3	3	4	4	3	4	3	2	3	5	4	3	5	1	1	3	3	2	1	3	3	4	2	4
AT4G13670	5	5	5	4	2	2	5	4	2	3	4	4	2	3	5	1	2	5	3	3	4	1	5	5	4	4	5	1	4	4	1	3	1	3	5	3	1	4	2	4	3	4	3	3	3	1	3	3	2	5	1	1	5	4	2	2	3	4	4	4	4	1	3	4	2	3	1	3	4	2	3	2	2	2	5	5	4	1	5	2	5	2	5	4	2	3	2	2	1	5	3	4	5	1	2	1	4	3	1	5
AT2G35040	5	5	5	4	4	2	5	4	2	3	4	4	2	3	5	1	2	5	4	3	4	1	5	5	4	4	5	1	4	4	1	3	1	3	5	3	1	4	2	4	3	4	3	3	4	1	3	3	2	5	1	1	5	4	2	2	3	4	4	4	4	1	3	1	2	3	1	3	4	2	3	2	2	2	5	5	4	1	5	2	5	2	5	4	2	3	2	2	1	5	3	4	5	1	2	5	4	3	1	5
AT1G65230	5	2	3	1	4	4	2	2	5	2	4	5	4	2	2	5	5	5	4	3	3	5	3	5	1	4	3	1	5	1	1	1	4	1	5	4	2	3	5	1	4	5	2	5	4	3	5	5	2	1	2	2	4	5	1	3	5	1	5	2	3	3	1	5	4	2	1	1	5	3	5	1	3	3	4	2	2	4	2	1	2	3	4	5	4	4	1	1	5	4	5	2	1	4	3	5	2	3	2	2
AT1G03850	3	5	5	5	2	2	3	5	4	1	5	2	1	3	3	1	3	5	4	1	2	1	2	3	5	1	2	3	4	4	5	5	3	4	5	1	3	5	2	2	3	4	3	3	4	2	3	2	2	4	1	3	2	4	2	4	3	2	4	4	1	1	2	1	5	5	4	2	4	2	3	1	4	2	5	5	1	1	5	2	5	1	2	4	5	2	3	5	4	2	3	5	4	3	2	5	1	3	3	3
AT1G50250	5	5	5	4	2	2	5	4	2	3	4	4	2	3	5	1	2	5	3	3	4	1	5	5	4	4	5	1	4	4	1	3	1	3	5	3	1	4	2	4	3	4	3	3	3	1	3	3	2	5	1	1	5	4	2	2	3	4	4	4	4	1	3	1	2	3	1	3	4	2	3	2	2	2	5	5	4	1	5	2	5	2	5	4	2	3	2	2	1	5	3	4	5	1	2	5	4	3	1	5
AT2G40760	4	5	5	4	2	2	5	4	2	3	4	4	2	3	5	1	2	5	3	3	4	1	5	5	4	2	5	2	4	4	1	3	1	3	5	3	1	4	2	4	3	4	3	3	3	1	3	3	2	5	1	1	5	4	2	2	3	4	4	4	4	1	3	4	2	3	2	3	4	2	3	2	2	2	5	5	4	1	5	2	5	2	5	4	2	3	2	2	1	5	3	4	5	1	2	1	4	3	1	5
AT2G26340	5	5	3	1	4	4	2	2	5	2	4	5	4	2	2	1	5	5	4	3	3	5	3	5	1	4	3	1	4	4	1	1	4	1	5	4	2	3	5	4	4	5	2	5	4	3	5	5	2	1	2	2	4	5	1	3	5	1	5	2	3	1	1	1	4	2	1	1	5	3	5	1	3	3	4	2	2	1	2	1	2	3	4	5	4	4	1	1	5	4	5	2	1	4	3	5	2	3	2	2
AT5G08050	5	5	3	1	4	2	2	4	2	2	4	5	4	3	2	1	5	5	4	3	3	1	5	5	4	4	3	1	4	4	1	1	4	3	5	3	2	3	2	4	4	5	3	5	4	3	5	5	2	1	1	1	4	5	1	2	5	1	5	2	3	1	1	1	2	2	1	3	4	2	3	1	3	3	4	2	2	1	5	2	2	3	4	5	4	4	1	1	1	5	5	2	5	1	3	5	2	3	1	2
AT1G22020	5	5	5	4	4	2	5	4	2	3	4	4	2	3	5	1	2	5	4	3	4	1	5	5	4	4	5	1	4	4	1	3	1	3	5	3	1	4	2	4	3	4	3	3	4	1	3	3	2	5	1	1	5	4	2	2	3	4	4	4	4	1	3	1	2	3	1	3	4	2	3	1	2	2	5	5	4	1	5	2	5	2	4	4	2	3	2	2	1	5	3	4	5	1	2	5	4	3	1	5
AT5G16150	5	5	5	4	2	2	5	4	2	3	4	4	2	3	5	1	2	5	4	3	4	1	5	5	4	4	5	1	4	4	1	3	1	3	5	3	1	4	2	4	3	4	3	3	3	1	3	3	2	5	1	1	5	4	2	2	3	4	4	4	4	1	3	1	2	3	1	3	4	2	3	2	2	2	5	5	4	1	5	2	5	2	5	4	2	3	2	2	1	5	3	4	5	1	2	5	4	3	1	5
AT4G24750	4	5	4	4	2	2	5	4	2	3	4	4	2	3	5	4	2	5	3	3	4	2	5	5	4	2	5	2	2	4	1	3	1	3	5	3	1	4	2	4	3	4	3	3	3	1	3	3	2	5	1	1	5	4	2	2	3	4	4	4	4	1	3	4	2	3	2	3	4	2	3	2	2	2	5	5	4	1	5	2	5	2	5	4	2	3	2	2	1	3	3	4	5	1	2	1	4	3	1	5
AT4G01050	3	5	4	4	2	2	5	4	2	3	4	4	2	3	5	4	2	5	3	3	4	2	5	5	4	2	5	2	2	4	1	3	1	3	5	3	1	4	2	4	3	4	3	3	3	1	3	3	2	5	1	1	5	4	2	2	3	4	4	4	4	1	3	4	1	3	2	3	4	2	3	2	2	2	5	5	4	1	5	2	5	2	5	4	2	3	2	2	1	3	3	4	5	1	2	1	4	3	5	5
AT1G02560	4	5	4	2	1	1	5	4	3	3	1	4	2	3	5	4	4	5	3	3	4	2	1	5	2	2	5	2	2	5	1	3	1	3	4	3	1	2	2	5	3	4	3	3	3	1	3	4	1	5	1	4	5	4	2	2	4	4	1	1	2	2	3	4	1	3	2	5	4	2	1	2	2	2	5	5	4	1	5	3	5	2	5	4	1	3	2	2	1	3	4	4	2	1	5	1	4	3	5	1
AT1G18730	3	5	4	4	2	1	3	4	3	3	4	4	2	3	5	4	4	5	3	3	4	2	5	5	4	2	5	2	2	4	1	3	1	3	5	3	1	4	2	5	3	4	3	3	3	1	3	3	2	5	1	1	5	4	2	2	3	4	4	4	4	1	3	4	1	3	2	5	4	2	3	2	2	2	5	5	4	1	5	2	5	2	5	4	2	3	2	2	1	3	3	4	5	1	2	1	4	3	5	5
AT3G46780	5	5	5	4	2	2	5	4	2	3	4	4	2	3	5	1	2	5	4	3	4	1	5	5	4	4	2	1	4	4	1	3	1	3	5	3	1	4	2	4	3	4	3	3	4	1	3	3	2	5	1	1	5	4	2	2	3	4	4	4	4	1	3	1	2	3	1	3	4	2	3	1	2	2	5	5	4	1	5	2	5	2	4	4	2	3	2	2	1	5	3	4	5	1	2	5	4	3	1	5
AT1G79450	3	5	5	4	2	2	5	4	2	3	4	4	2	3	5	1	2	5	3	3	4	2	5	5	4	2	5	2	2	4	1	3	1	3	5	3	1	4	2	4	3	4	3	3	3	1	3	3	2	5	1	1	5	4	2	2	3	4	4	4	4	1	3	4	2	3	2	3	4	2	3	2	2	2	5	5	4	1	5	2	5	2	5	4	2	3	2	2	1	5	3	4	5	1	2	1	4	3	1	5
AT1G06690	4	5	5	4	2	2	5	4	2	3	4	4	2	3	5	1	2	5	3	3	4	2	5	5	4	2	5	2	4	4	1	3	1	3	5	3	1	4	2	4	3	4	3	3	3	1	3	3	2	5	1	1	5	4	2	2	3	4	4	4	4	1	3	4	2	3	2	3	4	2	3	2	2	2	5	5	4	1	5	2	5	2	5	4	2	3	2	2	1	5	3	4	5	1	2	1	4	3	1	5
AT1G23740	3	5	5	4	2	2	5	4	2	3	4	4	2	3	5	1	2	5	3	3	4	1	5	5	4	2	5	2	4	4	1	3	1	3	5	3	1	4	2	4	3	4	3	3	3	1	3	3	2	5	1	1	5	4	2	2	3	4	4	4	4	1	3	4	2	3	1	3	4	2	3	2	2	2	5	5	4	1	5	2	5	2	5	4	2	3	2	2	1	5	3	4	5	1	2	1	4	3	1	5
AT3G46610	2	2	3	3	3	4	1	2	5	4	3	5	4	2	2	5	5	3	1	4	5	5	3	4	1	5	3	5	5	1	4	1	2	1	3	4	2	3	5	3	4	1	2	1	1	3	5	5	4	1	2	2	4	5	1	3	5	5	3	3	3	3	1	5	4	2	5	1	5	5	5	3	3	1	4	2	2	4	2	1	2	5	1	2	4	4	5	4	5	4	1	2	1	5	4	4	2	5	2	2
AT1G29920	3	5	5	4	2	2	5	4	2	3	4	4	2	3	5	1	2	5	3	3	4	1	5	5	4	2	5	2	4	4	1	3	1	3	5	3	1	4	2	4	3	4	3	3	3	1	3	3	2	5	1	1	5	4	2	2	3	4	4	4	4	1	3	4	2	3	1	3	4	2	3	2	2	2	5	5	4	1	5	2	5	2	5	4	2	3	2	2	1	5	3	4	5	1	2	1	4	3	1	5
AT1G50450	1	4	1	5	3	3	4	5	4	1	5	2	1	4	3	3	3	1	5	1	2	4	2	3	5	1	1	3	3	2	5	5	5	4	3	1	3	5	4	2	1	3	4	4	2	5	2	2	3	4	5	3	2	1	5	4	1	2	2	5	1	4	2	3	5	5	4	2	3	4	5	5	4	4	2	4	1	2	3	5	5	1	2	1	5	2	3	5	2	2	2	5	4	3	4	2	1	1	4	3
AT2G17630	4	5	4	2	1	1	5	4	3	3	1	4	2	3	5	4	4	5	3	3	4	2	5	5	2	2	5	2	2	5	1	3	1	3	4	3	1	2	2	5	3	4	3	3	3	1	3	4	1	5	1	4	5	4	2	2	4	4	1	1	4	1	3	4	1	3	2	5	4	2	1	2	2	2	5	5	4	1	5	3	5	2	5	4	1	3	2	2	1	3	4	4	5	1	5	1	4	3	5	5
AT1G14590	4	5	4	4	2	1	5	4	3	3	4	4	2	3	5	4	4	5	3	3	4	2	5	5	4	2	5	2	2	4	1	3	1	3	5	3	1	4	2	5	3	4	3	3	3	1	3	3	2	5	1	1	5	4	2	2	3	4	4	4	4	1	3	4	1	3	2	5	4	2	1	2	2	2	5	5	4	1	5	2	5	2	5	4	1	3	2	2	1	3	3	4	5	1	2	1	4	3	5	5
AT1G54790	3	5	1	5	2	3	3	5	4	1	5	2	1	4	3	3	3	1	3	1	2	4	2	3	5	1	5	3	3	2	5	5	3	4	5	1	3	5	4	2	3	4	3	3	3	2	2	2	2	4	5	3	2	4	5	4	3	2	2	5	1	4	2	3	5	5	4	2	4	2	3	5	4	4	2	4	1	2	5	5	5	1	2	1	5	2	3	5	4	2	2	5	4	3	2	1	1	1	3	3
AT2G22360	5	5	5	4	2	2	5	4	2	3	4	4	2	3	5	1	2	5	4	3	4	1	5	5	4	4	5	1	4	4	1	3	1	3	5	3	1	4	2	4	3	4	3	3	3	1	3	3	2	5	1	1	5	4	2	2	3	4	4	4	4	1	3	1	2	3	1	3	4	2	3	2	2	2	5	5	4	1	5	2	5	2	5	4	2	3	2	2	1	5	3	4	5	1	2	5	4	3	1	5
AT4G39960	4	5	4	4	2	2	5	4	2	3	4	4	2	3	5	4	2	5	3	3	4	2	5	5	4	2	5	2	2	5	1	3	1	3	5	3	1	4	2	5	3	4	3	3	3	1	3	3	2	5	1	1	5	4	2	2	3	4	4	4	4	1	3	4	1	3	2	5	4	2	3	2	2	2	5	5	4	1	5	2	5	2	5	4	2	3	2	2	1	3	3	4	5	1	2	1	4	3	5	5
AT1G15820	5	5	5	4	2	2	5	4	2	3	4	4	2	3	5	1	2	5	3	3	4	1	5	5	4	4	5	1	4	4	1	3	1	3	5	3	1	4	2	4	3	4	3	3	3	1	3	3	2	5	1	1	5	4	2	2	3	4	4	4	4	1	3	4	2	3	1	3	4	2	3	2	2	2	5	5	4	1	5	2	5	2	5	4	2	3	2	2	1	5	3	4	5	1	2	1	4	3	1	5
AT5G52440	5	5	5	4	4	2	2	2	2	2	4	5	4	3	2	1	5	5	4	3	3	1	3	5	4	4	3	1	4	4	1	1	4	1	5	4	2	4	2	4	3	5	2	3	4	3	5	5	2	1	1	1	4	5	2	2	5	1	4	2	3	1	1	1	2	2	1	3	4	2	3	1	3	3	4	2	2	1	5	2	2	5	4	5	4	4	1	1	1	5	3	2	5	1	3	5	2	3	1	2
AT1G74880	1	4	1	5	3	3	4	5	4	1	5	2	1	4	3	3	3	1	5	1	2	4	2	3	5	1	1	3	3	2	5	5	5	4	3	1	3	5	4	2	1	3	3	4	2	5	2	2	3	4	5	3	2	1	5	4	1	2	2	5	1	4	2	3	5	5	4	2	3	4	3	5	4	4	2	4	1	2	3	5	5	1	2	1	5	2	3	5	2	2	2	5	4	3	4	2	1	1	4	3
AT3G28850	5	5	5	4	4	2	5	4	2	3	4	4	2	3	5	1	2	5	4	3	4	1	5	5	4	4	2	1	4	4	1	3	1	3	5	3	1	4	2	4	3	4	3	3	4	1	3	3	2	5	1	1	5	4	2	2	3	4	4	4	4	1	3	1	2	3	1	3	4	2	3	1	2	2	5	5	4	1	5	2	5	2	4	4	2	3	2	2	1	5	3	4	5	1	2	5	4	3	1	5
AT5G02160	4	5	4	4	2	1	5	4	3	3	4	4	2	3	5	4	4	5	3	3	4	2	5	5	4	2	5	2	2	5	1	3	1	3	5	3	1	4	2	5	3	4	3	3	3	1	3	3	2	5	1	1	5	4	2	2	3	4	4	4	4	1	3	4	1	3	2	5	4	2	3	2	2	2	5	5	4	1	5	2	5	2	5	4	2	3	2	2	1	3	3	4	5	1	2	1	4	3	5	5
AT4G33520	2	4	2	1	5	3	1	3	1	4	3	3	3	5	1	3	5	2	5	4	1	3	4	2	3	5	4	5	1	1	3	4	4	2	1	4	4	1	1	1	5	3	1	4	1	5	4	5	5	1	4	2	5	1	4	1	2	2	3	3	5	1	5	2	3	4	5	2	1	1	2	4	1	1	2	1	3	5	4	4	4	4	3	3	3	4	5	1	5	1	1	3	3	4	1	4	5	5	2	2
AT1G80380	4	5	4	2	1	1	4	1	3	5	1	1	2	3	4	2	1	4	3	3	1	2	1	2	2	2	5	2	2	5	1	2	4	5	4	4	5	2	3	5	1	2	1	1	5	1	3	4	1	5	1	4	1	3	2	2	4	3	1	1	2	2	4	4	1	1	2	4	4	3	1	2	2	5	1	3	5	3	5	3	3	5	5	4	1	1	2	4	3	4	4	1	2	2	5	1	3	2	4	1
AT5G01220	5	5	3	1	4	2	2	2	2	2	4	5	4	3	2	1	5	5	4	3	3	1	5	5	4	4	3	1	4	4	1	1	4	1	5	3	2	3	2	4	4	5	2	5	4	3	5	5	2	1	1	1	4	5	1	2	5	1	5	2	3	1	1	1	2	2	1	3	4	2	3	1	3	3	4	2	2	1	5	2	2	3	4	5	4	4	1	1	1	5	5	2	5	1	3	5	2	3	1	2
AT2G27290	4	5	4	4	2	2	5	4	2	3	4	4	2	3	5	4	2	5	3	3	4	2	5	5	4	2	5	2	2	4	1	3	1	3	5	3	1	4	2	4	3	4	3	3	3	1	3	3	2	5	1	1	5	4	2	2	3	4	4	4	4	1	3	4	2	3	2	3	4	2	3	2	2	2	5	5	4	1	5	2	5	2	5	4	2	3	2	2	1	3	3	4	5	1	2	1	4	3	5	5
AT2G37400	3	4	1	5	2	3	3	5	4	1	5	2	1	4	3	3	3	1	5	1	2	4	2	3	5	1	1	3	3	2	5	5	3	4	3	1	3	5	4	2	1	3	3	4	2	2	2	2	3	4	5	3	2	4	5	4	1	2	2	5	1	4	2	3	5	5	4	2	4	4	3	5	4	4	2	4	1	2	3	5	5	1	2	1	5	2	3	5	4	2	2	5	4	3	2	2	1	1	3	3
AT4G28025	3	5	5	4	2	2	3	5	4	1	4	2	2	3	3	1	3	5	3	3	2	1	2	5	5	4	5	3	4	4	1	5	3	4	5	1	3	4	2	2	3	4	3	3	3	2	3	2	2	5	1	1	2	4	2	2	3	2	4	4	1	1	2	1	5	5	4	3	4	2	3	2	4	2	5	5	1	1	5	2	5	1	5	4	5	2	3	5	4	2	3	5	4	1	2	5	1	3	3	3
AT3G15840	5	5	5	4	4	2	5	4	2	3	4	4	2	3	5	1	2	5	4	3	4	1	5	5	4	4	5	1	4	4	1	3	1	3	5	3	1	4	2	4	3	4	3	3	4	1	3	3	2	5	1	1	5	4	2	2	3	4	4	4	4	1	3	1	2	3	1	3	4	2	3	1	2	2	5	5	4	1	5	2	5	2	4	4	2	3	2	2	1	5	3	4	5	1	2	5	4	3	1	5
AT4G37925	4	5	4	4	2	1	5	4	3	3	1	4	2	3	5	4	4	5	3	3	4	2	5	5	2	2	5	2	2	5	1	3	1	3	4	3	1	2	2	5	3	4	3	3	3	1	3	4	1	5	1	4	5	4	2	2	3	4	4	4	4	1	3	4	1	3	2	5	4	2	1	2	2	2	5	5	4	1	5	3	5	2	5	4	1	3	2	2	1	3	4	4	5	1	5	1	4	3	5	5
AT4G27700	5	5	5	4	4	2	5	4	2	3	4	4	2	3	5	1	2	5	4	3	3	1	5	5	4	4	2	1	4	4	1	3	1	3	5	3	1	4	2	4	3	4	3	3	4	1	3	3	2	5	1	1	5	4	2	2	3	4	4	4	4	1	3	1	2	3	1	3	4	2	3	1	2	2	5	5	4	1	5	2	5	2	4	4	2	3	1	2	1	5	3	4	5	1	3	5	4	3	1	5
AT5G23890	5	5	5	4	2	2	5	4	2	3	4	4	2	3	5	1	2	5	3	3	4	1	5	5	4	4	5	2	4	4	1	3	1	3	5	3	1	4	2	4	3	4	3	3	3	1	3	3	2	5	1	1	5	4	2	2	3	4	4	4	4	1	3	4	2	3	1	3	4	2	3	2	2	2	5	5	4	1	5	2	5	2	5	4	2	3	2	2	1	5	3	4	5	1	2	1	4	3	1	5
AT2G30950	4	5	4	4	2	1	5	4	3	3	4	4	2	3	5	4	4	5	3	3	4	2	5	5	2	2	5	2	2	5	1	3	1	3	5	3	1	4	2	5	3	4	3	3	3	1	3	3	1	5	1	4	5	4	2	2	3	4	4	4	4	1	3	4	1	3	2	5	4	2	1	2	2	2	5	5	4	1	5	2	5	2	5	4	1	3	2	2	1	3	4	4	5	1	5	1	4	3	5	5
AT5G19500	5	5	5	4	2	2	5	4	2	3	4	4	2	3	5	1	2	5	4	3	4	1	5	5	4	4	5	1	4	4	1	3	1	3	5	3	1	4	2	4	3	4	3	3	4	1	3	3	2	5	1	1	5	4	2	2	3	4	4	4	4	1	3	1	2	3	1	3	4	2	3	2	2	2	5	5	4	1	5	2	5	2	5	4	2	3	2	2	1	5	3	4	5	1	2	5	4	3	1	5
AT1G44575	2	2	3	1	3	4	1	2	5	4	3	2	4	2	2	5	5	3	1	4	5	5	3	3	1	5	3	5	5	1	3	4	5	1	3	5	2	3	5	1	4	1	2	5	1	4	5	5	3	1	2	2	4	5	1	3	5	5	5	3	3	3	1	5	4	2	5	1	5	3	5	4	3	4	1	2	3	4	2	1	2	3	1	2	4	4	5	3	5	4	2	2	1	4	4	4	2	4	2	2
AT4G13010	5	5	5	4	2	2	5	4	2	3	4	4	2	3	5	1	2	5	4	3	4	1	5	5	4	4	5	1	4	4	1	3	1	3	5	3	1	4	2	4	3	4	3	3	3	1	3	3	2	5	1	1	5	4	2	2	3	4	4	4	4	1	3	1	2	3	1	3	4	2	3	2	2	2	5	5	4	1	5	2	5	2	5	4	2	3	2	2	1	5	3	4	5	1	2	5	4	3	1	5
AT2G40100	4	5	4	4	2	1	5	4	3	3	4	4	2	3	5	4	4	5	3	3	4	2	5	5	2	2	5	2	2	5	1	3	1	3	4	3	1	2	2	5	3	4	3	3	3	1	3	4	1	5	1	4	5	4	2	2	3	4	4	4	4	1	3	4	1	3	2	5	4	2	1	2	2	2	5	5	4	1	5	2	5	2	5	4	1	3	2	2	1	3	4	4	5	1	5	1	4	3	5	5
AT1G71500	2	2	3	1	3	4	2	2	5	2	3	5	4	2	2	5	5	3	1	4	5	5	3	3	1	5	3	5	5	1	3	1	5	5	3	4	2	3	5	3	4	5	2	5	1	3	5	5	3	1	2	2	4	5	1	3	5	1	5	2	3	3	1	5	4	2	5	1	5	3	5	4	3	3	4	2	2	4	2	1	2	3	1	2	4	4	1	3	5	4	5	2	1	4	4	4	2	4	2	2
AT1G42960	5	5	5	4	2	2	5	4	2	3	4	4	2	3	5	1	2	5	3	3	4	1	5	5	4	4	5	1	4	4	1	3	1	3	5	3	1	4	2	4	3	4	3	3	3	1	3	3	2	5	1	1	5	4	2	2	3	4	4	4	4	1	3	4	2	3	2	3	4	2	3	2	2	2	5	5	4	1	5	2	5	2	5	4	2	3	2	2	1	5	3	4	5	1	2	1	4	3	1	5
AT3G26080	3	5	5	4	2	2	3	4	2	3	4	4	2	3	5	1	2	5	3	3	4	1	5	5	4	2	5	2	4	4	1	3	3	3	5	3	1	4	2	4	3	4	3	3	3	1	3	3	2	5	1	1	5	4	2	2	3	4	4	4	4	1	3	1	2	3	1	3	4	2	3	2	2	2	5	5	1	1	5	2	5	2	5	4	2	3	2	2	4	2	3	4	5	1	2	5	4	3	3	5
AT2G21530	1	4	1	5	3	3	4	5	4	1	5	2	1	4	3	3	3	1	5	1	2	4	2	3	5	1	1	3	3	2	5	5	5	4	3	1	3	5	4	2	1	3	4	4	2	2	2	2	3	4	5	3	2	1	5	4	1	2	2	5	1	4	2	3	5	5	4	2	3	4	5	5	4	4	2	4	1	2	3	5	5	1	2	1	5	2	3	5	2	2	2	5	4	3	4	2	1	1	4	3
AT4G19830	1	4	1	5	3	3	4	5	4	1	5	2	1	4	3	3	3	1	5	1	2	4	2	3	5	1	1	3	3	2	5	5	5	4	3	1	3	5	4	2	1	3	3	4	2	2	2	2	3	4	5	3	2	1	5	4	1	2	2	5	1	4	2	3	5	5	4	2	3	4	3	5	4	4	2	4	1	2	3	5	5	1	2	1	5	2	3	5	2	2	2	5	4	3	2	2	1	1	4	3
AT2G37660	4	5	4	2	1	1	5	4	3	3	1	4	2	3	5	4	4	5	3	3	4	2	5	5	2	2	5	2	2	5	1	3	1	3	4	3	1	2	2	5	3	4	3	3	3	1	3	4	1	5	1	4	5	4	2	2	4	4	1	1	2	1	3	4	1	3	2	5	4	2	1	2	2	2	5	5	4	1	5	3	5	2	5	4	1	3	2	2	1	3	4	4	5	1	5	1	4	3	5	5
AT3G10470	4	5	4	4	2	2	5	4	3	3	4	4	2	3	5	4	2	5	3	3	4	2	5	5	4	2	5	2	2	5	1	3	1	3	5	3	1	4	2	5	3	4	3	3	3	1	3	3	2	5	1	1	5	4	2	2	3	4	4	4	4	1	3	4	1	3	2	5	4	2	1	2	2	2	5	5	4	1	5	2	5	2	5	4	1	3	2	2	1	3	3	4	5	1	5	1	4	3	5	5
AT2G37230	3	5	5	4	2	2	3	4	2	3	4	4	2	3	5	1	3	5	4	3	4	1	2	5	4	4	5	2	4	4	1	3	3	3	5	1	3	4	2	4	3	4	3	3	3	1	3	3	2	5	1	1	5	4	2	2	3	4	4	4	4	1	2	1	2	3	1	3	4	2	3	2	2	2	5	5	1	1	5	2	5	1	5	4	2	3	2	2	4	2	3	4	5	1	2	5	4	3	3	5
AT1G54780	5	5	3	1	4	4	2	2	5	2	4	5	4	2	2	5	5	5	4	3	3	5	3	5	1	4	3	1	4	4	1	1	4	1	5	4	2	3	5	1	4	5	2	5	4	3	5	5	2	1	2	2	4	5	1	3	5	1	5	2	3	1	1	1	4	2	1	1	5	3	5	1	3	3	4	2	2	1	2	1	2	3	4	5	4	4	1	1	5	4	5	2	1	4	3	5	2	3	2	2
AT4G33010	4	5	4	2	1	1	4	1	1	5	1	1	2	3	4	2	1	4	3	5	1	2	1	2	2	2	5	2	2	3	1	2	4	5	4	4	5	1	3	1	1	2	1	1	5	4	3	4	1	5	3	5	1	3	2	2	4	3	1	1	2	2	4	4	1	1	2	4	4	3	1	2	1	5	1	3	5	3	5	3	3	5	5	4	1	1	4	4	3	4	4	1	2	2	5	1	3	2	4	1
AT5G19370	4	5	4	2	1	1	5	4	3	3	1	4	2	3	5	4	4	5	3	3	4	2	5	5	2	2	5	2	2	5	1	3	1	3	4	3	1	2	2	5	3	4	3	3	3	1	3	4	1	5	1	4	5	4	2	2	4	4	1	1	4	1	3	4	1	3	2	5	4	2	1	2	2	2	5	5	4	1	5	3	5	2	5	4	1	3	2	2	1	3	4	4	5	1	5	1	4	3	5	5
AT2G30695	4	5	4	2	1	1	5	4	3	5	1	4	2	3	5	4	4	5	3	3	4	2	1	5	2	2	5	2	2	5	1	3	1	3	4	3	1	2	2	5	3	4	3	3	3	1	3	4	1	5	1	4	5	4	2	2	4	4	1	1	2	2	3	4	1	3	2	5	4	2	1	2	2	5	1	3	4	1	5	3	5	2	5	4	1	3	2	2	1	3	4	4	2	1	5	1	4	3	5	1
AT5G42070	4	5	4	4	2	2	5	4	3	3	4	4	2	3	5	4	2	5	3	3	4	2	5	5	4	2	5	2	2	4	1	3	1	3	5	3	1	4	2	5	3	4	3	3	3	1	3	3	2	5	1	1	5	4	2	2	3	4	4	4	4	1	3	4	1	3	2	5	4	2	3	2	2	2	5	5	4	1	5	2	5	2	5	4	1	3	2	2	1	3	3	4	5	1	2	1	4	3	1	5
AT4G39730	5	5	5	4	4	2	3	4	2	3	4	4	2	3	5	1	2	5	3	3	4	2	5	5	4	4	5	2	2	4	1	3	3	3	5	3	1	4	2	4	3	4	3	3	3	1	3	3	2	5	1	1	5	4	2	2	3	4	4	4	4	1	3	1	2	3	1	3	4	2	3	2	2	2	5	5	4	1	5	2	5	2	5	4	2	3	2	2	1	3	3	4	5	1	2	1	4	3	1	5
AT1G07510	5	5	5	4	2	2	5	4	2	3	4	4	2	3	5	1	2	5	3	3	4	1	5	5	4	4	5	1	4	4	1	3	1	3	5	3	1	4	2	4	3	4	3	3	3	1	3	3	2	5	1	1	5	4	2	2	3	4	4	4	4	1	3	1	2	3	1	3	4	2	3	2	2	2	5	5	4	1	5	2	5	2	5	4	2	3	2	2	1	5	3	4	5	1	2	5	4	3	1	5
AT1G79040	2	2	3	1	3	4	1	2	5	4	3	2	4	2	2	5	5	3	1	4	5	5	3	3	1	5	3	5	5	1	3	4	5	5	3	4	2	3	5	3	4	1	2	2	1	3	5	5	3	1	2	2	4	5	1	3	5	5	5	3	3	3	1	5	4	2	5	1	5	5	5	4	3	4	4	2	2	4	2	1	2	3	1	2	4	4	5	3	5	4	2	2	1	4	4	4	2	4	2	2
AT2G21160	3	5	5	4	2	2	3	4	4	3	4	4	2	3	5	1	3	5	3	3	4	1	2	5	4	2	5	2	4	4	1	3	3	3	5	1	3	4	2	2	3	4	3	3	3	1	3	3	2	5	1	1	2	4	2	2	3	2	4	4	4	1	2	1	2	3	4	3	4	2	3	2	2	2	5	5	1	1	5	2	5	1	5	4	2	2	2	2	4	2	3	4	5	1	2	5	4	3	3	5
AT4G39460	5	5	5	4	2	2	5	4	2	3	4	4	2	3	5	1	2	5	3	3	4	1	5	5	4	4	5	1	4	4	1	3	1	3	5	3	1	4	2	4	3	4	3	3	3	1	3	3	2	5	1	1	5	4	2	2	3	4	4	4	4	1	3	4	2	3	1	3	4	2	3	2	2	2	5	5	4	1	5	2	5	2	5	4	2	3	2	2	1	5	3	4	5	1	2	1	4	3	1	5
AT3G26580	4	5	4	4	2	2	5	4	2	3	4	4	2	3	5	4	2	5	3	3	4	2	5	5	4	2	5	2	2	4	1	3	1	3	5	3	1	4	2	4	3	4	3	3	3	1	3	3	2	5	1	1	5	4	2	2	3	4	4	4	4	1	3	4	1	3	2	3	4	2	3	2	2	2	5	5	4	1	5	2	5	2	5	4	2	3	2	2	1	3	3	4	5	1	2	1	4	3	5	5
AT1G03160	4	5	4	2	1	1	5	4	3	5	1	4	2	3	5	4	4	5	3	3	4	2	1	5	2	2	5	2	2	5	1	3	1	3	4	3	1	2	2	5	3	4	3	3	3	1	3	4	1	5	1	4	5	3	2	2	4	3	1	1	2	2	3	4	1	1	2	5	4	2	1	2	2	5	1	3	4	1	5	3	5	2	5	4	1	1	2	2	1	3	4	1	2	1	5	1	4	2	5	1
AT2G24020	5	5	5	4	2	2	5	4	2	3	4	4	2	3	5	1	2	5	3	3	4	1	5	5	4	4	5	1	4	4	1	3	1	3	5	3	1	4	2	4	3	4	3	3	3	1	3	3	2	5	1	1	5	4	2	2	3	4	4	4	4	1	3	4	2	3	1	3	4	2	3	2	2	2	5	5	4	1	5	2	5	2	5	4	2	3	2	2	1	5	3	4	5	1	2	1	4	3	1	5
AT1G05385	3	5	5	5	2	3	3	5	4	1	5	2	1	4	3	1	3	1	3	1	2	4	2	3	5	1	5	3	3	2	5	5	3	4	5	1	3	5	4	2	3	4	3	3	3	2	2	2	2	4	5	3	2	4	5	4	3	2	4	4	1	4	2	3	5	5	4	2	4	2	3	5	4	4	5	4	1	2	5	5	5	1	2	1	5	2	3	5	4	2	2	5	4	3	2	5	1	1	3	3
AT5G52970	5	5	5	4	2	2	5	4	2	3	4	4	2	3	5	1	2	5	3	3	4	1	5	5	4	4	5	1	4	4	1	3	1	3	5	3	1	4	2	4	3	4	3	3	3	1	3	3	2	5	1	1	5	4	2	2	3	4	4	4	4	1	3	4	2	3	1	3	4	2	3	2	2	2	5	5	4	1	5	2	5	2	5	4	2	3	2	2	1	5	3	4	5	1	2	1	4	3	1	5
AT3G08920	4	5	4	2	1	1	5	4	3	5	1	4	2	3	5	4	4	5	3	3	4	2	5	5	2	2	5	2	2	5	1	3	1	3	4	3	1	2	2	5	3	4	3	3	3	1	3	4	1	5	1	4	5	4	2	2	4	4	1	1	2	2	3	4	1	3	2	5	4	2	1	2	2	2	5	3	4	1	5	3	5	2	5	4	1	3	2	2	1	3	4	4	2	1	5	1	4	3	5	1
AT1G72640	4	5	4	4	2	2	5	4	2	3	4	4	2	3	5	4	2	5	3	3	4	2	5	5	4	2	5	2	2	4	1	3	1	3	5	3	1	4	2	4	3	4	3	3	3	1	3	3	2	5	1	1	5	4	2	2	3	4	4	4	4	1	3	4	1	3	2	3	4	2	3	2	2	2	5	5	4	1	5	2	5	2	5	4	2	3	2	2	1	3	3	4	5	1	2	1	4	3	1	5
AT1G67840	1	4	1	5	3	3	4	5	4	1	5	2	1	4	3	3	3	1	5	1	2	4	2	3	5	1	1	3	3	2	5	5	5	4	3	1	3	5	4	2	1	3	4	4	2	2	2	2	3	4	5	3	2	1	5	4	1	2	2	5	1	4	2	3	5	5	4	2	3	4	5	5	4	4	2	4	1	2	3	5	5	1	2	1	5	2	3	5	2	2	2	5	4	3	4	2	1	1	4	3
AT5G13120	4	5	4	4	2	2	5	4	2	3	4	4	2	3	5	4	2	5	3	3	4	2	5	5	4	2	5	2	2	4	1	3	1	3	5	3	1	4	2	4	3	4	3	3	3	1	3	3	2	5	1	1	5	4	2	2	3	4	4	4	4	1	3	4	1	3	2	3	4	2	3	2	2	2	5	5	4	1	5	2	5	2	5	4	2	3	2	2	1	3	3	4	5	1	2	1	4	3	5	5
AT4G31390	2	3	2	3	5	3	1	3	1	4	3	1	3	2	1	3	5	2	1	4	1	3	4	4	3	5	4	5	5	1	4	4	4	1	3	5	4	1	1	3	4	1	5	4	1	4	4	1	4	3	4	2	4	1	4	3	2	5	3	3	5	3	5	2	3	2	5	1	1	1	2	3	5	1	2	1	3	4	1	1	4	5	1	2	3	4	5	4	5	1	1	3	1	5	1	4	1	5	2	2
AT4G24930	3	5	5	4	2	2	5	4	2	3	4	4	2	3	5	1	2	5	3	3	4	1	5	5	4	2	5	2	4	4	1	3	1	3	5	3	1	4	2	4	3	4	3	3	3	1	3	3	2	5	1	1	5	4	2	2	3	4	4	4	4	1	3	4	2	3	1	3	4	2	3	2	2	2	5	5	4	1	5	2	5	2	5	4	2	3	2	2	1	5	3	4	5	1	2	1	4	3	1	5
AT1G74710	4	5	5	4	2	2	5	4	2	3	4	4	2	3	5	1	2	5	3	3	4	2	5	5	4	2	5	2	4	4	1	3	1	3	5	3	1	4	2	4	3	4	3	3	3	1	3	3	2	5	1	1	5	4	2	2	3	4	4	4	4	1	3	4	2	3	2	3	4	2	3	2	2	2	5	5	4	1	5	2	5	2	5	4	2	3	2	2	1	5	3	4	5	1	2	1	4	3	1	5
AT4G18370	4	5	4	4	2	1	5	4	3	3	4	4	2	3	5	4	4	5	3	3	4	2	5	5	4	2	5	2	2	5	1	3	1	3	5	3	1	4	2	5	3	4	3	3	3	1	3	3	1	5	1	1	5	4	2	2	3	4	4	4	4	1	3	4	1	3	2	5	4	2	1	2	2	2	5	5	4	1	5	2	5	2	5	4	1	3	2	2	1	3	3	4	5	1	2	1	4	3	5	5
AT1G03090	4	5	4	2	1	1	5	4	3	3	1	4	2	3	5	4	4	5	3	3	4	2	1	5	2	2	5	2	2	5	1	3	1	3	4	3	1	2	2	5	3	4	3	3	3	1	3	4	1	5	1	4	5	4	2	2	4	4	1	1	2	2	3	4	1	3	2	5	4	2	1	2	2	5	1	3	4	1	5	3	5	2	5	4	1	3	2	2	1	3	4	4	2	1	2	1	4	3	4	1
AT3G55330	4	5	5	4	2	2	5	4	2	3	4	4	2	3	5	1	2	5	3	3	4	2	5	5	4	2	5	2	4	4	1	3	1	3	5	3	1	4	2	4	3	4	3	3	3	1	3	3	2	5	1	1	5	4	2	2	3	4	4	4	4	1	3	4	2	3	2	3	4	2	3	2	2	2	5	5	4	1	5	2	5	2	5	4	2	3	2	2	1	5	3	4	5	1	2	1	4	3	1	5
AT4G36810	2	1	2	3	5	5	1	1	5	4	3	1	5	1	4	5	1	2	2	4	1	3	3	1	3	3	4	4	1	3	2	4	4	2	2	2	5	1	1	1	5	3	4	2	1	4	1	1	5	3	3	5	3	2	3	5	2	5	2	3	5	5	5	2	3	4	3	4	3	4	2	4	1	4	3	4	3	4	3	4	3	4	3	2	3	5	4	3	5	1	1	3	3	2	1	3	3	4	2	4
AT1G16790	3	5	5	5	4	3	3	5	4	1	5	2	1	3	3	1	3	1	4	1	2	4	2	3	5	1	5	3	3	2	5	5	3	4	5	1	3	5	2	2	3	4	3	3	4	2	3	2	2	4	5	3	2	4	5	4	3	2	4	4	1	1	2	1	5	5	4	2	4	2	3	1	4	4	5	5	1	1	5	5	5	1	2	4	5	2	3	5	4	2	2	5	4	3	2	5	1	3	3	3
AT1G15140	5	5	5	4	2	2	5	4	2	3	4	4	2	3	5	1	2	5	4	3	4	1	5	5	4	4	5	1	4	4	1	3	1	3	5	3	1	4	2	4	3	4	3	3	3	1	3	3	2	5	1	1	5	4	2	2	3	4	4	4	4	1	3	1	2	3	1	3	4	2	3	2	2	2	5	5	4	1	5	2	5	2	5	4	2	3	2	2	1	5	3	4	5	1	2	5	4	3	1	5
AT1G31180	4	5	4	4	2	2	5	4	2	3	4	4	2	3	5	4	2	5	3	3	4	2	5	5	4	2	5	2	2	4	1	3	1	3	5	3	1	4	2	5	3	4	3	3	3	1	3	3	2	5	1	1	5	4	2	2	3	4	4	4	4	1	3	4	1	3	2	5	4	2	3	2	2	2	5	5	4	1	5	2	5	2	5	4	2	3	2	2	1	3	3	4	5	1	2	1	4	3	5	5
AT5G03455	4	5	4	4	2	2	5	4	3	3	4	4	2	3	5	4	2	5	3	3	4	2	5	5	4	2	5	2	2	4	1	3	1	3	5	3	1	4	2	5	3	4	3	3	3	1	3	3	2	5	1	1	5	4	2	2	3	4	4	4	4	1	3	4	1	3	2	5	4	2	1	2	2	2	5	5	4	1	5	2	5	2	5	4	1	3	2	2	1	3	3	4	5	1	2	1	4	3	5	5
AT5G52780	4	5	4	4	2	1	5	4	3	3	4	4	2	3	5	4	4	5	3	3	4	2	5	5	2	2	5	2	2	5	1	3	1	3	5	3	1	4	2	5	3	4	3	3	3	1	3	3	1	5	1	4	5	4	2	2	3	4	4	4	4	1	3	4	1	3	2	5	4	2	1	2	2	2	5	5	4	1	5	2	5	2	5	4	1	3	2	2	1	3	3	4	5	1	2	1	4	3	5	5
AT1G51110	3	5	5	4	2	2	3	5	4	1	4	2	1	3	3	1	3	5	4	3	2	1	2	5	5	4	2	1	4	4	1	5	3	4	5	1	3	5	2	2	3	4	3	3	4	2	3	2	2	5	1	1	2	4	2	4	3	2	4	4	1	1	2	1	2	5	4	3	4	2	3	1	4	2	5	5	1	1	5	2	5	1	2	1	5	2	3	5	4	2	3	5	4	3	2	5	1	3	3	3
AT3G25480	5	5	5	4	2	2	5	4	2	3	4	4	2	3	5	1	2	5	4	3	4	1	5	5	4	4	2	1	4	4	1	3	1	3	5	3	1	4	2	4	3	4	3	3	4	1	3	3	2	5	1	1	5	4	2	2	3	4	4	4	4	1	3	1	2	3	1	3	4	2	3	1	2	2	5	5	4	1	5	2	5	2	4	4	2	3	2	2	1	5	3	4	5	1	2	5	4	3	1	5
AT5G42765	3	5	5	4	2	2	5	4	2	3	4	4	2	3	5	4	2	5	3	3	4	2	5	5	4	2	5	2	2	4	1	3	1	3	5	3	1	4	2	4	3	4	3	3	3	1	3	3	2	5	1	1	5	4	2	2	3	4	4	4	4	1	3	4	2	3	2	3	4	2	3	2	2	2	5	5	4	1	5	2	5	2	5	4	2	3	2	2	1	3	3	4	5	1	2	1	4	3	1	5
AT1G16880	4	5	4	2	1	1	5	4	3	5	1	4	2	3	5	4	4	5	3	3	4	2	1	5	2	2	5	2	2	5	1	3	1	3	4	3	1	2	2	5	3	4	3	3	3	1	3	4	1	5	1	4	5	3	2	2	4	4	1	1	2	2	3	4	1	3	2	5	4	2	1	2	2	5	1	3	4	1	5	3	5	2	5	4	1	3	2	2	1	3	4	4	2	1	5	1	4	3	5	1
AT1G14345	4	5	4	2	1	1	5	1	3	5	1	4	2	3	4	4	4	4	3	3	4	2	1	5	2	2	5	2	2	5	1	2	4	3	4	3	1	2	3	5	3	2	3	3	3	1	3	4	1	5	1	4	1	3	2	2	4	3	1	1	2	2	3	4	1	1	2	5	4	2	1	2	2	5	1	3	5	1	5	3	5	2	5	4	1	1	2	2	3	3	4	1	2	1	5	1	4	2	5	1
AT1G66670	4	5	4	4	2	2	5	4	3	3	4	4	2	3	5	4	2	5	3	3	4	2	5	5	4	2	5	2	2	4	1	3	1	3	5	3	1	4	2	5	3	4	3	3	3	1	3	3	2	5	1	1	5	4	2	2	3	4	4	4	4	1	3	4	1	3	2	5	4	2	3	2	2	2	5	5	4	1	5	2	5	2	5	4	1	3	2	2	1	3	3	4	5	1	2	1	4	3	5	5
