AT2G04030	2	4	1	1	4	4	5	5	4	1	5	5	5	1	4	1	2	4	4	3	4	4	2	1	4	2	3	1	2	2	4	1	1	2	4	2	2	5	4	3	2	4	4	3	1	4	3	2	4	2	1	1	2	5	1	1	2	2	3	2	2	3	2	5	1	2	3	1	4	2	2	4	5	2	5	3	4	5	2	2	1	5	3	4	4	4	1	1	1	5	2	4	2	5	5	2	2	2	4	5
AT5G20140	4	3	2	2	3	1	4	4	1	4	2	1	3	2	5	4	4	2	3	4	5	5	4	5	5	3	4	2	1	1	5	4	2	5	3	3	5	2	1	4	5	5	5	4	3	5	1	4	3	4	2	5	5	1	4	3	1	4	1	5	3	4	3	3	3	5	5	5	5	4	4	3	3	1	3	5	5	3	4	3	4	1	2	5	2	2	3	4	3	3	3	5	3	1	1	5	5	4	1	3
AT5G62720	4	3	2	2	3	1	4	4	1	4	2	1	3	2	5	4	4	2	3	4	5	5	4	5	5	3	4	2	1	1	5	4	3	5	3	3	5	1	1	4	5	5	5	4	3	5	1	4	3	4	2	5	5	1	4	3	3	4	1	5	3	4	5	3	3	5	5	3	5	4	4	3	3	1	3	5	5	3	4	3	4	1	2	5	2	2	5	4	3	3	3	5	3	1	1	5	5	4	1	3
AT4G38100	1	1	3	3	2	3	2	2	5	2	5	4	2	4	2	3	3	5	1	2	2	3	3	4	2	1	2	5	4	4	3	2	4	4	1	1	1	3	5	5	3	1	3	1	5	3	5	1	2	5	3	1	3	2	2	4	4	1	2	3	1	5	1	4	5	1	3	2	1	2	3	4	4	5	2	1	1	1	1	1	3	2	3	4	3	1	1	3	2	2	4	1	4	4	3	4	3	1	5	1
AT5G21430	4	2	2	4	3	1	4	4	3	4	2	1	3	2	3	4	4	2	3	4	1	5	4	5	5	3	5	2	1	1	5	3	2	5	5	3	3	2	1	4	1	5	5	4	2	5	1	4	3	3	5	5	5	1	4	5	1	5	5	5	3	4	3	3	4	3	2	5	5	4	4	3	3	1	3	5	5	3	4	4	2	1	5	5	2	2	3	4	5	3	3	2	3	1	1	5	5	4	3	3
AT3G21055	5	4	4	4	3	4	3	4	3	3	2	2	3	2	3	4	4	3	2	1	1	4	5	2	3	2	5	1	5	3	2	3	5	5	5	3	4	5	2	2	1	2	2	5	2	2	1	5	1	3	5	3	5	4	5	5	1	5	5	5	4	4	4	3	4	3	1	4	2	4	4	1	2	1	4	2	3	3	3	4	2	1	1	1	5	5	2	5	5	1	3	2	1	3	2	5	5	3	3	4
AT4G23890	4	3	2	2	3	1	4	4	1	4	2	1	3	2	5	4	4	2	3	4	5	5	4	5	5	3	4	2	1	1	5	4	3	5	3	3	5	1	1	4	5	5	5	4	3	5	1	4	3	4	2	5	5	1	4	3	3	4	1	5	3	4	5	3	3	5	5	3	5	4	4	3	3	1	3	5	5	3	4	3	4	1	2	5	2	2	5	4	3	3	3	5	3	1	1	5	5	4	1	3
AT4G38380	4	2	2	4	3	1	3	4	3	4	2	1	3	2	3	4	4	2	3	4	1	5	4	5	5	3	5	2	1	1	5	3	2	5	5	3	3	2	1	4	1	5	5	4	2	5	1	4	3	3	5	5	5	1	4	5	1	5	5	5	3	4	3	3	4	3	2	5	5	4	4	3	3	1	3	5	5	3	4	4	2	1	5	5	2	2	3	4	5	3	3	2	3	1	1	5	5	4	3	3
AT4G25910	2	5	5	5	5	5	5	3	2	5	5	3	1	1	4	1	2	4	4	3	4	1	2	1	4	4	1	4	2	2	1	1	1	3	2	4	2	3	4	1	4	3	4	2	1	3	3	2	4	5	4	4	4	3	1	1	2	2	3	2	2	5	2	5	1	4	4	1	1	3	2	2	5	4	1	3	4	5	2	2	1	5	3	4	4	4	4	1	2	4	1	4	2	4	5	2	1	2	4	2
AT2G43010	4	2	2	4	3	1	4	4	3	4	2	1	3	2	3	4	4	2	3	4	1	5	4	5	5	3	5	2	1	1	5	3	2	5	5	3	3	2	1	4	1	5	5	4	2	5	1	4	3	3	5	5	5	1	4	5	1	5	5	5	3	4	3	3	4	3	2	5	5	4	4	3	3	1	3	5	5	3	4	4	2	1	5	5	2	2	3	4	5	3	3	2	3	1	1	5	5	4	1	3
AT4G25050	5	5	4	1	5	2	1	5	2	1	4	5	4	5	4	2	1	1	1	1	4	2	1	1	3	4	3	3	3	5	3	5	1	1	2	5	2	4	3	1	2	4	4	3	1	4	2	5	2	1	3	1	3	3	5	1	5	3	4	2	2	2	2	1	2	4	3	1	4	1	5	5	5	3	4	4	2	2	5	5	1	3	4	3	1	3	2	2	4	4	2	3	1	5	5	2	4	2	2	4
AT1G51350	4	2	2	4	3	1	3	4	3	4	2	1	3	2	3	4	4	3	3	4	1	4	4	2	5	3	5	2	1	1	5	3	2	5	5	3	3	2	2	4	1	5	5	4	2	5	1	4	1	3	5	5	5	1	3	5	1	5	5	5	3	4	3	3	4	3	2	5	5	4	4	1	3	1	3	5	5	3	4	4	2	1	5	1	2	2	3	4	5	3	3	2	3	1	2	5	5	4	3	3
AT1G12250	4	3	2	2	3	1	4	4	1	4	2	1	3	2	5	4	4	2	3	4	5	5	4	5	5	3	4	2	1	1	5	4	3	5	3	3	5	1	1	4	5	5	5	4	3	5	1	4	3	4	2	5	5	1	4	3	1	4	1	5	3	4	5	3	3	5	5	5	5	4	4	3	3	1	3	5	5	4	4	3	4	1	2	5	2	2	5	4	3	3	3	5	3	1	1	3	5	4	1	3
AT2G41680	2	4	1	1	5	4	5	3	4	5	5	5	5	1	4	1	2	4	4	3	4	1	2	1	4	2	3	1	2	2	4	1	1	2	2	4	2	5	4	1	2	4	4	3	1	4	3	2	4	2	1	1	2	3	1	1	2	2	3	2	2	3	2	5	1	2	3	1	4	3	2	4	5	2	5	3	4	5	2	2	1	5	3	4	4	4	1	1	1	5	2	4	2	4	5	2	2	2	4	5
AT3G15110	4	2	2	2	3	1	4	4	1	4	2	1	3	2	5	4	4	2	3	4	5	5	4	5	5	3	5	2	1	1	5	3	2	5	3	3	3	2	1	4	5	5	5	4	3	5	1	4	3	4	5	5	5	1	4	3	1	4	5	5	3	4	3	3	3	3	2	5	5	4	4	3	3	1	3	5	5	3	4	4	2	1	5	5	2	2	3	4	5	3	3	5	3	1	1	5	5	4	1	3
AT2G40400	4	2	2	2	3	1	4	4	1	4	2	1	3	2	5	4	4	2	3	4	1	5	4	5	5	3	5	2	1	1	5	3	2	5	3	3	3	2	1	4	5	5	5	4	3	5	1	4	3	4	5	5	5	1	4	5	1	4	5	5	3	4	3	3	3	3	2	5	5	4	4	3	3	1	3	5	5	3	4	4	4	1	5	5	2	2	3	4	5	3	3	5	3	1	1	5	5	4	1	3
AT5G07020	5	4	4	5	4	4	3	5	2	3	4	2	3	2	1	2	1	3	2	1	1	4	5	2	3	2	5	1	5	3	2	5	5	1	5	3	4	5	2	2	1	2	2	5	2	2	1	5	1	3	3	3	5	4	5	5	1	3	5	2	4	2	4	1	2	3	1	4	2	4	4	5	2	1	4	2	3	2	3	4	5	1	1	1	5	5	2	5	5	1	3	3	1	3	2	1	3	3	3	4
AT5G16660	4	2	2	4	3	1	3	4	3	4	2	1	3	2	3	4	4	2	3	4	1	5	4	5	5	3	5	2	1	1	5	3	2	5	5	3	3	2	1	4	1	5	5	4	2	5	1	4	3	3	5	5	5	1	3	5	1	5	5	5	3	4	3	3	4	3	2	5	5	4	4	3	3	1	3	5	5	3	4	4	2	1	5	5	2	2	3	4	5	3	3	2	3	1	1	5	5	4	3	3
AT3G14420	2	5	5	5	2	5	5	3	2	5	5	3	1	1	4	1	2	4	4	3	4	1	2	1	4	2	1	4	2	2	1	1	1	2	2	4	2	3	4	1	4	3	4	3	1	1	3	2	4	5	4	1	4	3	1	1	2	2	3	2	5	3	2	5	1	2	4	1	1	3	2	4	5	4	1	3	4	5	2	2	1	5	3	4	4	4	4	1	2	5	1	4	2	5	5	2	1	2	4	2
AT1G79230	4	2	2	4	3	1	4	4	3	4	2	1	3	2	3	4	4	2	3	4	1	5	4	5	5	3	5	2	1	1	5	3	2	5	5	3	3	2	1	4	1	5	5	4	2	5	1	4	3	3	5	5	5	1	4	5	1	5	5	5	3	4	3	3	4	3	2	5	5	4	4	3	3	1	3	5	5	3	4	4	2	1	5	5	2	2	3	4	5	3	3	2	3	1	1	5	5	4	1	3
AT2G42220	4	2	2	4	3	1	4	4	3	4	2	1	3	2	3	4	4	2	3	4	1	5	4	5	5	3	5	2	1	1	5	3	2	5	5	3	3	2	1	4	1	5	5	4	2	5	1	4	3	3	5	5	5	1	4	5	1	5	5	5	3	4	3	3	4	3	2	5	5	4	4	3	3	1	3	5	5	3	4	4	2	1	5	5	2	2	3	4	5	3	3	2	3	1	1	5	5	4	1	3
AT1G67280	4	2	2	2	3	1	4	4	1	4	2	1	3	2	5	4	4	2	3	4	1	5	4	5	5	3	5	2	1	1	5	3	2	5	3	3	3	2	1	4	1	5	5	4	3	5	1	4	3	3	5	5	5	1	4	3	1	4	5	5	3	4	3	3	4	3	2	5	5	4	4	3	3	1	3	5	5	3	4	4	2	1	5	5	2	2	3	4	5	3	3	5	3	1	1	5	5	4	1	3
AT3G47450	2	5	5	5	5	5	2	3	2	5	3	3	1	1	2	1	2	4	4	3	4	1	2	1	4	4	2	4	2	2	1	1	1	1	2	4	2	3	4	1	4	3	5	2	5	1	4	1	4	5	4	4	4	3	1	1	2	2	3	1	2	3	2	5	1	4	4	1	1	3	2	2	5	4	1	5	2	5	2	1	1	5	4	3	1	4	4	3	2	4	1	4	2	5	5	2	1	4	4	2
AT5G08540	3	3	2	2	3	1	4	4	1	4	2	1	3	2	5	4	4	2	3	4	5	5	4	5	5	3	5	2	1	1	5	4	3	5	3	3	5	2	1	4	5	5	5	4	3	5	1	4	3	4	2	5	5	1	4	5	1	4	1	5	3	4	3	3	3	3	5	5	5	4	4	3	1	1	3	5	5	4	4	3	4	1	2	5	2	2	3	4	5	3	3	5	3	1	1	3	5	4	1	3
AT3G01480	2	5	3	5	5	2	1	3	5	1	4	5	4	3	1	2	5	4	5	5	3	3	5	4	1	4	1	1	3	5	3	1	1	3	2	4	2	4	3	1	2	3	3	3	1	3	5	3	2	1	3	4	1	3	2	2	5	2	4	2	2	2	2	1	1	1	3	1	1	5	1	2	5	3	4	3	2	5	5	1	1	3	4	2	4	3	1	1	1	4	5	3	2	4	4	2	4	1	2	4
AT4G31560	4	2	2	2	3	1	4	4	1	4	2	1	3	2	5	4	4	2	3	4	5	5	4	5	5	3	5	2	1	1	5	3	2	5	3	3	3	2	1	4	5	5	5	4	3	5	1	4	3	4	5	5	5	1	4	3	1	4	5	5	3	4	3	3	3	3	2	5	5	4	4	3	3	1	3	5	5	3	4	4	4	1	5	5	2	2	3	4	5	3	3	5	3	1	1	5	5	4	1	3
AT1G54580	4	2	2	2	3	1	4	4	1	4	2	1	3	2	5	4	4	2	3	4	5	5	4	5	5	3	5	2	1	1	5	3	2	5	3	3	3	2	1	4	5	5	5	4	3	5	1	4	3	4	2	5	5	1	4	3	1	4	5	5	3	4	3	3	3	3	2	5	5	4	4	3	3	1	3	5	5	3	4	4	4	1	5	5	2	2	3	4	5	3	3	5	3	1	1	5	5	4	1	3
AT1G73530	2	5	3	1	5	2	1	3	5	1	4	5	4	5	4	2	2	1	1	5	3	2	1	1	1	4	1	3	3	5	3	5	1	3	2	5	2	4	3	4	2	4	3	3	1	3	5	3	2	1	3	1	3	3	2	2	5	2	4	2	5	2	2	1	2	1	3	1	4	5	1	2	5	3	4	3	2	1	5	1	1	3	4	3	1	3	1	2	4	4	4	3	1	4	5	2	4	1	2	4
AT5G42270	3	3	1	5	3	1	4	1	4	1	1	3	5	1	5	5	4	2	4	3	5	5	5	3	4	3	4	2	1	1	4	4	3	2	4	2	5	1	1	3	5	3	4	4	3	1	3	4	3	2	1	2	1	5	4	3	3	2	1	4	5	3	5	2	1	2	5	3	1	4	4	3	1	2	5	3	2	4	4	3	4	1	2	5	4	4	4	4	1	5	2	4	3	2	3	3	2	5	4	5
AT1G54500	4	2	2	4	3	1	3	4	3	4	2	1	3	2	3	4	4	2	3	4	1	5	4	5	5	3	5	2	1	1	5	3	2	5	5	3	3	2	1	4	1	5	5	4	2	5	1	4	3	3	5	5	5	1	4	5	1	5	5	5	3	4	3	3	4	3	2	5	5	4	4	3	3	1	3	5	5	3	4	4	2	1	5	5	2	2	3	4	5	3	3	2	3	1	1	5	5	4	3	3
AT5G35170	4	3	2	2	3	1	4	4	1	4	2	1	3	2	5	4	4	2	3	4	5	5	4	5	5	3	4	2	1	1	5	4	3	5	3	3	5	1	1	4	5	5	5	4	3	5	1	4	3	4	2	5	5	1	4	3	3	4	1	5	3	4	5	3	3	5	5	3	5	4	4	3	3	1	3	5	5	4	4	3	4	1	2	5	2	2	5	4	3	3	3	5	3	1	1	5	5	4	1	3
AT1G80030	4	3	2	2	3	1	4	4	1	4	2	1	3	2	5	4	4	2	3	4	5	5	4	5	5	3	4	2	1	1	5	4	3	5	3	3	5	1	1	4	5	5	5	4	3	5	1	4	3	4	2	5	5	1	4	3	1	4	1	5	3	4	3	3	3	5	5	5	5	4	4	3	3	1	3	5	5	4	4	3	4	1	2	5	2	2	5	4	3	3	3	5	3	1	1	3	5	4	1	3
AT1G10170	4	2	2	4	3	1	4	4	1	4	2	1	3	2	5	4	4	2	3	4	1	5	4	5	5	3	5	2	1	1	5	3	2	5	5	3	3	2	1	4	1	5	5	4	3	5	1	4	3	3	5	5	5	1	4	5	1	5	5	5	3	4	3	3	4	3	2	5	5	4	4	3	3	1	3	5	5	3	4	4	2	1	5	5	2	2	3	4	5	3	3	5	3	1	1	5	5	4	1	3
AT5G12470	4	2	2	4	3	1	4	4	3	4	2	1	3	2	3	4	4	2	3	4	1	5	4	5	5	3	5	2	1	1	5	3	2	5	5	3	3	2	1	4	1	5	5	4	2	5	1	4	3	3	5	5	5	1	4	5	1	5	5	5	3	4	3	3	4	3	2	5	5	4	4	3	3	1	3	5	5	3	4	4	2	1	5	5	2	2	3	4	5	3	3	2	3	1	1	5	5	4	1	3
AT2G20260	4	3	2	2	3	1	4	4	1	4	2	1	3	2	5	4	4	2	3	4	5	5	4	5	5	3	4	2	1	1	5	4	3	5	3	3	5	1	1	4	5	5	5	4	3	5	1	4	3	4	2	5	5	1	4	3	3	4	1	5	3	4	5	3	3	5	5	3	5	4	4	3	1	1	3	5	5	4	4	3	4	1	2	5	2	2	5	4	3	3	3	5	3	1	1	3	5	4	1	3
AT1G03600	2	5	3	1	5	2	1	5	2	1	4	5	4	5	4	2	2	1	1	5	3	2	1	1	1	4	1	3	3	5	3	5	1	3	2	5	2	4	3	4	2	4	3	3	1	3	5	3	2	1	3	1	3	3	2	2	5	2	4	2	5	2	2	1	2	1	3	1	4	5	5	2	2	3	4	4	2	1	5	1	1	3	4	3	1	3	2	2	4	4	4	3	1	5	5	2	4	1	2	4
AT5G39830	4	2	2	2	3	1	4	4	1	4	2	1	3	2	5	4	4	2	3	4	5	5	4	5	5	3	5	2	1	1	5	3	2	5	3	3	3	2	1	4	5	5	5	4	3	5	1	4	3	4	5	5	5	1	4	3	1	4	5	5	3	4	3	3	3	3	2	5	5	4	4	3	3	1	3	5	5	3	4	4	2	1	5	5	2	2	3	4	5	3	3	5	3	1	1	5	5	4	1	3
AT1G20810	4	2	2	4	3	1	3	4	3	4	2	1	3	2	3	4	4	2	3	4	1	5	4	5	5	3	5	2	1	1	5	3	2	5	5	3	3	2	1	4	1	5	5	4	2	5	1	4	3	3	5	5	5	1	4	5	1	5	5	5	3	4	3	3	4	3	2	5	5	4	4	3	3	1	3	5	5	3	4	4	2	1	5	5	2	2	3	4	5	3	3	2	3	1	1	5	5	4	3	3
AT1G14150	4	3	2	2	3	1	4	4	1	4	2	1	3	2	5	4	4	2	3	4	5	5	4	5	5	3	4	2	1	1	5	4	3	5	3	3	5	1	1	4	5	5	5	4	3	5	1	4	3	4	2	5	5	1	4	3	3	4	1	5	3	4	5	3	3	5	5	3	5	4	4	3	3	1	3	5	5	4	4	3	4	1	2	5	2	2	5	4	3	3	3	5	3	1	1	5	5	4	1	3
AT2G41330	4	3	2	2	3	1	4	4	1	4	2	1	3	2	5	4	4	2	3	4	5	5	4	5	5	3	4	2	1	1	5	4	2	5	3	3	5	1	1	4	5	5	5	4	3	5	1	4	3	4	2	5	5	1	4	3	1	4	1	5	3	4	5	3	3	5	5	5	5	4	4	3	3	1	3	5	5	3	4	3	4	1	2	5	2	2	5	4	3	3	3	5	3	1	1	5	5	4	1	3
AT3G19490	3	4	1	2	3	1	4	1	4	1	1	3	5	1	5	5	4	2	4	3	5	5	4	3	5	3	4	2	1	1	4	4	3	2	4	2	2	1	1	3	5	4	1	4	3	5	1	4	3	2	1	2	1	5	4	3	3	2	1	4	3	3	5	2	1	2	3	3	4	4	4	3	1	2	5	5	2	4	4	3	4	1	2	5	4	4	1	4	1	5	2	5	3	2	3	3	2	5	4	5
AT3G17830	2	5	5	5	5	5	5	3	2	5	5	3	1	1	4	1	2	4	4	3	4	1	2	1	4	2	1	4	2	2	1	1	1	2	2	4	2	3	4	1	4	3	4	2	4	1	3	2	4	5	4	4	2	3	1	1	2	2	3	2	2	5	2	5	1	4	4	1	1	3	2	2	5	4	1	3	4	5	2	2	1	5	3	4	1	4	4	1	2	4	1	4	2	4	5	2	1	5	4	1
AT1G17850	4	2	2	2	3	1	4	4	1	4	2	1	3	2	5	4	4	2	3	4	5	5	4	5	5	3	5	2	1	1	5	3	2	5	3	3	3	2	1	4	5	5	5	4	3	5	1	4	3	3	5	5	5	1	4	3	1	4	5	5	3	4	3	3	3	3	2	5	5	4	4	3	3	1	3	5	5	3	4	4	2	1	5	5	2	2	3	4	5	3	3	5	3	1	1	5	5	4	1	3
AT2G01140	1	1	2	3	2	3	2	2	5	2	2	4	2	4	2	3	3	5	1	2	2	3	3	4	2	5	5	5	4	4	3	2	4	4	1	1	1	3	1	5	3	1	3	1	5	3	1	1	2	5	5	5	5	2	4	4	4	1	2	3	1	5	1	4	5	3	2	2	3	2	3	3	4	5	2	1	1	3	1	4	3	2	5	5	3	1	1	3	5	2	4	1	4	1	3	4	5	1	5	1
AT1G67700	3	3	2	2	3	1	4	1	1	4	1	3	3	2	5	5	4	2	3	4	5	5	4	3	5	3	4	2	1	1	4	4	3	5	3	2	5	1	1	4	5	5	4	4	3	5	1	4	3	4	2	2	1	5	4	3	3	4	1	4	3	4	5	2	3	5	5	3	5	4	4	3	1	1	5	5	5	4	4	3	4	1	2	5	4	2	5	4	3	3	3	5	3	2	1	3	5	5	1	5
AT5G01500	4	3	2	2	3	1	4	4	1	4	2	1	3	2	5	4	4	2	3	4	5	5	4	5	5	3	4	2	1	1	5	4	3	5	3	3	5	1	1	4	5	5	5	4	3	5	1	4	3	4	2	5	5	1	4	3	3	4	1	5	3	4	5	3	3	5	5	3	5	4	4	3	1	1	3	5	5	4	4	3	4	1	2	5	2	2	5	4	3	3	3	5	3	1	1	3	5	4	1	3
AT3G57680	4	2	2	4	3	1	4	4	3	4	2	1	3	2	3	4	4	2	3	4	1	5	4	5	5	3	5	2	1	1	5	3	2	5	5	3	3	2	1	4	1	5	5	4	2	5	1	4	3	3	5	5	5	1	4	5	1	5	5	5	3	4	3	3	4	3	2	5	5	4	4	3	3	1	3	5	5	3	4	4	2	1	5	5	2	2	3	4	5	3	3	2	3	1	1	5	5	4	1	3
AT4G16155	4	2	2	4	3	1	3	4	3	4	2	1	3	2	3	4	4	3	3	4	1	4	4	2	5	3	5	2	1	1	5	3	2	5	5	3	3	2	2	4	1	5	5	4	2	5	1	4	1	3	5	5	5	1	3	5	1	5	5	5	3	4	3	3	4	3	2	5	5	4	4	1	3	1	3	5	5	3	4	4	2	1	5	1	2	2	3	4	5	3	3	2	3	1	2	5	5	3	3	3
AT1G56500	3	3	2	2	3	1	4	1	1	4	1	3	3	2	5	5	4	3	3	4	1	5	4	3	5	3	5	2	1	1	4	4	3	5	3	3	5	1	1	3	5	5	4	4	3	5	1	4	3	4	1	2	5	5	4	5	1	4	1	4	3	4	3	3	3	3	5	5	5	4	4	3	1	1	5	5	5	4	4	3	4	1	5	5	4	4	4	4	5	3	3	5	3	1	1	3	5	5	1	3
AT1G22450	4	2	2	4	3	1	3	4	3	4	2	1	3	2	3	4	4	3	3	4	1	4	4	2	5	3	5	2	1	1	5	3	5	5	5	3	3	2	2	4	1	5	5	4	2	5	1	4	1	3	5	5	5	1	3	5	1	5	5	5	3	4	3	3	4	3	2	5	5	4	4	1	3	1	3	5	5	3	4	4	2	1	5	1	2	2	3	4	5	3	3	2	3	1	2	5	5	3	3	3
AT5G53170	4	2	2	4	3	1	3	4	3	4	2	1	3	2	3	4	4	2	3	4	1	4	4	2	5	3	5	2	1	1	5	3	2	5	5	3	3	2	2	4	1	5	5	4	2	5	1	4	1	3	5	5	5	1	3	5	1	5	5	5	3	4	3	3	4	3	2	5	5	4	4	3	3	1	3	5	5	3	4	4	2	1	5	1	2	2	3	4	5	3	3	2	3	1	2	5	5	3	3	3
AT5G15250	4	3	2	2	3	1	4	4	1	4	2	1	3	2	5	4	4	2	3	4	5	5	4	5	5	3	4	2	1	1	5	4	2	5	3	3	5	2	1	4	5	5	5	4	3	5	1	4	3	4	2	5	5	1	4	3	1	4	1	5	3	4	5	3	3	5	5	5	5	4	4	3	3	1	3	5	5	3	4	3	4	1	2	5	2	2	5	4	3	3	3	5	3	1	1	5	5	4	1	3
AT3G58010	4	2	2	4	3	1	3	4	3	4	2	1	3	2	3	4	4	2	3	4	1	5	4	5	5	3	5	2	1	1	5	3	2	5	5	3	3	2	1	4	1	5	5	4	2	5	1	4	3	3	5	5	5	1	4	5	1	5	5	5	3	4	3	3	4	3	2	5	5	4	4	3	3	1	3	5	5	3	4	4	2	1	5	5	2	2	3	4	5	3	3	2	3	1	1	5	5	4	3	3
AT2G29500	3	3	2	2	3	1	4	4	1	4	2	1	3	2	5	4	4	2	3	4	5	5	4	5	5	3	4	2	1	1	5	4	3	5	3	2	5	1	1	4	5	5	5	4	3	5	1	4	3	4	2	2	5	1	4	3	3	4	1	5	3	4	5	2	3	5	5	3	5	4	4	3	1	1	3	5	5	4	4	3	4	1	2	5	2	2	5	4	3	3	3	5	3	2	1	3	5	4	1	3
AT3G60370	4	2	2	4	3	1	4	4	3	4	2	1	3	2	3	4	4	2	3	4	1	5	4	5	5	3	5	2	1	1	5	3	2	5	5	3	3	2	1	4	1	5	5	4	2	5	1	4	3	3	5	5	5	1	4	5	1	5	5	5	3	4	3	3	4	3	2	5	5	4	4	3	3	1	3	5	5	3	4	4	2	1	5	5	2	2	3	4	5	3	3	2	3	1	1	5	5	4	1	3
AT1G50460	4	2	2	4	3	1	3	4	3	4	2	1	3	2	3	4	4	3	3	4	1	5	4	5	5	3	5	2	1	1	5	3	2	5	5	3	3	2	1	4	1	5	5	4	2	5	1	4	3	3	5	5	5	1	4	5	1	5	5	5	3	4	3	3	4	3	2	5	5	4	4	3	3	1	3	5	5	3	4	4	2	1	5	1	2	2	3	4	5	3	3	2	3	1	1	5	5	4	3	3
AT2G26800	4	3	2	2	3	1	4	4	1	4	2	1	3	2	5	4	4	2	3	4	5	5	4	5	5	3	4	2	1	1	5	4	3	5	3	3	5	1	1	4	5	5	5	4	3	5	1	4	3	4	2	5	5	1	4	3	3	4	1	5	3	4	5	3	3	5	5	3	5	4	4	3	3	1	3	5	5	3	4	3	4	1	2	5	2	2	5	4	3	3	3	5	3	1	1	5	5	4	1	3
AT1G21750	1	1	2	3	2	3	2	2	5	2	2	4	2	2	2	3	4	5	3	2	2	5	3	4	2	5	5	2	4	4	5	2	4	4	1	1	1	2	1	5	3	1	3	1	2	5	1	4	3	3	5	5	5	2	4	5	1	1	2	3	1	4	1	4	5	3	2	2	3	4	3	3	4	1	2	1	1	3	1	4	3	2	5	5	3	1	1	4	5	2	4	1	4	1	3	4	5	4	5	1
AT2G44990	3	3	2	2	3	1	4	4	1	4	2	1	3	2	5	4	4	2	3	4	5	5	4	5	5	3	4	2	1	1	5	4	3	5	3	3	5	1	1	4	5	5	5	4	3	5	1	4	3	4	2	2	5	1	4	3	3	4	1	5	3	4	5	2	3	5	5	3	5	4	4	3	1	1	3	5	5	4	4	3	4	1	2	5	2	2	5	4	3	3	3	5	3	2	1	3	5	4	1	3
AT1G30510	4	2	2	4	3	1	4	4	3	4	2	1	3	2	3	4	4	2	3	4	1	5	4	5	5	3	5	2	1	1	5	3	2	5	5	3	3	2	1	4	1	5	5	4	2	5	1	4	3	3	5	5	5	1	4	5	1	5	5	5	3	4	3	3	4	3	2	5	5	4	4	3	3	1	3	5	5	3	4	4	2	1	5	5	2	2	3	4	5	3	3	2	3	1	1	5	5	4	1	3
AT3G10130	4	2	2	2	3	1	4	4	1	4	2	1	3	2	5	4	4	2	3	4	1	5	4	5	5	3	5	2	1	1	5	3	2	5	5	3	3	2	1	4	1	5	5	4	3	5	1	4	3	3	5	5	5	1	4	5	1	4	5	5	3	4	3	3	4	3	2	5	5	4	4	3	3	1	3	5	5	3	4	4	2	1	5	5	2	2	3	4	5	3	3	5	3	1	1	5	5	4	1	3
AT3G22690	4	2	2	4	3	1	4	4	3	4	2	1	3	2	3	4	4	2	3	4	1	5	4	5	5	3	5	2	1	1	5	3	2	5	5	3	3	2	1	4	1	5	5	4	2	5	1	4	3	3	5	5	5	1	4	5	1	5	5	5	3	4	3	3	4	3	2	5	5	4	4	3	3	1	3	5	5	3	4	4	2	1	5	5	2	2	3	4	5	3	3	5	3	1	1	5	5	4	1	3
AT1G54050	4	2	2	2	3	1	4	4	1	4	2	1	3	2	5	4	4	2	3	4	5	5	4	5	5	3	5	2	1	1	5	3	2	5	3	3	3	2	1	4	5	5	5	4	3	5	1	4	3	3	5	5	5	1	4	3	1	4	5	5	3	4	3	3	3	3	2	5	5	4	4	3	3	1	3	5	5	3	4	4	4	1	5	5	2	2	3	4	5	3	3	5	3	1	1	5	5	4	1	3
AT1G55370	4	2	2	4	3	1	4	4	3	4	2	1	3	2	3	4	4	2	3	4	1	5	4	5	5	3	5	2	1	1	5	3	2	5	5	3	3	2	1	4	1	5	5	4	2	5	1	4	3	3	5	5	5	1	4	5	1	5	5	5	3	4	3	3	4	3	2	5	5	4	4	3	3	1	3	5	5	3	4	4	2	1	5	5	2	2	3	4	5	3	3	5	3	1	1	5	5	4	1	3
AT4G35770	4	2	2	4	3	1	4	4	1	4	2	1	3	2	3	4	4	2	3	4	1	5	4	5	5	3	5	2	1	1	5	3	2	5	5	3	3	2	1	4	1	5	5	4	2	5	1	4	3	3	5	5	5	1	4	5	1	5	5	5	3	4	3	3	4	3	2	5	5	4	4	3	3	1	3	5	5	3	4	4	2	1	5	5	2	2	3	4	5	3	3	5	3	1	1	5	5	4	1	3
AT3G56040	5	5	3	5	4	4	5	5	2	1	4	2	4	4	1	2	1	1	1	5	3	2	3	1	3	2	2	5	3	5	2	5	1	1	2	4	2	4	5	2	4	4	2	3	4	4	2	5	5	1	3	3	3	3	5	4	5	3	4	2	2	2	2	1	2	4	1	4	2	1	5	5	5	5	4	4	2	2	3	5	5	4	1	3	5	5	2	2	4	4	2	3	1	5	5	1	3	2	2	4
AT1G27510	4	3	2	2	3	1	4	4	1	4	2	1	3	2	5	4	4	2	3	4	5	5	4	5	5	3	4	2	1	1	5	4	3	5	3	3	5	1	1	4	5	5	5	4	3	5	1	4	3	4	2	5	5	1	4	3	3	4	1	5	3	4	5	3	3	5	5	3	5	4	4	3	3	1	3	5	5	3	4	3	4	1	2	5	2	2	5	4	3	3	3	5	3	1	1	5	5	4	1	3
AT5G59250	4	2	2	4	3	1	3	4	3	4	2	1	3	2	3	4	4	3	3	4	1	5	4	2	5	3	5	2	1	1	5	3	2	5	5	3	3	2	2	4	1	5	5	4	2	5	1	4	1	3	5	5	5	1	3	5	1	5	5	5	3	4	3	3	4	3	2	5	5	4	4	1	3	1	3	5	5	3	4	4	2	1	5	1	2	2	3	4	5	3	3	2	3	1	1	5	5	4	3	3
AT1G75690	4	2	2	4	3	1	3	4	3	4	2	1	3	2	3	4	4	3	3	4	1	4	4	2	5	3	5	2	1	1	5	3	2	5	5	3	3	2	2	4	1	5	5	4	2	5	1	4	1	3	5	5	5	1	3	5	1	5	5	5	3	4	3	3	4	3	2	5	5	4	4	1	3	1	3	5	5	3	4	4	2	1	5	1	2	2	3	4	5	3	3	2	3	1	2	5	5	3	3	3
AT4G01900	4	2	2	2	3	1	4	4	1	4	2	1	3	2	5	4	4	2	3	4	1	5	4	5	5	3	5	2	1	1	5	3	2	5	3	3	3	2	1	4	1	5	5	4	3	5	1	4	3	3	5	5	5	1	4	3	1	4	5	5	3	4	3	3	3	3	2	5	5	4	4	3	3	1	3	5	5	3	4	4	2	1	5	5	2	2	3	4	5	3	3	5	3	1	1	5	5	4	1	3
AT2G18790	3	3	1	2	3	1	4	1	4	4	1	3	5	2	5	5	4	2	4	4	5	5	4	3	5	3	4	2	1	1	4	4	3	5	3	2	5	1	1	3	5	5	1	4	3	5	1	4	3	4	1	2	1	5	4	3	3	4	1	4	3	4	5	2	3	5	5	3	5	4	4	3	1	1	5	5	5	4	4	3	4	1	2	5	4	2	5	4	3	5	3	5	3	2	1	3	2	5	1	5
AT1G78915	1	1	2	3	3	3	4	2	1	2	2	4	3	2	2	3	4	2	3	2	5	5	4	5	2	5	5	2	1	1	5	4	2	4	3	1	1	2	1	5	3	1	3	4	3	5	1	4	3	4	2	5	5	2	4	3	1	1	1	3	1	4	3	4	5	5	2	2	3	4	4	3	4	1	2	5	1	3	1	4	3	1	5	5	3	1	3	4	5	2	3	1	3	1	3	5	5	4	1	3
AT3G24590	4	2	2	4	3	1	4	4	3	4	2	1	3	2	3	4	4	2	3	4	1	5	4	5	5	3	5	2	1	1	5	3	2	5	5	3	3	2	1	4	1	5	5	4	2	5	1	4	3	3	5	5	5	1	4	5	1	5	5	5	3	4	3	3	4	3	2	5	5	4	4	3	3	1	3	5	5	3	4	4	2	1	5	5	2	2	3	4	5	3	3	2	3	1	1	5	5	4	1	3
AT2G01918	4	3	2	2	3	1	4	4	1	4	2	1	3	2	5	4	4	2	3	4	5	5	4	5	5	3	4	2	1	1	5	4	2	5	3	3	5	2	1	4	5	5	5	4	3	5	1	4	3	4	2	5	5	1	4	3	1	4	1	5	3	4	5	3	3	5	5	5	5	4	4	3	3	1	3	5	5	3	4	3	4	1	2	5	2	2	5	4	3	3	3	5	3	1	1	5	5	4	1	3
AT1G52220	4	2	2	4	3	1	4	4	3	4	2	1	3	2	3	4	4	2	3	4	1	5	4	5	5	3	5	2	1	1	5	3	2	5	5	3	3	2	1	4	1	5	5	4	2	5	1	4	3	3	5	5	5	1	4	5	1	5	5	5	3	4	3	3	4	3	2	5	5	4	4	3	3	1	3	5	5	3	4	4	2	1	5	5	2	2	3	4	5	3	3	2	3	1	1	5	5	4	1	3
AT3G15360	4	2	2	4	3	1	4	4	3	4	2	1	3	2	3	4	4	2	3	4	1	5	4	5	5	3	5	2	1	1	5	3	2	5	5	3	3	2	1	4	1	5	5	4	2	5	1	4	3	3	5	5	5	1	4	5	1	5	5	5	3	4	3	3	4	3	2	5	5	4	4	3	3	1	3	5	5	3	4	4	2	1	5	5	2	2	3	4	5	3	3	2	3	1	1	5	5	4	1	3
AT1G65260	1	1	2	3	2	3	2	2	5	2	2	4	2	4	2	3	3	5	1	2	2	3	3	4	2	5	5	5	4	4	3	2	4	4	1	1	1	3	1	5	3	1	3	1	5	3	1	1	2	5	5	5	5	2	4	4	4	1	2	3	1	5	1	4	5	3	2	2	3	2	3	3	4	5	2	1	1	3	1	4	3	2	5	5	3	1	1	3	5	2	4	1	4	1	3	4	5	1	5	1
AT4G04020	4	3	2	2	3	1	4	4	1	4	2	1	3	2	5	4	4	2	3	4	5	5	4	5	5	3	4	2	1	1	5	4	2	5	3	3	5	2	1	4	5	5	5	4	3	5	1	4	3	4	2	5	5	1	4	3	1	4	1	5	3	4	3	3	3	5	5	5	5	4	4	3	3	1	3	5	5	3	4	3	4	1	2	5	2	2	3	4	3	3	3	5	3	1	1	5	5	4	1	3
AT1G32500	5	4	4	1	3	4	3	1	4	1	2	5	5	5	3	5	4	3	4	1	1	4	1	1	3	3	3	1	5	3	4	3	5	2	5	5	2	5	2	3	1	2	1	4	2	4	1	5	1	2	1	5	5	4	3	1	1	3	5	2	4	3	2	3	1	3	3	1	4	4	4	1	5	3	5	5	2	3	5	4	2	3	4	1	1	4	2	5	5	5	2	2	3	3	2	3	2	3	4	5
AT3G47060	4	3	2	2	3	1	4	4	1	4	2	1	3	2	5	4	4	2	3	4	5	5	4	5	5	3	4	2	1	1	5	4	3	5	3	3	5	1	1	4	5	5	5	4	3	5	1	4	3	4	2	5	5	1	4	3	3	4	1	5	3	4	5	3	3	5	5	3	5	4	4	3	1	1	3	5	5	4	4	3	4	1	2	5	2	2	5	4	3	3	3	5	3	1	1	5	5	4	1	3
AT2G26550	5	4	4	1	4	4	1	5	4	1	4	5	4	5	1	2	1	1	2	1	4	4	1	1	3	4	3	1	5	3	3	5	5	1	2	5	2	5	3	1	2	2	1	3	1	4	2	5	1	1	3	1	3	4	5	1	5	3	4	2	4	2	2	1	2	4	1	1	4	1	5	5	5	3	4	4	2	2	5	5	1	3	4	3	1	5	2	5	4	4	2	3	1	3	2	1	4	3	4	4
AT4G20820	4	2	2	4	3	1	4	4	3	4	2	1	3	2	3	4	4	2	3	4	1	5	4	5	5	3	5	2	1	1	5	3	2	5	5	3	3	2	1	4	1	5	5	4	2	5	1	4	3	3	5	5	5	1	4	5	1	5	5	5	3	4	3	3	4	3	2	5	5	4	4	3	3	1	3	5	5	3	4	4	2	1	5	5	2	2	3	4	5	3	3	2	3	1	1	5	5	4	1	3
AT1G74070	4	2	2	4	3	1	4	4	3	4	2	4	3	2	3	4	4	2	3	2	1	5	4	5	5	5	5	2	1	1	5	3	2	5	5	3	3	2	1	4	1	5	5	4	2	5	1	4	3	3	5	5	5	1	4	5	1	5	5	5	3	4	3	3	4	3	2	5	3	4	4	3	3	1	2	5	1	3	4	4	2	1	5	5	3	2	3	4	5	3	3	2	3	1	1	5	5	4	1	3
AT3G53560	4	2	2	4	3	1	3	4	3	4	2	1	3	2	3	4	4	2	3	4	1	5	4	5	5	3	5	2	1	1	5	3	2	5	5	3	3	2	1	4	1	5	5	4	2	5	1	4	3	3	5	5	5	1	4	5	1	5	5	5	3	4	3	3	4	3	2	5	5	4	4	3	3	1	3	5	5	3	4	4	2	1	5	5	2	2	3	4	5	3	3	2	3	1	1	5	5	4	3	3
AT5G53490	4	2	2	4	3	1	3	4	3	4	2	1	3	2	3	4	4	3	3	4	1	5	4	5	5	3	5	2	1	1	5	3	2	5	5	3	3	2	1	4	1	5	5	4	2	5	1	4	3	3	5	5	5	1	4	5	1	5	5	5	3	4	3	3	4	3	2	5	3	4	4	3	3	1	3	5	5	3	4	4	2	1	5	5	2	2	3	4	5	3	3	2	3	1	1	5	5	4	3	3
AT2G42975	4	2	2	4	3	1	4	4	3	4	2	1	3	2	3	4	4	2	3	4	1	5	4	5	5	3	5	2	1	1	5	3	2	5	5	3	3	2	1	4	1	5	5	4	2	5	1	4	3	3	5	5	5	1	4	5	1	5	5	5	3	4	3	3	4	3	2	5	5	4	4	3	3	1	3	5	5	3	4	4	2	1	5	5	2	2	3	4	5	3	3	2	3	1	1	5	5	4	1	3
AT2G20270	4	2	2	4	3	1	4	4	3	4	2	1	3	2	3	4	4	2	3	4	1	5	4	5	5	3	5	2	1	1	5	3	2	5	5	3	3	2	1	4	1	5	5	4	2	5	1	4	3	3	5	5	5	1	4	5	1	5	5	5	3	4	3	3	4	3	2	5	5	4	4	3	3	1	3	5	5	3	4	4	2	1	5	5	2	2	3	4	5	3	3	2	3	1	1	5	5	4	1	3
AT2G29180	3	3	1	2	3	1	4	1	1	4	1	3	5	2	5	5	4	2	4	4	5	5	4	3	5	3	4	2	1	1	4	4	3	5	3	2	5	1	1	3	5	5	1	4	3	5	1	4	3	4	1	2	1	5	4	3	3	4	1	4	3	4	5	2	3	5	5	3	5	4	4	3	1	1	5	5	5	4	4	3	4	1	2	5	4	4	5	4	3	5	3	5	3	2	1	3	5	5	1	5
AT3G01440	4	3	2	2	3	1	4	4	1	4	2	1	3	2	5	4	4	2	3	4	5	5	4	5	5	3	4	2	1	1	5	4	3	5	3	3	5	1	1	4	5	5	5	4	3	5	1	4	3	4	2	5	5	1	4	3	1	4	1	5	3	4	5	3	3	5	5	5	5	4	4	3	3	1	3	5	5	3	4	3	4	1	2	5	2	2	5	4	3	3	3	5	3	1	1	5	5	4	1	3
AT1G76760	4	3	2	2	3	1	4	4	1	4	2	1	3	2	5	4	4	2	3	4	5	5	4	5	5	3	4	2	1	1	5	4	3	5	3	3	5	1	1	4	5	5	5	4	3	5	1	4	3	4	2	5	5	1	4	3	1	4	1	5	3	4	5	3	3	5	5	5	5	4	4	3	1	1	3	5	5	4	4	3	4	1	2	5	2	2	5	4	3	3	3	5	3	1	1	3	5	4	1	3
AT2G26360	2	5	5	5	5	5	5	3	2	5	5	3	1	1	4	1	2	4	4	3	4	1	2	1	4	4	1	4	2	2	1	1	1	3	2	4	2	3	4	1	4	3	4	2	1	3	3	2	4	5	4	4	4	3	1	1	2	2	3	2	2	3	2	5	1	2	4	1	4	3	2	2	5	4	1	3	4	5	2	2	1	5	3	4	4	4	4	1	2	4	1	4	2	4	5	2	1	2	4	2
AT4G13670	4	2	2	4	3	1	4	4	3	4	2	1	3	2	3	4	4	2	3	4	1	5	4	5	5	3	5	2	1	1	5	3	2	5	5	3	3	2	1	4	1	5	5	4	2	5	1	4	3	3	5	5	5	1	4	5	1	5	5	5	3	4	3	3	4	3	2	5	5	4	4	3	3	1	3	5	5	3	4	4	2	1	5	5	2	2	3	4	5	3	3	2	3	1	1	5	5	4	1	3
AT2G35040	4	2	2	4	3	1	3	4	3	4	2	1	3	2	3	4	4	2	3	4	1	5	4	5	5	3	5	2	1	1	5	3	2	5	5	3	3	2	2	4	1	5	5	4	2	5	1	4	3	3	5	5	5	1	3	5	1	5	5	5	3	4	3	3	4	3	2	5	5	4	4	3	3	1	3	5	5	3	4	4	2	1	5	1	2	2	3	4	5	3	3	2	3	1	1	5	5	4	3	3
AT1G65230	5	4	4	5	4	4	3	5	2	3	4	2	4	2	1	2	1	3	2	1	1	4	5	2	3	2	5	1	5	3	2	5	5	1	5	3	4	5	2	2	1	2	2	5	2	2	2	5	5	1	3	3	3	4	5	5	5	3	5	2	4	2	4	1	2	3	1	4	2	1	5	5	2	1	4	2	3	2	3	5	5	1	1	1	5	5	2	5	5	1	2	3	1	3	2	1	3	3	3	4
AT1G03850	1	2	2	4	3	3	3	2	3	2	2	4	3	2	2	3	4	3	3	2	1	5	4	2	2	5	5	2	1	4	5	3	2	4	5	1	3	2	1	5	1	1	3	4	2	5	1	4	3	3	5	5	5	2	4	5	1	1	5	3	1	4	3	4	5	3	2	2	3	4	4	1	4	1	2	1	1	3	1	4	3	1	5	1	3	1	3	4	5	2	3	2	3	1	3	4	5	4	3	3
AT1G50250	4	2	2	4	3	1	4	4	3	4	2	1	3	2	3	4	4	2	3	4	1	5	4	5	5	3	5	2	1	1	5	3	2	5	5	3	3	2	1	4	1	5	5	4	2	5	1	4	3	3	5	5	5	1	4	5	1	5	5	5	3	4	3	3	4	3	2	5	5	4	4	3	3	1	3	5	5	3	4	4	2	1	5	5	2	2	3	4	5	3	3	2	3	1	1	5	5	4	1	3
AT2G40760	4	2	2	4	3	1	4	4	1	4	2	1	3	2	5	4	4	2	3	4	1	5	4	5	5	3	5	2	1	1	5	3	2	5	5	3	3	2	1	4	1	5	5	4	2	5	1	4	3	3	5	5	5	1	4	5	1	5	5	5	3	4	3	3	4	3	2	5	5	4	4	3	3	1	3	5	5	3	4	4	2	1	5	5	2	2	3	4	5	3	3	5	3	1	1	5	5	4	1	3
AT2G26340	5	4	4	5	4	4	3	5	2	3	4	2	3	2	1	2	1	3	2	1	1	4	5	2	3	2	5	1	5	3	2	5	5	1	5	3	4	5	2	2	1	2	2	5	2	2	1	5	1	3	3	3	5	4	5	5	1	3	5	2	4	2	4	1	2	3	1	4	2	4	4	5	2	1	4	2	3	3	3	4	5	1	1	1	5	5	2	5	5	1	3	3	1	3	2	1	5	3	3	4
AT5G08050	5	4	4	4	3	4	3	4	3	3	2	2	3	2	3	4	4	3	2	1	1	4	5	2	3	3	5	1	5	3	2	3	5	5	5	3	4	2	2	2	1	2	2	5	2	2	1	5	1	3	5	5	5	4	3	5	1	5	5	5	4	4	4	3	4	3	2	4	2	4	4	1	2	1	4	2	3	3	3	4	2	1	5	1	5	5	2	5	5	1	3	2	3	3	2	5	5	3	3	3
AT1G22020	4	2	2	4	3	1	3	4	3	4	2	1	3	2	3	4	4	3	3	4	1	5	4	2	5	3	5	2	1	1	5	3	2	5	5	3	3	2	2	4	1	5	5	4	2	5	1	4	1	3	5	5	5	1	3	5	1	5	5	5	3	4	3	3	4	3	2	5	5	4	4	1	3	1	3	5	5	3	4	4	2	1	5	1	2	2	3	4	5	3	3	2	3	1	1	5	5	4	3	3
AT5G16150	4	2	2	4	3	1	3	4	3	4	2	1	3	2	3	4	4	2	3	4	1	5	4	5	5	3	5	2	1	1	5	3	2	5	5	3	3	2	1	4	1	5	5	4	2	5	1	4	3	3	5	5	5	1	4	5	1	5	5	5	3	4	3	3	4	3	2	5	5	4	4	3	3	1	3	5	5	3	4	4	2	1	5	1	2	2	3	4	5	3	3	2	3	1	1	5	5	4	3	3
AT4G24750	4	2	2	2	3	1	4	4	1	4	2	1	3	2	5	4	4	2	3	4	1	5	4	5	5	3	5	2	1	1	5	3	2	5	5	3	3	2	1	4	1	5	5	4	3	5	1	4	3	3	5	5	5	1	4	5	1	5	5	5	3	4	3	3	4	3	2	5	5	4	4	3	3	1	3	5	5	3	4	4	2	1	5	5	2	2	3	4	5	3	3	5	3	1	1	5	5	4	1	3
AT4G01050	4	2	2	2	3	1	4	4	1	4	2	1	3	2	5	4	4	2	3	4	5	5	4	5	5	3	5	2	1	1	5	3	2	5	3	3	3	2	1	4	1	5	5	4	3	5	1	4	3	3	5	5	5	1	4	3	1	4	5	5	3	4	3	3	3	3	2	5	5	4	4	3	3	1	3	5	5	3	4	4	2	1	5	5	2	2	3	4	5	3	3	5	3	1	1	5	5	4	1	3
AT1G02560	3	3	2	2	3	1	4	4	1	4	2	1	3	2	5	4	4	2	3	4	5	5	4	5	5	3	4	2	1	1	5	4	3	5	3	3	5	1	1	4	5	5	5	4	3	5	1	4	3	4	2	2	5	1	4	3	3	4	1	5	3	4	5	2	3	5	5	3	5	4	4	3	1	1	3	5	5	4	4	3	4	1	2	5	2	2	5	4	3	3	3	5	3	2	1	3	5	4	1	3
AT1G18730	4	2	2	2	3	1	4	4	1	4	2	1	3	2	5	4	4	2	3	4	5	5	4	5	5	3	5	2	1	1	5	3	2	5	3	3	3	2	1	4	5	5	5	4	3	5	1	4	3	4	2	5	5	1	4	3	1	4	5	5	3	4	3	3	3	3	2	5	5	4	4	3	3	1	3	5	5	3	4	4	4	1	5	5	2	2	3	4	5	3	3	5	3	1	1	5	5	4	1	3
AT3G46780	4	2	2	4	3	1	3	4	3	4	2	1	3	2	3	4	4	3	3	4	1	5	4	2	5	3	5	2	1	1	5	3	2	5	5	3	3	2	2	4	1	5	5	4	2	5	1	4	3	3	5	5	5	1	4	5	1	5	5	5	3	4	3	3	4	3	2	5	5	4	4	1	3	1	3	5	5	3	4	4	2	1	5	1	2	2	3	4	5	3	3	2	3	1	1	5	5	4	3	3
AT1G79450	4	2	2	4	3	1	4	4	3	4	2	1	3	2	3	4	4	2	3	4	1	5	4	5	5	3	5	2	1	1	5	3	2	5	5	3	3	2	1	4	1	5	5	4	2	5	1	4	3	3	5	5	5	1	4	5	1	5	5	5	3	4	3	3	4	3	2	5	5	4	4	3	3	1	3	5	5	3	4	4	2	1	5	5	2	2	3	4	5	3	3	2	3	1	1	5	5	4	1	3
AT1G06690	4	2	2	4	3	1	4	4	3	4	2	1	3	2	3	4	4	2	3	4	1	5	4	5	5	3	5	2	1	1	5	3	2	5	5	3	3	2	1	4	1	5	5	4	2	5	1	4	3	3	5	5	5	1	4	5	1	5	5	5	3	4	3	3	4	3	2	5	5	4	4	3	3	1	3	5	5	3	4	4	2	1	5	5	2	2	3	4	5	3	3	5	3	1	1	5	5	4	1	3
AT1G23740	4	2	2	4	3	1	4	4	1	4	2	1	3	2	5	4	4	2	3	4	1	5	4	5	5	3	5	2	1	1	5	3	2	5	5	3	3	2	1	4	1	5	5	4	3	5	1	4	3	3	5	5	5	1	4	5	1	5	5	5	3	4	3	3	4	3	2	5	5	4	4	3	3	1	3	5	5	3	4	4	2	1	5	5	2	2	3	4	5	3	3	2	3	1	1	5	5	4	1	3
AT3G46610	5	5	4	1	4	2	1	5	2	1	4	5	4	5	4	2	1	1	1	1	3	2	1	1	3	4	3	3	3	5	3	5	1	1	2	5	2	4	3	1	2	4	4	3	1	4	2	5	5	1	3	1	3	3	5	1	5	3	4	2	2	2	2	1	2	4	1	4	4	1	5	5	5	3	4	4	2	2	5	5	1	4	1	3	1	5	2	2	4	4	2	3	1	5	5	1	4	2	2	4
AT1G29920	4	2	2	4	3	1	4	4	3	4	2	1	3	2	3	4	4	2	3	4	1	5	4	5	5	3	5	2	1	1	5	3	2	5	5	3	3	2	1	4	1	5	5	4	2	5	1	4	3	3	5	5	5	1	4	5	1	5	5	5	3	4	3	3	4	3	2	5	5	4	4	3	3	1	3	5	5	3	4	4	2	1	5	5	2	2	3	4	5	3	3	2	3	1	1	5	5	4	1	3
AT1G50450	1	1	3	3	2	3	2	2	5	2	5	4	2	4	2	3	3	5	1	2	2	3	3	4	2	1	2	5	4	4	3	2	4	4	1	1	1	3	5	5	3	1	3	1	5	3	5	1	2	5	3	1	3	2	2	4	4	1	2	3	1	5	1	4	5	1	3	2	1	2	3	4	4	5	2	1	1	1	1	1	3	2	3	4	3	1	1	3	2	2	4	1	4	4	3	4	3	1	5	1
AT2G17630	4	3	2	2	3	1	4	4	1	4	2	1	3	2	5	4	4	2	3	4	5	5	4	5	5	3	4	2	1	1	5	4	3	5	3	3	5	1	1	4	5	5	5	4	3	5	1	4	3	4	2	5	5	1	4	3	3	4	1	5	3	4	5	3	3	5	5	3	5	4	4	3	1	1	3	5	5	4	4	3	4	1	2	5	2	2	5	4	3	3	3	5	3	1	1	3	5	4	1	3
AT1G14590	4	2	2	2	3	1	4	4	1	4	2	1	3	2	5	4	4	2	3	4	5	5	4	5	5	3	5	2	1	1	5	3	2	5	3	3	3	2	1	4	5	5	5	4	3	5	1	4	3	4	2	5	5	1	4	3	1	4	5	5	3	4	3	3	3	3	2	5	5	4	4	3	3	1	3	5	5	3	4	4	4	1	5	5	2	2	3	4	5	3	3	5	3	1	1	5	5	4	1	3
AT1G54790	1	1	2	3	2	3	2	2	5	2	2	4	2	2	2	3	4	2	3	2	2	5	4	4	2	5	5	2	4	4	5	2	4	4	1	1	1	2	1	5	3	1	3	1	3	5	1	4	3	3	5	5	5	2	4	5	1	1	2	3	1	4	1	4	5	3	2	2	3	4	3	3	4	1	2	1	1	3	1	4	3	2	5	5	3	1	3	4	5	2	4	1	4	1	3	4	5	4	5	1
AT2G22360	4	2	2	4	3	1	3	4	3	4	2	1	3	2	3	4	4	2	3	4	1	5	4	5	5	3	5	2	1	1	5	3	2	5	5	3	3	2	1	4	1	5	5	4	2	5	1	4	3	3	5	5	5	1	4	5	1	5	5	5	3	4	3	3	4	3	2	5	5	4	4	3	3	1	3	5	5	3	4	4	2	1	5	5	2	2	3	4	5	3	3	2	3	1	1	5	5	4	3	3
AT4G39960	4	2	2	2	3	1	4	4	1	4	2	1	3	2	5	4	4	2	3	4	5	5	4	5	5	3	5	2	1	1	5	3	2	5	3	3	3	2	1	4	5	5	5	4	3	5	1	4	3	3	5	5	5	1	4	3	1	4	5	5	3	4	3	3	3	3	2	5	5	4	4	3	3	1	3	5	5	3	4	4	2	1	5	5	2	2	3	4	5	3	3	5	3	1	1	5	5	4	1	3
AT1G15820	4	2	2	4	3	1	4	4	3	4	2	1	3	2	3	4	4	2	3	4	1	5	4	5	5	3	5	2	1	1	5	3	2	5	5	3	3	2	1	4	1	5	5	4	2	5	1	4	3	3	5	5	5	1	4	5	1	5	5	5	3	4	3	3	4	3	2	5	5	4	4	3	3	1	3	5	5	3	4	4	2	1	5	5	2	2	3	4	5	3	3	2	3	1	1	5	5	4	1	3
AT5G52440	5	4	4	1	3	4	3	5	3	3	2	5	3	2	3	4	4	3	2	1	1	4	5	2	3	3	5	1	5	3	2	3	5	5	5	3	4	5	2	2	1	2	1	5	2	2	1	5	1	3	5	5	5	4	3	5	1	5	5	2	4	4	4	3	4	3	1	4	2	4	4	1	2	1	4	2	3	3	3	4	2	1	4	1	5	5	2	5	5	1	3	3	1	3	2	5	2	3	3	4
AT1G74880	1	1	3	3	2	3	2	2	5	2	5	4	2	4	2	3	3	5	1	2	2	3	3	4	2	1	2	5	4	4	3	2	4	4	1	1	1	3	5	5	3	1	3	1	5	3	5	1	2	5	3	1	3	2	2	4	4	1	2	3	1	1	1	4	5	1	3	2	1	2	3	4	4	5	2	1	1	1	1	1	3	2	3	4	3	1	1	3	2	2	4	1	4	4	3	4	3	1	5	1
AT3G28850	4	2	2	4	3	1	3	4	3	4	2	1	3	2	3	4	4	3	3	4	1	5	4	2	5	3	5	2	1	1	5	3	2	5	5	3	3	2	2	4	1	5	5	4	2	2	1	4	1	3	5	5	5	1	3	5	1	5	5	5	3	4	3	3	4	3	2	5	5	4	4	1	3	1	3	5	5	3	4	4	2	1	5	1	2	2	3	4	5	3	3	2	3	1	2	5	5	4	3	3
AT5G02160	4	2	2	2	3	1	4	4	1	4	2	1	3	2	5	4	4	2	3	4	5	5	4	5	5	3	4	2	1	1	5	4	2	5	3	3	3	2	1	4	5	5	5	4	3	5	1	4	3	4	2	5	5	1	4	3	1	4	1	5	3	4	5	3	3	5	5	5	5	4	4	3	3	1	3	5	5	3	4	4	4	1	2	5	2	2	5	4	3	3	3	5	3	1	1	5	5	4	1	3
AT4G33520	2	5	3	5	1	2	1	3	5	1	4	3	4	3	1	2	5	4	5	4	4	1	3	4	2	4	3	4	3	5	3	1	1	3	4	4	2	4	4	1	2	3	5	2	1	3	5	3	4	5	4	4	1	3	1	2	2	2	4	1	2	1	1	1	1	1	3	1	1	5	1	2	5	4	4	3	2	5	2	1	1	3	4	2	4	1	1	1	1	4	5	3	5	4	4	2	1	1	5	2
AT1G80380	3	3	1	2	3	1	4	1	4	1	1	3	5	1	5	5	4	2	4	3	5	5	4	3	5	3	4	2	1	1	4	4	3	2	4	2	5	1	1	3	5	3	4	4	3	1	1	4	3	2	1	2	1	5	4	3	3	2	1	4	3	4	5	2	3	5	5	3	1	4	4	3	1	2	5	5	5	4	4	3	4	1	2	5	4	4	4	4	3	5	3	5	3	2	3	3	2	5	4	5
AT5G01220	5	4	4	4	3	4	3	4	3	3	2	2	3	2	3	4	4	3	2	1	1	4	5	2	3	2	5	1	5	3	2	3	5	5	5	3	4	5	2	2	1	2	2	5	2	2	1	5	1	3	5	3	5	4	5	5	1	5	5	5	4	4	4	3	4	3	1	4	2	4	4	1	2	1	4	2	3	3	3	4	2	1	1	1	5	5	2	5	5	1	3	2	1	3	2	5	5	3	3	4
AT2G27290	4	2	2	2	3	1	4	4	1	4	2	1	3	2	5	4	4	2	3	4	5	5	4	5	5	3	5	2	1	1	5	3	2	5	3	3	3	2	1	4	1	5	5	4	3	5	1	4	3	3	5	5	5	1	4	5	1	4	5	5	3	4	3	3	3	3	2	5	5	4	4	3	3	1	3	5	5	3	4	4	2	1	5	5	2	2	3	4	5	3	3	5	3	1	1	5	5	4	1	3
AT2G37400	1	1	2	3	3	3	2	2	5	2	2	4	2	2	2	3	4	2	3	2	2	5	4	4	2	5	5	2	4	4	5	2	2	4	1	1	1	2	1	5	3	1	3	4	2	5	1	4	3	3	5	5	5	2	4	5	1	1	2	3	1	4	1	4	5	3	2	2	3	4	4	3	4	1	2	1	1	3	1	4	3	2	5	5	3	1	3	4	5	2	4	1	4	1	3	4	5	4	5	1
AT4G28025	1	2	2	3	3	1	4	4	3	2	2	4	3	2	2	3	4	2	3	2	1	5	4	5	2	5	5	2	1	1	5	3	2	5	5	1	3	2	1	5	1	5	3	4	2	5	1	4	3	3	5	5	5	2	4	5	1	1	5	3	1	4	3	4	5	3	2	2	3	4	4	3	4	1	2	5	1	3	1	4	3	1	5	5	3	1	3	4	5	2	3	2	3	1	1	5	5	4	1	3
AT3G15840	4	2	2	4	3	1	3	4	3	4	2	1	3	2	3	4	4	3	3	4	1	5	4	2	5	3	5	2	1	1	5	3	2	5	5	3	3	2	2	4	1	5	5	4	2	5	1	4	1	3	5	5	5	1	3	5	1	5	5	5	3	4	3	3	4	3	2	5	5	4	4	1	3	1	3	5	5	3	4	4	2	1	5	1	2	2	3	4	5	3	3	2	3	1	1	5	5	4	3	3
AT4G37925	4	3	2	2	3	1	4	4	1	4	2	1	3	2	5	4	4	2	3	4	5	5	4	5	5	3	4	2	1	1	5	4	3	5	3	3	5	1	1	4	5	5	5	4	3	5	1	4	3	4	2	5	5	1	4	3	3	4	1	5	3	4	5	3	3	5	5	3	5	4	4	3	3	1	3	5	5	4	4	3	4	1	2	5	2	2	5	4	3	3	3	5	3	1	1	5	5	4	1	3
AT4G27700	4	2	2	4	3	1	3	4	3	4	2	1	3	2	3	4	4	3	3	4	1	4	4	2	5	3	5	2	1	1	5	3	5	5	5	3	3	2	2	4	1	5	5	4	2	2	1	4	1	3	5	5	5	1	3	5	1	5	5	5	3	4	3	3	4	3	2	5	5	4	4	1	3	1	3	5	5	3	4	4	2	1	5	1	5	2	3	5	5	1	3	2	3	1	2	5	5	3	3	3
AT5G23890	4	2	2	4	3	1	4	4	3	4	2	1	3	2	3	4	4	2	3	4	1	5	4	5	5	3	5	2	1	1	5	3	2	5	5	3	3	2	1	4	1	5	5	4	2	5	1	4	3	3	5	5	5	1	4	5	1	5	5	5	3	4	3	3	4	3	2	5	5	4	4	3	3	1	3	5	5	3	4	4	2	1	5	5	2	2	3	4	5	3	3	2	3	1	1	5	5	4	1	3
AT2G30950	4	3	2	2	3	1	4	4	1	4	2	1	3	2	5	4	4	2	3	4	5	5	4	5	5	3	4	2	1	1	5	4	3	5	3	3	5	1	1	4	5	5	5	4	3	5	1	4	3	4	2	5	5	1	4	3	1	4	1	5	3	4	5	3	3	5	5	5	5	4	4	3	3	1	3	5	5	3	4	3	4	1	2	5	2	2	5	4	3	3	3	5	3	1	1	5	5	4	1	3
AT5G19500	4	2	2	4	3	1	3	4	3	4	2	1	3	2	3	4	4	2	3	4	1	5	4	5	5	3	5	2	1	1	5	3	2	5	5	3	3	2	1	4	1	5	5	4	2	5	1	4	3	3	5	5	5	1	4	5	1	5	5	5	3	4	3	3	4	3	2	5	5	4	4	3	3	1	3	5	5	3	4	4	2	1	5	1	2	2	3	4	5	3	3	2	3	1	1	5	5	4	3	3
AT1G44575	5	5	3	1	4	4	5	5	2	1	4	2	4	4	1	2	1	1	1	5	3	2	3	1	3	2	2	5	3	5	2	5	1	1	2	4	2	4	5	2	4	4	2	3	4	4	2	5	5	1	3	3	3	3	5	4	5	3	4	2	2	2	2	1	2	4	1	4	2	1	5	5	2	5	4	4	3	1	5	5	5	4	1	3	5	5	2	2	4	4	2	3	1	5	5	1	3	2	2	4
AT4G13010	4	2	2	4	3	1	4	4	3	4	2	1	3	2	3	4	4	2	3	4	1	5	4	5	5	3	5	2	1	1	5	3	2	5	5	3	3	2	1	4	1	5	5	4	2	5	1	4	3	3	5	5	5	1	4	5	1	5	5	5	3	4	3	3	4	3	2	5	5	4	4	3	3	1	3	5	5	3	4	4	2	1	5	5	2	2	3	4	5	3	3	2	3	1	1	5	5	4	3	3
AT2G40100	4	3	2	2	3	1	4	4	1	4	2	1	3	2	5	4	4	2	3	4	5	5	4	5	5	3	4	2	1	1	5	4	3	5	3	3	5	1	1	4	5	5	5	4	3	5	1	4	3	4	2	5	5	1	4	3	3	4	1	5	3	4	5	3	3	5	5	3	5	4	4	3	3	1	3	5	5	3	4	3	4	1	2	5	2	2	5	4	3	3	3	5	3	1	1	5	5	4	1	3
AT1G71500	5	4	4	5	4	4	5	5	2	3	4	2	4	4	1	2	1	1	2	1	3	2	5	1	3	2	2	1	5	3	2	5	1	1	2	4	4	5	5	2	4	2	2	5	4	4	2	5	5	1	3	3	3	4	5	4	5	3	4	2	4	2	4	1	2	4	1	4	2	1	5	5	2	5	4	2	3	2	3	5	5	4	1	3	5	5	2	5	4	4	2	3	1	3	5	1	3	2	2	4
AT1G42960	4	2	2	4	3	1	4	4	3	4	2	1	3	2	3	4	4	2	3	4	1	5	4	5	5	3	5	2	1	1	5	3	2	5	5	3	3	2	1	4	1	5	5	4	2	5	1	4	3	3	5	5	5	1	4	5	1	5	5	5	3	4	3	3	4	3	2	5	5	4	4	3	3	1	3	5	5	3	4	4	2	1	5	5	2	2	3	4	5	3	3	2	3	1	1	5	5	4	1	3
AT3G26080	4	2	2	4	3	1	4	4	3	4	2	1	3	2	3	4	4	2	3	4	1	5	4	5	5	5	5	2	1	1	5	3	2	5	5	3	3	2	1	4	1	5	5	4	3	5	1	4	3	3	5	5	5	1	4	5	1	4	5	5	3	4	3	3	4	3	2	5	3	4	4	3	3	1	3	5	5	3	4	4	2	1	5	5	2	2	3	4	5	3	3	2	3	1	1	5	5	4	1	3
AT2G21530	1	1	3	3	2	3	2	2	5	2	5	4	2	4	2	3	3	5	1	2	2	3	3	4	2	1	2	5	4	4	3	2	4	4	1	1	1	3	5	5	3	1	3	1	5	3	5	1	2	5	3	1	3	2	2	4	4	1	2	3	1	5	1	4	5	1	3	2	1	2	3	4	4	5	2	1	1	1	1	1	3	2	3	4	3	1	1	3	2	2	4	1	4	4	3	4	3	1	5	1
AT4G19830	1	1	3	3	2	3	2	2	5	2	5	4	2	4	2	3	3	5	1	2	2	3	3	4	2	1	2	5	4	4	3	2	4	4	1	1	1	3	5	5	3	1	3	1	5	3	5	1	2	5	3	1	3	2	2	4	4	1	2	3	1	5	1	4	5	1	3	2	1	2	3	4	4	5	2	1	1	1	1	1	3	2	3	4	3	1	1	3	2	2	4	1	4	4	3	4	3	1	5	1
AT2G37660	3	3	2	2	3	1	4	4	1	4	2	1	3	2	5	4	4	2	3	4	5	5	4	5	5	3	4	2	1	1	5	4	3	5	3	3	5	1	1	4	5	5	5	4	3	5	1	4	3	4	2	5	5	1	4	3	3	4	1	5	3	4	5	2	3	5	5	3	5	4	4	3	1	1	3	5	5	4	4	3	4	1	2	5	2	2	5	4	3	3	3	5	3	2	1	3	5	4	1	3
AT3G10470	4	2	2	2	3	1	4	4	1	4	2	1	3	2	5	4	4	2	3	4	5	5	4	5	5	3	5	2	1	1	5	3	2	5	3	3	3	2	1	4	5	5	5	4	3	5	1	4	3	4	5	5	5	1	4	3	1	4	5	5	3	4	3	3	3	3	2	5	5	4	4	3	3	1	3	5	5	3	4	4	2	1	2	5	2	2	3	4	5	3	3	5	3	1	1	5	5	4	1	3
AT2G37230	4	2	2	4	3	1	4	4	3	4	2	1	3	2	3	4	4	2	3	4	1	5	4	5	5	3	5	2	1	1	5	3	2	5	5	3	3	2	1	4	1	5	5	4	2	5	1	4	3	3	5	5	5	1	4	5	1	5	5	5	3	4	3	3	4	3	2	5	5	4	4	3	3	1	3	5	5	3	4	4	2	1	5	5	2	2	3	4	5	3	3	2	3	1	1	5	5	4	1	3
AT1G54780	5	4	4	5	4	4	3	5	2	3	4	2	3	2	1	2	1	3	2	1	1	4	5	2	3	2	5	1	5	3	2	5	5	1	5	3	4	5	2	2	1	2	2	5	2	2	1	5	1	1	3	3	5	4	5	5	1	3	5	2	4	2	4	1	2	3	1	4	2	4	4	5	2	1	4	2	3	2	3	4	5	1	1	1	5	5	2	5	5	1	2	3	1	3	2	1	3	3	3	4
AT4G33010	3	3	1	5	3	1	4	1	4	1	1	3	5	1	5	5	4	2	4	3	5	5	5	3	4	3	4	2	1	1	4	4	3	2	4	2	5	1	1	3	5	3	4	4	3	1	1	4	3	2	1	2	1	5	4	3	3	2	1	4	5	3	5	2	1	2	5	3	1	4	4	3	1	2	5	3	2	4	4	3	4	1	2	5	4	4	4	4	1	5	2	4	3	2	3	3	2	5	4	5
AT5G19370	4	3	2	2	3	1	4	4	1	4	2	1	3	2	5	4	4	2	3	4	5	5	4	5	5	3	4	2	1	1	5	4	3	5	3	3	5	1	1	4	5	5	5	4	3	5	1	4	3	4	2	5	5	1	4	3	3	4	1	5	3	4	5	3	3	5	5	3	5	4	4	3	1	1	3	5	5	4	4	3	4	1	2	5	2	2	5	4	3	3	3	5	3	1	1	3	5	4	1	3
AT2G30695	3	3	2	2	3	1	4	4	1	4	1	1	3	2	5	4	4	2	3	4	5	5	4	5	5	3	4	2	1	1	5	4	3	5	3	2	5	1	1	4	5	5	5	4	3	5	1	4	3	4	2	2	5	1	4	3	3	4	1	5	3	4	5	2	3	5	5	3	5	4	4	3	1	1	3	5	5	4	4	3	4	1	2	5	2	2	5	4	3	3	3	5	3	2	1	3	5	4	1	5
AT5G42070	4	2	2	2	3	1	4	4	1	4	2	1	3	2	5	4	4	2	3	4	1	5	4	5	5	3	5	2	1	1	5	3	2	5	5	3	3	2	1	4	1	5	5	4	3	5	1	4	3	3	5	5	5	1	4	5	1	4	5	5	3	4	3	3	4	3	2	5	5	4	4	3	3	1	3	5	5	3	4	4	2	1	5	5	2	2	3	4	5	3	3	5	3	1	1	5	5	4	1	3
AT4G39730	4	2	2	4	3	1	4	4	3	4	2	1	3	2	5	4	4	3	3	4	1	5	4	5	5	3	5	2	1	1	5	3	2	5	5	3	3	2	1	4	1	5	5	4	2	5	1	4	3	3	5	5	5	1	4	5	1	5	5	5	3	4	3	3	4	3	2	5	5	4	4	3	3	1	3	5	5	3	4	4	2	1	5	5	2	2	3	4	5	3	3	2	3	1	1	5	5	4	1	3
AT1G07510	4	2	2	4	3	1	4	4	3	4	2	1	3	2	3	4	4	2	3	4	1	5	4	5	5	3	5	2	1	1	5	3	2	5	5	3	3	2	1	4	1	5	5	4	2	5	1	4	3	3	5	5	5	1	4	5	1	5	5	5	3	4	3	3	4	3	2	5	5	4	4	3	3	1	3	5	5	3	4	4	2	1	5	5	2	2	3	4	5	3	3	2	3	1	1	5	5	4	1	3
AT1G79040	5	5	3	1	4	4	5	5	2	1	4	2	4	4	1	2	1	1	1	5	3	2	3	1	3	2	2	5	3	5	2	5	1	1	2	4	2	4	5	2	4	4	2	3	4	4	2	5	5	1	3	3	3	3	5	4	5	3	4	2	2	2	2	1	2	4	1	4	2	1	5	5	5	5	4	4	2	2	3	5	5	4	1	3	5	5	2	2	4	4	2	3	1	5	5	1	3	2	2	4
AT2G21160	4	2	2	4	3	1	4	4	3	4	2	1	3	2	3	4	4	2	3	4	1	5	4	5	5	5	5	2	1	1	5	3	2	5	5	3	3	2	1	4	1	5	5	4	2	5	1	4	3	3	5	5	5	1	4	5	1	5	5	5	3	4	3	3	4	3	2	5	3	4	4	3	3	1	3	5	5	3	4	4	2	1	5	5	2	2	3	4	5	3	3	2	3	1	1	5	5	4	1	3
AT4G39460	4	2	2	4	3	1	4	4	3	4	2	1	3	2	3	4	4	2	3	4	1	5	4	5	5	3	5	2	1	1	5	3	2	5	5	3	3	2	1	4	1	5	5	4	2	5	1	4	3	3	5	5	5	1	4	5	1	5	5	5	3	4	3	3	4	3	2	5	5	4	4	3	3	1	3	5	5	3	4	4	2	1	5	5	2	2	3	4	5	3	3	2	3	1	1	5	5	4	1	3
AT3G26580	4	2	2	2	3	1	4	4	1	4	2	1	3	2	5	4	4	2	3	4	1	5	4	5	5	3	5	2	1	1	5	3	2	5	3	3	3	2	1	4	1	5	5	4	3	5	1	4	3	3	5	5	5	1	4	5	1	4	5	5	3	4	3	3	4	3	2	5	5	4	4	3	3	1	3	5	5	3	4	4	2	1	5	5	2	2	3	4	5	3	3	5	3	1	1	5	5	4	1	3
AT1G03160	3	3	2	2	3	1	4	1	1	4	1	1	3	2	5	5	4	2	3	4	5	5	4	3	5	3	4	2	1	1	4	4	3	5	3	2	5	1	1	4	5	5	5	4	3	5	1	4	3	4	1	2	5	5	4	3	3	4	1	4	3	4	5	2	3	5	5	3	5	4	4	3	1	1	5	5	5	4	4	3	4	1	2	5	4	2	5	4	3	3	3	5	3	2	1	3	5	5	1	3
AT2G24020	4	2	2	4	3	1	4	4	3	4	2	1	3	2	3	4	4	2	3	4	1	5	4	5	5	3	5	2	1	1	5	3	2	5	5	3	3	2	1	4	1	5	5	4	2	5	1	4	3	3	5	5	5	1	4	5	1	5	5	5	3	4	3	3	4	3	2	5	5	4	4	3	3	1	3	5	5	3	4	4	2	1	5	5	2	2	3	4	5	3	3	2	3	1	1	5	5	4	1	3
AT1G05385	1	1	2	3	3	3	2	2	1	2	2	4	3	2	2	3	4	2	3	2	1	5	4	5	2	5	5	2	1	1	5	3	2	4	5	1	1	2	1	5	3	1	3	4	3	5	1	4	3	3	5	5	5	2	4	5	1	1	5	3	1	4	3	4	5	3	2	2	3	4	4	3	4	1	2	1	1	3	1	4	3	1	5	5	3	1	3	4	5	2	3	1	3	1	3	4	5	4	1	3
AT5G52970	4	2	2	4	3	1	4	4	3	4	2	1	3	2	3	4	4	2	3	4	1	5	4	5	5	3	5	2	1	1	5	3	2	5	5	3	3	2	1	4	1	5	5	4	2	5	1	4	3	3	5	5	5	1	4	5	1	5	5	5	3	4	3	3	4	3	2	5	5	4	4	3	3	1	3	5	5	3	4	4	2	1	5	5	2	2	3	4	5	3	3	2	3	1	1	5	5	4	1	3
AT3G08920	4	3	2	2	3	1	4	4	1	4	2	1	3	2	5	4	4	2	3	4	5	5	4	5	5	3	4	2	1	1	5	4	3	5	3	3	5	1	1	4	5	5	5	4	3	5	1	4	3	4	2	5	5	1	4	3	3	4	1	5	3	4	5	2	3	5	5	3	5	4	4	3	1	1	3	5	5	4	4	3	4	1	2	5	2	2	5	4	3	3	3	5	3	1	1	3	5	4	1	3
AT1G72640	4	2	2	2	3	1	4	4	1	4	2	1	3	2	5	4	4	2	3	4	1	5	4	5	5	3	5	2	1	1	5	3	2	5	3	3	3	2	1	4	1	5	5	4	3	5	1	4	3	3	5	5	5	1	4	5	1	4	5	5	3	4	3	3	3	3	2	5	5	4	4	3	3	1	3	5	5	3	4	4	2	1	5	5	2	2	3	4	5	3	3	5	3	1	1	5	5	4	1	3
AT1G67840	1	1	3	3	2	3	2	2	5	2	5	4	2	4	2	3	3	5	1	2	2	3	3	4	2	1	2	5	4	4	3	2	4	4	1	1	1	3	5	5	3	1	3	1	5	3	5	1	2	5	3	1	3	2	2	4	4	1	2	3	1	5	1	4	5	1	3	2	1	2	3	4	4	5	2	1	1	1	1	1	3	2	3	4	3	1	1	3	2	2	4	1	4	4	3	4	3	1	5	1
AT5G13120	4	2	2	2	3	1	4	4	1	4	2	1	3	2	5	4	4	2	3	4	5	5	4	5	5	3	5	2	1	1	5	3	2	5	3	3	3	2	1	4	5	5	5	4	3	5	1	4	3	4	5	5	5	1	4	3	1	4	5	5	3	4	3	3	3	3	2	5	5	4	4	3	3	1	3	5	5	3	4	4	2	1	5	5	2	2	3	4	5	3	3	5	3	1	1	5	5	4	1	3
AT4G31390	5	5	4	1	5	2	1	5	2	1	4	5	4	5	4	2	2	1	1	1	4	2	1	1	4	4	3	3	3	5	3	5	1	3	2	5	2	4	3	1	2	4	3	2	1	3	5	3	2	1	3	1	3	3	2	1	5	2	4	2	2	2	2	1	2	1	3	1	4	1	5	2	5	3	4	3	2	5	5	1	1	3	4	3	1	3	2	2	4	4	2	3	1	4	4	2	4	1	2	4
AT4G24930	4	2	2	4	3	1	4	4	3	4	2	1	3	2	3	4	4	2	3	4	1	5	4	5	5	3	5	2	1	1	5	3	2	5	5	3	3	2	1	4	1	5	5	4	2	5	1	4	3	3	5	5	5	1	4	5	1	5	5	5	3	4	3	3	4	3	2	5	5	4	4	3	3	1	3	5	5	3	4	4	2	1	5	5	2	2	3	4	5	3	3	2	3	1	1	5	5	4	1	3
AT1G74710	4	2	2	4	3	1	4	4	1	4	2	1	3	2	5	4	4	2	3	4	1	5	4	5	5	3	5	2	1	1	5	3	2	5	5	3	3	2	1	4	1	5	5	4	3	5	1	4	3	3	5	5	5	1	4	5	1	5	5	5	3	4	3	3	4	3	2	5	5	4	4	3	3	1	3	5	5	3	4	4	2	1	5	5	2	2	3	4	5	3	3	5	3	1	1	5	5	4	1	3
AT4G18370	4	2	2	2	3	1	4	4	1	4	2	1	3	2	5	4	4	2	3	4	5	5	4	5	5	3	4	2	1	1	5	4	2	5	3	3	3	2	1	4	5	5	5	4	3	5	1	4	3	4	2	5	5	1	4	3	1	4	1	5	3	4	3	3	3	3	5	5	5	4	4	3	3	1	3	5	5	3	4	4	4	1	2	5	2	2	3	4	3	3	3	5	3	1	1	5	5	4	1	3
AT1G03090	3	3	2	2	3	1	4	4	1	4	1	1	3	2	5	4	4	2	3	4	5	5	4	5	5	3	4	2	1	1	5	4	3	5	3	2	5	1	1	4	5	5	4	4	3	5	1	4	3	4	2	2	1	1	4	3	3	4	1	4	3	4	5	2	3	5	5	3	5	4	4	3	1	1	3	5	5	4	4	3	4	1	2	5	2	2	5	4	3	3	3	5	3	2	1	3	5	4	1	3
AT3G55330	4	2	2	4	3	1	4	4	3	4	2	1	3	2	3	4	4	2	3	4	1	5	4	5	5	3	5	2	1	1	5	3	2	5	5	3	3	2	1	4	1	5	5	4	2	5	1	4	3	3	5	5	5	1	4	5	1	5	5	5	3	4	3	3	4	3	2	5	5	4	4	3	3	1	3	5	5	3	4	4	2	1	5	5	2	2	3	4	5	3	3	5	3	1	1	5	5	4	1	3
AT4G36810	2	5	5	5	5	5	5	3	2	5	5	3	1	1	4	1	2	4	4	3	4	1	2	1	4	2	1	4	2	2	1	1	1	2	2	4	2	3	4	1	4	3	4	2	4	1	3	2	4	5	4	4	4	3	1	1	2	2	3	2	2	5	2	5	1	4	4	1	1	3	2	2	5	4	1	3	4	5	2	2	1	5	3	4	4	4	4	1	2	4	1	4	2	4	5	2	1	5	4	1
AT1G16790	1	2	2	3	3	3	2	2	3	2	2	4	3	2	2	3	4	3	3	2	1	5	4	2	2	5	5	2	1	4	5	3	2	4	5	1	1	2	1	5	1	1	3	4	2	5	1	4	3	3	5	5	5	2	4	5	1	1	5	3	1	4	3	4	5	3	2	2	3	4	4	1	4	1	2	1	1	3	1	4	3	2	5	1	3	1	3	4	5	2	3	2	3	1	3	4	5	4	3	1
AT1G15140	4	2	2	4	3	1	4	4	3	4	2	1	3	2	3	4	4	2	3	4	1	5	4	5	5	3	5	2	1	1	5	3	2	5	5	3	3	2	1	4	1	5	5	4	2	5	1	4	3	3	5	5	5	1	4	5	1	5	5	5	3	4	3	3	4	3	2	5	5	4	4	3	3	1	3	5	5	3	4	4	2	1	5	5	2	2	3	4	5	3	3	2	3	1	1	5	5	4	1	3
AT1G31180	4	2	2	2	3	1	4	4	1	4	2	1	3	2	5	4	4	2	3	4	5	5	4	5	5	3	5	2	1	1	5	3	2	5	3	3	3	2	1	4	1	5	5	4	3	5	1	4	3	3	5	5	5	1	4	3	1	4	5	5	3	4	3	3	3	3	2	5	5	4	4	3	3	1	3	5	5	3	4	4	2	1	5	5	2	2	3	4	5	3	3	5	3	1	1	5	5	4	1	3
AT5G03455	4	2	2	2	3	1	4	4	1	4	2	1	3	2	5	4	4	2	3	4	5	5	4	5	5	3	5	2	1	1	5	3	2	5	3	3	3	2	1	4	5	5	5	4	3	5	1	4	3	4	5	5	5	1	4	3	1	4	5	5	3	4	3	3	3	3	2	5	5	4	4	3	3	1	3	5	5	3	4	4	2	1	5	5	2	2	3	4	5	3	3	5	3	1	1	5	5	4	1	3
AT5G52780	4	3	2	2	3	1	4	4	1	4	2	1	3	2	5	4	4	2	3	4	5	5	4	5	5	3	4	2	1	1	5	4	2	5	3	3	5	2	1	4	5	5	5	4	3	5	1	4	3	4	2	5	5	1	4	3	1	4	1	5	3	4	5	3	3	5	5	5	5	4	4	3	3	1	3	5	5	3	4	3	4	1	2	5	2	2	5	4	3	3	3	5	3	1	1	5	5	4	1	3
AT1G51110	4	2	2	4	3	1	3	4	3	4	2	4	3	2	3	4	4	3	3	2	1	5	4	2	2	5	5	2	1	1	5	3	2	5	5	3	3	2	1	4	1	5	3	4	2	5	1	4	3	3	5	5	5	1	4	5	1	5	5	5	3	4	3	3	4	3	2	5	3	4	4	1	3	1	2	5	1	3	4	4	2	1	5	1	3	2	3	4	5	3	3	2	3	1	1	5	5	4	3	3
AT3G25480	4	2	2	4	3	1	3	4	3	4	2	1	3	2	3	4	4	3	3	4	1	5	4	2	5	3	5	2	1	1	5	3	2	5	5	3	3	2	2	4	1	5	5	4	2	5	1	4	3	3	5	5	5	1	4	5	1	5	5	5	3	4	3	3	4	3	2	5	5	4	4	1	3	1	3	5	5	3	4	4	2	1	5	1	2	2	3	4	5	3	3	2	3	1	1	5	5	4	3	3
AT5G42765	4	2	2	2	3	1	4	4	1	4	2	1	3	2	5	4	4	2	3	4	1	5	4	5	5	3	5	2	1	1	5	3	2	5	5	3	3	2	1	4	1	5	5	4	3	5	1	4	3	3	5	5	5	1	4	5	1	4	5	5	3	4	3	3	4	3	2	5	5	4	4	3	3	1	3	5	5	3	4	4	2	1	5	5	2	2	3	4	5	3	3	5	3	1	1	5	5	4	1	3
AT1G16880	3	3	1	2	3	1	4	4	1	4	1	1	5	2	5	5	4	2	3	4	5	5	4	3	5	3	4	2	1	1	4	4	3	5	3	2	5	1	1	4	5	5	1	4	3	5	1	4	3	4	1	2	5	1	4	3	3	4	1	5	3	4	5	2	3	5	5	3	5	4	4	3	1	1	5	5	5	4	4	3	4	1	2	5	2	2	5	4	3	5	3	5	3	2	1	3	5	5	1	5
AT1G14345	3	3	1	2	3	1	4	1	1	4	1	3	3	2	5	5	4	2	3	4	5	5	4	3	5	3	4	2	1	1	4	4	3	5	3	2	5	1	1	4	5	5	4	4	3	5	1	4	3	4	1	2	1	5	4	3	3	4	1	4	3	4	5	2	3	5	5	3	5	4	4	3	1	1	5	5	5	4	4	3	4	1	2	5	4	2	5	4	3	5	3	5	3	2	1	3	5	5	1	5
AT1G66670	4	2	2	2	3	1	4	4	1	4	2	1	3	2	5	4	4	2	3	4	1	5	4	5	5	3	5	2	1	1	5	3	2	5	3	3	3	2	1	4	1	5	5	4	3	5	1	4	3	3	5	5	5	1	4	5	1	4	5	5	3	4	3	3	3	3	2	5	5	4	4	3	3	1	3	5	5	3	4	4	2	1	5	5	2	2	3	4	5	3	3	5	3	1	1	5	5	4	1	3
