826914	837265
841447	838984
818672	816936
841900	831122
818903	840006
841447	843596
839642	830101
825208	831472
820741	824699
823859	828577
820741	817646
829283	817221
821840	818069
837974	821143
822055	843810
832136	838984
820775	827830
821143	817620
824970	842985
814643	838362
843596	824699
818069	835375
823859	817272
844264	843048
831528	833471
828213	823859
843048	837974
818633	830101
843048	824699
820741	842985
825208	827830
828577	837179
829283	817272
828489	835355
829730	841652
820775	828595
822055	832070
823859	831910
822055	827921
828213	820211
841984	827001
835398	841984
844283	840006
832136	839869
831861	818343
838364	835355
844264	838455
843048	842985
837778	832057
844264	820775
824970	827001
832136	836393
816546	839869
837555	840006
838021	831151
837555	831151
841984	843596
829730	816936
816270	817620
844264	816768
824970	826914
841900	840894
843048	820176
839642	3768499
824970	818672
841843	834286
831122	822266
816768	828884
820211	831151
827564	824699
833471	831472
839869	828595
841468	841652
832247	820775
841468	836043
840006	842985
818633	844283
818899	831832
839869	831151
831528	840894
841652	816546
831122	835375
844264	840894
828489	3770591
818899	817272
831122	827830
820741	838079
833979	823859
832247	825208
818672	830157
831910	822266
820741	843596
841900	838984
828577	828595
832247	840894
838021	842985
828213	828595
822055	838984
818899	837179
818633	839433
835398	820775
841900	831861
820775	838984
825714	824699
832057	831151
828489	841900
841447	838021
831910	843810
838807	816768
829283	843596
829995	843048
832247	828884
818903	824699
837179	817646
841558	820827
820176	840894
831122	820211
828577	838021
818633	832057
831528	826914
3770591	834212
838364	831151
833979	827564
820775	827001
841843	843810
817272	835355
838672	841920
829730	835375
839642	832070
844230	843747
818069	831472
822266	840006
839642	818899
831377	3768499
823859	838455
820211	843596
841900	828213
816546	842985
818903	816768
838021	843810
828213	838455
843903	826914
831122	818069
841447	838151
824970	823831
825714	820211
825714	842985
825208	818672
824937	828213
818899	823831
821840	838021
818899	839869
818672	828577
840894	837265
829730	840006
825714	843596
3770591	818599
827830	826914
835398	830101
843048	827001
843827	827727
841900	842985
838455	834286
827830	828595
841900	828577
822055	838455
831377	832057
831122	827307
833471	838984
841447	832454
818903	833471
837179	832070
816546	835355
821143	831151
817499	818343
818903	826914
844283	838984
838455	842985
828489	818599
838364	828577
831861	821143
843596	843810
832247	827830
824524	838250
838364	825714
841843	840894
843747	838250
844264	827830
832247	839642
838364	822055
831910	824699
828577	817646
818903	825208
837555	828595
838672	824524
827001	818069
844230	839392
818899	816546
838364	826914
843810	838079
831910	842985
820211	837265
830157	840894
835398	822055
816936	835375
828489	820211
825208	831832
843596	840006
839642	831832
838851	820827
824937	831151
820741	832454
830157	818599
827307	835398
828577	824699
837778	817646
818899	842985
829995	826914
837555	818672
829995	843903
841984	835375
827830	831151
844264	829730
841447	824699
831122	827001
838984	831832
839869	830101
818899	827921
3768499	818899
827921	839869
818903	824937
824937	826914
822055	826914
828884	838079
838151	835375
818822	816768
841892	843110
841468	822055
821840	820211
821840	840894
841558	826914
841843	820211
828595	840006
827001	830101
841984	817646
823859	837179
837778	816270
832247	822055
828213	818899
831861	820041
818899	828595
820827	826914
3768499	834286
820741	840006
818633	831151
819107	818599
838364	816546
824937	837265
831377	840894
828489	832057
828489	818672
827307	826914
821143	835355
822055	824699
816546	840006
829730	826914
820741	838455
839642	831472
817221	827564
841447	835375
844283	837179
841900	822055
844264	835355
825208	837179
829283	840006
820741	818672
841892	838362
817499	844010
828489	834212
844010	820041
838807	822132
820741	816936
829283	838455
820741	826914
837179	826914
823859	843810
825208	842985
826914	840894
827921	828595
838455	844283
832136	840006
841468	839642
820176	817272
837179	831910
835375	843810
836393	818633
837179	838984
827921	832454
841843	816546
829283	823859
843048	844283
830157	817272
821143	820041
818903	837555
844343	818599
822055	839869
837179	831151
833979	821840
829283	830157
837778	818633
820741	829730
841984	838021
823859	835355
820176	841447
822055	818069
817272	838079
820741	831377
816936	828595
818599	818343
838364	824970
828577	830157
818903	831472
838984	830157
818822	831472
829283	827830
829995	837265
818822	820775
839642	838984
838364	820176
841558	835375
820041	838259
828577	831910
830754	832057
838021	828595
841558	837265
837555	827921
841900	831377
825714	827564
831528	838079
824937	832070
818903	816936
825208	843810
837778	841900
818633	829283
833471	822517
841468	839869
841652	818069
833979	822055
837555	820211
3770591	843596
822266	834286
837179	842985
841900	818343
841652	841447
831528	824699
817272	834212
818903	832070
838455	840894
837555	831832
837040	838362
829283	844010
839642	827830
825714	818672
816768	840894
816768	822517
817221	817620
841843	824699
841558	823831
827001	828577
841447	820211
829995	835431
825714	817272
841558	841468
838851	841652
820176	827830
844283	830101
829995	831151
824937	817272
832136	838021
836043	816768
829966	838250
820176	827001
816936	835355
832136	828595
827307	816936
828577	842985
837555	833979
820176	816936
843048	818672
818903	832454
837555	824699
824970	831151
824937	820775
826914	843596
843903	820827
843048	821840
832247	828595
844264	841984
826914	830101
827830	838455
837179	843810
831528	838151
823859	817646
818903	839869
820741	827564
825208	829730
829995	828577
821840	829730
831472	816936
838851	822132
818903	838151
843048	828213
843048	822055
841984	838984
835431	841447
820741	841984
831122	838079
817499	817620
831377	828213
816545	3770591
825208	839642
841900	839869
816270	3770591
816936	843810
843048	840006
827307	818899
839433	838259
827830	828884
839869	840006
820741	816546
844343	817646
816546	826914
831528	838984
838984	832454
832136	843048
828213	844283
841900	818672
830593	842830
3768499	818599
820176	825714
844343	833979
843048	835375
829995	817272
818069	828884
844230	842833
817221	840006
832136	818903
841447	830157
818822	824970
833471	824937
827001	827921
827830	834286
820176	841843
829283	827001
829995	839869
824970	838151
839566	837996
844264	829283
823859	3770591
821840	816768
836393	834212
837974	3768499
821840	831832
829730	824699
843048	831377
829283	831832
831910	828595
827921	840894
838021	830157
817646	818599
841447	820827
831528	839869
818903	835355
841652	826914
837265	831832
820741	823859
841843	825714
817499	832057
841892	838779
844264	820827
828489	837555
817221	819107
824937	3768499
818822	827830
816936	831832
842833	843747
828213	834286
832057	822266
827921	824699
818822	835398
818633	3768499
824937	816546
843048	839642
824937	842985
824524	839392
824937	822055
828577	843810
844264	828595
841900	829730
833471	820827
833471	827307
818633	831832
820775	822266
826914	828595
827921	838021
3768499	832454
841843	829730
820741	825208
841900	820211
818343	832057
820176	816546
814643	838250
827830	832070
828213	824699
837555	825208
832057	817620
841558	838851
821840	822266
841900	844010
837555	831910
838455	824699
830101	831151
829283	828213
820741	839869
832136	839642
829995	830157
822055	818672
837778	833979
824937	827921
840006	835355
828213	817272
817646	834212
843903	822517
837974	819107
831528	841652
838807	831472
825208	837265
838364	835398
818822	841984
818903	827001
838672	844230
817221	831910
838984	835375
820775	820211
833471	832070
833471	824699
828884	822132
829995	818899
829995	843810
822055	831151
817499	821143
829730	831151
828213	820775
827921	830157
825208	821840
838455	816270
820741	821143
837778	838455
838364	838455
829995	820176
817646	818343
820741	820176
833979	827921
827307	843903
832247	818903
834212	840006
837555	3768499
838364	823859
836043	822132
820775	828577
837778	817499
840006	834286
827001	837179
833979	816936
841843	838455
833979	841843
820211	832057
828489	831861
833979	840006
820176	842985
832057	827564
831528	828595
838362	838250
843095	831861
835398	824970
838455	817646
829730	839869
820775	827921
829730	843596
841843	830157
841467	816692
838984	840894
841984	830157
831377	838151
820775	843810
832454	831832
841447	817272
841984	831472
833979	838984
841984	828577
824970	831832
837265	838079
817221	820211
833471	821840
837974	818343
820211	828595
844010	839433
837179	828595
3768499	826914
841843	816936
844283	820211
822055	823831
831528	837179
838364	838021
843048	837555
818672	827564
817620	834212
828213	844010
828577	844283
841900	820775
841900	827830
832136	837265
832136	840894
822517	820827
843048	816546
816546	820211
841447	839869
841558	816936
827001	831472
822266	831832
841468	838984
830157	834212
824970	841652
841892	842833
828489	841843
841900	824937
820176	818672
818069	823831
832247	826914
844010	817646
841900	844343
828489	828577
818672	840006
844283	834286
838984	824699
818599	835355
828489	819107
817646	816936
818899	832454
842833	818316
838364	841652
844264	839642
821840	838079
835398	831472
820741	820211
818633	834212
821143	838455
840894	822266
832454	820211
831910	832454
3768499	832057
831377	839869
3768499	844010
820741	825714
841843	3770591
817221	822266
838151	830101
841843	832057
825208	843596
824770	841033
818633	843810
841033	844245
843048	837179
829995	837179
838984	816936
831122	838021
830157	832454
837974	820211
821840	824699
839642	834286
839642	822055
820741	838151
832247	829995
834212	831151
818672	842985
821840	831910
843048	825208
832247	820741
837778	821143
818822	818672
827307	838151
844283	830157
844264	827921
828577	838455
836393	831910
843596	831832
823859	839433
829283	824937
828213	841447
829283	838151
824970	827830
841843	839642
832070	830101
828577	840006
841900	817646
841447	816768
818822	828577
832136	837974
820211	816936
820176	828577
825714	832454
831122	835355
838779	842833
818822	831122
837555	828577
839642	840894
818903	841468
820741	817221
833979	830157
825714	827921
838779	844230
829995	816936
841468	826914
837555	824970
844264	841900
831377	821840
839642	837265
831528	831832
840894	831832
838021	834286
830157	826914
827921	838079
841900	823859
823859	844010
837555	817272
818822	838364
837555	818599
820176	834286
832454	835355
843596	834286
831122	826914
820827	828884
843903	823831
831528	818899
841900	824699
833471	837179
822055	817272
817221	825714
839869	838151
833471	816768
827830	816546
818672	838455
829966	838362
824937	818672
818903	841652
838151	817646
841558	838079
831910	817272
824970	838079
844264	842985
838807	826914
835398	841652
831377	828595
820775	817272
839642	820211
824937	827564
823831	820827
818822	827307
824937	830101
831472	816768
818633	817221
818633	816270
837778	841843
844264	822266
831472	822132
827001	820211
828577	834212
842833	827727
824937	825714
825208	838021
837555	838455
824970	816936
828577	835375
829995	841652
829283	844343
828489	827564
831910	834212
825208	841843
844010	838021
841652	830101
827921	840006
837974	818599
821840	832454
839869	838021
820741	839642
818903	838364
820176	820775
841843	838021
839642	827921
844343	838021
838455	837179
828489	837974
832247	818672
844378	829438
818343	820041
824970	843810
831122	831151
817221	830157
821840	832070
818903	835375
818633	827921
831472	822517
836393	838455
3768499	816936
3768499	838151
832136	835355
832247	832454
830157	830101
841652	838151
816545	817221
827307	828884
835398	840894
844264	833471
844283	817646
841468	831472
828489	833979
818633	817646
818822	840894
820775	837179
838021	3770591
816692	843110
818069	820827
820176	831910
827307	823831
841984	820775
818899	816768
838021	824699
818903	831528
838021	838079
832136	820211
832247	843903
822266	842985
829995	818822
816546	832070
827001	828595
833471	841468
817272	832454
818903	820741
817646	840006
814643	841920
822517	822132
841843	828595
843903	816768
818633	829730
825208	838455
829995	840894
837778	838021
837040	838250
844010	831910
837265	824699
835398	826914
827830	840006
832247	830101
838021	820211
838021	818599
829283	829730
825208	822055
831122	818672
827830	816768
817221	842985
820176	838984
832136	3770591
822055	830101
836393	822266
839869	830157
816768	832070
843095	3770591
844010	827564
820741	841843
818903	831151
818672	832070
831832	835355
827830	820827
844264	838364
831122	816936
824937	841984
829283	820775
829995	820741
829283	831377
818822	822517
837778	818599
829730	820775
825714	840894
843048	824937
838021	835375
839869	840894
838779	838362
844264	824970
841558	838807
818899	843810
830101	835375
827830	844283
818903	844264
831122	838984
837974	817221
818069	838151
825714	817646
833471	823831
827830	818899
816546	830157
820176	839869
829995	838984
839869	822266
839869	816768
818633	835355
827001	835375
837778	838259
833471	839869
841558	843903
833979	824699
831377	831832
827830	835375
818899	828577
838364	837265
831472	826914
820211	824699
841984	816936
838151	826914
821840	828577
843810	842985
841984	829730
831528	827001
829730	838455
831528	827830
839642	840006
825208	822266
817620	820041
844264	824937
843827	816692
832136	820176
831528	818069
838851	828884
841984	822055
820741	828213
833471	841447
832247	829730
822266	843596
840894	843810
818903	817272
832136	843810
831528	839642
818903	830101
824937	843810
823859	831832
841900	835355
832136	841984
829995	844264
818672	820211
836393	3768499
3768499	831151
832136	831151
844264	837179
831122	842985
825714	843810
820176	827921
841652	837265
829283	827564
818822	827001
831151	842985
844343	843095
832247	835398
818822	835431
839869	817272
820741	829283
827564	842985
841468	820827
827830	838021
828489	843810
814643	842833
831861	844010
822055	827830
837778	831377
822266	831151
843048	827564
820176	838079
3768499	822266
838984	828595
820775	842985
817272	835375
843095	817499
817499	817221
819107	821143
838455	816936
821143	844010
828213	837179
825714	838021
831528	844264
818899	838021
833471	831122
836393	833979
841984	818069
825714	844010
816546	843596
832070	843810
828489	823859
816545	817620
824937	824970
820741	818822
835398	817272
838021	831910
829995	838079
818633	820176
841558	828595
837974	823859
843095	818599
820775	840894
841843	820775
829730	838021
844230	841920
828489	825714
824937	828595
841447	827921
832247	837265
832454	824699
835398	837179
828577	820211
820741	830101
822055	837179
833471	825208
832454	843596
832136	837778
838455	832454
844343	3770591
841843	838984
820176	829730
829283	818343
839642	824699
3770591	835355
818899	840006
816768	838079
841652	838079
820041	827564
816270	818599
824970	843596
818903	818899
842830	817174
821840	843810
831122	832070
818672	838021
837179	816768
818672	843810
818069	826914
837778	817221
841558	818899
841468	841447
831122	841984
816546	838151
820775	818069
837974	838021
831472	832454
830157	820211
832247	827001
831528	832454
832454	837265
831377	843810
828213	830101
827921	817646
824937	831910
843048	834286
839642	837179
838021	837265
816394	837996
818069	828595
817221	3770591
835398	823831
841900	841984
838984	838079
837265	835355
821840	828213
817221	828577
843747	818316
827921	831151
831122	3768499
838151	828595
838364	831377
818633	821840
841843	827564
828213	816936
836393	841900
828489	842985
824524	828917
825208	816768
816546	835375
843048	838021
827001	841447
3768499	817646
841984	818672
831861	817221
818599	832057
837778	829283
827564	840006
823859	840006
818069	816936
827307	820827
829995	829730
831377	818672
829283	834212
820211	822266
838364	841447
831528	838364
820741	831910
837974	827564
832454	843810
831122	831472
818822	818899
836393	834286
844264	818672
831377	827830
838364	831910
841843	828213
831528	828213
827830	824699
837778	816545
833471	836043
819107	817620
838984	839869
824937	825208
829283	839642
827001	831832
832454	822266
825208	838984
837974	834212
843048	835398
818903	841558
843095	819107
835398	816546
831910	835355
817272	816936
828213	822055
816936	838079
3768499	844283
830101	827564
837555	835355
824937	838079
820176	830101
831528	822055
822055	820827
829283	837974
825208	841447
820741	831528
844264	825208
841984	838455
830101	843810
821143	818599
839642	822266
843747	841920
831151	835355
816768	826914
832247	831472
831377	818599
843048	830101
829730	831910
831861	835355
841984	820211
828489	822266
837179	824699
820775	817646
827307	831472
832136	834212
831122	833979
829966	837040
829283	837179
820741	827921
837555	817646
832070	824699
818903	820775
839869	843596
831528	831151
3770591	818343
838984	837265
831377	844283
821840	820775
841900	830157
835398	828595
841558	818822
824937	839869
843048	841447
841468	838807
828697	817176
820741	841447
817499	838259
834212	843810
844343	839433
817646	832057
824970	820775
821143	820211
838455	830101
829283	3770591
829995	820775
838779	843110
817272	827564
818903	828213
818633	837179
818633	820041
843687	839449
831472	835375
837555	830101
844264	818069
838364	843596
831528	816768
828213	838021
835398	838807
818903	841900
841447	842985
825714	822266
839642	828213
816270	827564
838984	832070
820775	840006
827307	825208
818822	820176
844264	816546
821840	838151
831861	838259
828489	832454
832247	838984
831122	831832
835398	838079
820211	835355
827830	831910
831377	832454
816270	818343
833979	834286
833979	829730
838364	844283
3768499	843596
839869	835355
831472	824699
828489	817221
844010	818343
831377	3770591
829995	828595
829995	828213
818903	831832
829730	828577
822055	828884
823859	832057
820741	832070
841468	818069
841652	832454
838021	817272
833471	828884
837555	822266
841920	837040
817646	822266
820211	834212
838851	816768
3768499	821143
818069	838807
841468	838079
833979	825714
837555	827564
839642	827001
831122	829730
821143	832057
832454	830101
3768499	838021
844010	838259
824937	843596
837778	835355
823831	822517
841984	841652
831122	837179
831472	823831
831151	843810
830101	822266
843095	832057
817272	831832
832454	816936
821840	827001
838364	828213
818822	832454
827001	818672
817646	828595
816692	827727
830754	831861
839433	818599
837778	834212
818822	830101
844010	834212
841652	828884
825208	835375
824970	835375
827830	839869
824937	831832
838455	838021
840894	820211
841984	822266
816546	822266
838021	830101
841843	832454
831377	834286
839869	832070
841558	827001
816545	817499
831861	832057
828489	818633
829995	816546
828489	817272
832136	817221
831910	817646
841652	828577
3768499	835355
838984	828884
838021	816936
842830	841919
818672	822266
841984	828213
818903	818822
831528	825208
817272	840894
829283	844283
844264	818822
844283	831151
820775	824699
818069	822517
841984	840006
816768	838151
833471	838079
831528	835375
818903	3768499
3768499	834212
831528	841984
817646	830101
841900	837974
820741	844010
818822	823831
818633	837974
843095	818343
822055	827001
844010	830157
831377	831151
834212	824699
3768499	839869
828213	817646
820176	818899
820775	816768
839642	835355
828697	821051
838851	822517
844283	832454
824970	828884
821143	827564
831377	838984
844230	838250
841558	822055
828577	843596
820176	839642
818903	843596
829995	833471
820775	818672
841843	841447
837778	823859
839433	820041
843810	824699
843048	834212
838364	830101
829283	841984
825208	827001
831122	830101
829995	828884
831861	3770591
821840	841652
827921	843596
820775	826914
828489	817620
832247	816936
829995	825208
844343	823859
841468	816936
837555	820176
822517	828884
830157	831832
843747	838362
831122	840006
828489	844010
835398	835375
832454	834212
3770591	817620
839642	818672
837555	827830
841558	824970
837555	816546
830157	828595
832247	822517
827830	840894
838807	822517
844343	821143
838455	831910
820741	838984
827001	832070
818903	841447
844283	831910
827307	824970
817272	840006
833979	820211
830157	822266
818599	831151
844264	817272
832057	838259
832136	822055
817221	838455
838079	840006
3768499	840894
841843	818672
818069	818672
841652	831472
831861	823859
817221	838259
829283	838364
827001	816768
817221	823859
841900	827921
829283	3768499
827830	827921
841900	843596
828577	840894
829966	814643
843048	826914
839392	828917
816545	831861
821840	843596
833979	818599
821657	830699
841558	820775
820211	834286
820176	837265
820741	822055
818903	820176
818903	824970
830157	827564
844264	843810
841900	828595
819107	816270
827921	838455
828213	825714
837974	817499
829283	834286
824937	835398
837555	841984
841984	835355
831910	830101
839642	838021
818672	839869
829283	825208
831472	838079
832247	841652
836043	820827
834232	829438
843810	840006
841900	817272
817221	838021
841892	841920
838151	820211
830101	816936
837555	830157
832247	824937
841900	817221
831377	825208
831122	817272
831122	841843
838984	817272
837778	827564
832247	831151
824970	818069
830101	840006
819107	820041
818899	827001
818633	831861
829283	821143
830157	843596
832136	818633
839433	816270
823859	820211
837778	818343
837555	838984
831861	831377
831377	841984
824937	817646
830754	818343
833471	828595
825208	841652
831122	817646
825714	817620
831122	816768
841558	835398
831861	825714
844010	820211
844264	831832
829283	820176
828489	843048
818672	816768
837778	839433
823831	816768
833471	838151
828577	839869
820775	831472
820741	818633
825208	832070
843903	832070
828213	828577
818899	832070
831472	840894
838672	838250
818672	827921
822055	822266
843827	843110
831528	829730
832247	820827
818903	838079
818633	842985
843048	843810
837265	842985
823859	830101
833979	825208
841920	838250
844264	844283
820741	831472
830593	841919
816545	843095
841900	834286
833979	842985
837974	838259
841900	831910
829730	827001
829283	830101
837179	816936
820775	832070
839642	816768
838021	832057
818822	838807
841843	838079
831472	838984
829730	839642
833979	837265
817467	837996
818672	840894
818822	833471
816545	832057
831528	841447
838151	822266
837778	3770591
820775	843596
838984	830101
835398	818069
827830	817646
841984	838151
816545	827564
816768	820827
821840	837179
838021	817646
836393	828213
831122	822055
818599	843596
844343	835355
836393	841843
829995	832454
844264	840006
841900	822266
838364	839642
831151	834286
820775	832454
827830	816936
821840	841984
835375	831151
832247	824699
817499	3770591
841900	816546
841984	831151
832070	828595
838151	842985
827921	831832
831528	824970
844264	826914
830101	831832
830157	831151
841892	841467
832454	842985
820775	839869
841843	827001
838364	816768
837179	832454
839869	831910
829730	834212
817221	843596
843596	842985
829283	820211
822055	838151
838984	817646
818069	830101
816546	838079
838151	832070
837179	839869
831122	820176
829966	841892
832070	837265
837555	837265
832247	838851
828595	843810
839642	842985
828577	838151
840894	834212
828489	837778
827001	830157
841558	838151
844264	838151
843048	820775
832136	824699
844010	816270
841892	827727
828213	840006
841900	821840
829730	822266
841900	838455
843048	832454
837974	843596
831122	831377
823859	827564
841468	822132
817272	818599
824970	838984
844343	818343
3768499	827001
829283	831910
832136	831861
832136	817272
827001	837265
831122	824970
832136	823859
818316	838362
829995	818903
818822	841468
832247	821840
838151	835355
817646	831151
831910	820211
842833	841920
825208	828213
828213	821143
837555	832057
831472	828577
841652	824699
841900	837555
841843	823859
820176	835355
835375	828595
820741	824970
818316	837040
827001	842985
838672	839392
825714	837179
820741	817272
841984	826914
838779	843747
829283	828595
838364	827001
827830	842985
843048	832070
844264	841447
833471	835375
833979	839642
820741	844283
824970	837179
837265	835375
819107	838259
817272	842985
818633	827564
830157	835375
844283	824699
822055	832454
3768499	831832
839642	835375
3768499	831910
822055	817646
829283	827921
841900	844283
818822	836043
832247	816546
837778	820211
837265	840006
837555	821840
827001	838984
841900	827564
822055	3768499
817620	827564
841900	825714
817221	844010
822055	841652
820211	827564
831377	837179
819107	844010
837555	822055
844343	819107
839642	830157
828489	831151
827001	817272
831528	822266
832057	820041
832136	820775
843048	833979
841984	817272
832136	827830
827921	826914
822266	843810
834212	842985
827921	843810
837179	817272
821840	822055
818822	838151
832136	827001
818672	826914
818672	831151
844264	838984
838455	835355
832136	830157
818822	826914
832136	816936
818822	843810
822517	832070
817221	3768499
837179	838151
827830	835355
838151	831832
822055	840894
831377	829730
820741	827830
835398	816768
831377	821143
843048	843596
830754	844010
832454	826914
817221	818599
818633	844343
837974	817620
836393	827564
817272	843596
824970	838021
827307	818069
822055	828577
844264	841843
829283	818672
827921	842985
841900	837179
832247	837555
818903	843048
841652	827001
838455	817272
825208	830101
825714	818343
823859	824699
839642	831151
818822	839869
827307	836043
820176	821143
825208	818899
838364	818672
820176	843810
841843	835355
824770	844245
836393	840006
833979	832057
837974	835355
841652	835375
821840	818672
839642	816936
820176	841984
833471	838807
831377	823859
827727	843110
843095	838259
820176	831151
818903	816546
828213	843596
828595	824699
818822	824937
831151	831832
835398	843810
837179	827564
816546	837265
817646	840894
841467	843827
3768499	827564
824937	827001
839642	828577
820176	817646
822055	816546
828213	840894
819107	839433
829730	837179
828489	838455
817272	820211
824970	832454
844343	817221
818633	840894
836043	838807
816546	838984
844283	839869
844283	843596
828213	827921
841558	816768
825208	831151
841447	830101
816546	830101
818672	835375
820775	838021
841558	831122
844343	816270
831528	842985
838455	837265
829283	837555
816936	831151
818672	837265
840894	827564
833979	837179
825714	831151
821143	816270
821840	841447
823831	828884
829995	822517
824699	835355
837974	831861
824937	820176
844010	835355
838672	814643
831528	816546
817272	832057
839869	832454
841984	830101
834286	842985
835398	818899
833471	841984
829995	838364
837179	840006
827921	831910
841843	827921
825208	841984
829283	841843
828489	820176
816546	817646
843048	841984
824937	821840
839642	838151
841900	833979
828577	830101
818633	840006
832136	816546
838455	831151
825208	817272
838984	826914
821840	823859
820741	827001
837974	831832
842833	837040
3768499	3770591
838807	832070
836393	827921
816768	816936
817272	834286
828595	842985
839642	816546
835398	829730
820741	837265
833979	828213
822517	826914
825208	835355
838021	840006
835431	822132
840894	835355
823859	842985
841892	844230
832136	821143
837974	3770591
837265	828595
832454	832070
818822	832070
818633	819107
828489	824937
825208	838079
841558	836043
828489	844283
841843	831910
831151	838079
841892	843827
831528	823831
838021	838151
820741	841900
829283	839869
832247	841468
828213	827001
818903	829283
830157	3770591
824970	839869
816768	822132
831377	822266
824970	822055
3770591	838259
831832	834286
816546	844283
822055	831832
820176	827564
837555	827001
844264	837265
837778	817620
818069	816768
833979	828595
823859	817620
841447	837265
818343	817620
840894	835375
832454	838079
832247	818069
821840	817272
821840	831151
844264	835398
818633	831377
827830	843596
820741	835375
844264	830101
837778	844010
838364	832454
830157	842985
816546	840894
833471	818672
820176	844283
818903	844283
827830	832454
829730	830101
828213	835355
844343	817620
827921	844283
827830	820211
833979	822266
831377	843596
829966	838672
821840	842985
838364	832070
841892	843747
832136	838151
844343	825714
818633	831910
818903	827830
829995	822055
817221	824699
831122	832454
832247	823831
831910	3770591
832070	838079
827830	838079
820176	838021
3768499	827921
817499	839433
825208	828595
818316	838250
832247	839869
818343	835355
831910	818599
841652	843810
820176	832454
831861	817646
843596	827564
824970	825208
841843	844283
831472	828595
836393	821143
822055	841447
832136	818672
843048	831832
838851	823831
831861	839433
836393	825714
838455	827564
832136	818599
818903	837265
832247	841447
821840	816936
841984	827830
820827	816936
836043	832070
820741	837179
837555	838364
824699	838079
823859	831151
836393	817646
829995	824937
820827	832070
838779	841920
835398	818672
829730	840894
835398	827830
818633	820211
838364	843810
829283	843810
828489	821143
831377	842985
823859	839869
827830	817272
832454	817646
829730	823859
831377	816546
820775	835375
834212	827564
820211	831832
820827	838079
818633	838364
828577	837265
824970	820176
825714	839433
821143	817646
827830	830157
820775	816936
832136	822266
838021	843596
827001	843810
832247	843048
820176	831472
843596	831151
841652	823831
825714	820041
829283	821840
824970	818899
832136	828577
835398	841447
838021	840894
831528	835355
832247	831122
832247	820176
830157	834286
837778	831832
841447	831832
838455	843596
823831	832070
832247	818822
832136	838455
817221	841843
833471	829730
837555	841843
838984	835355
818633	822266
826914	816936
818069	841447
827001	838079
818633	843048
838021	827564
844010	831832
832136	844010
841447	826914
825714	844283
818672	824699
829966	838779
843048	828595
820741	835355
822055	840006
820775	831151
828884	826914
830754	816270
820741	828595
833979	831377
837778	822266
841920	818316
833471	843810
830101	838079
831861	818599
824770	843491
841468	816768
839433	817620
833979	817272
824970	820827
3768499	818672
816545	818599
837778	844343
838021	835355
831472	837179
821840	830101
832136	821840
821840	818899
821143	838259
838984	843810
831861	827564
838364	838151
818903	833979
827921	827564
835398	843903
830754	839433
3770591	820211
827307	816546
832070	835375
843048	831910
818599	831832
841984	837179
841558	827307
838779	816692
818822	821840
836043	828884
832247	817272
829730	817646
838021	834212
828577	831151
816546	816936
841843	844010
832247	844264
3768499	828577
823831	838984
820775	830101
838984	840006
825714	838455
837555	831122
818899	818672
843048	817646
817174	841919
824937	838455
821143	842985
818633	825714
838851	838807
844264	833979
836393	835355
820741	3768499
841447	823831
825714	840006
840894	842985
844264	820211
838364	827921
818069	828577
821657	831888
825714	831832
818903	830157
837555	828213
829283	831861
841900	838364
828489	831377
818822	822055
839869	816936
817221	828213
832247	836043
821840	844283
844264	838079
838807	823831
833979	820775
829995	818672
831122	843810
816936	824699
838779	841467
823859	844283
3770591	827564
844283	840894
843596	835355
823859	830157
833471	827001
841468	828884
825208	820211
828577	834286
838364	820775
838455	818599
818599	840006
841920	838362
844264	834286
837555	824937
840894	843596
832136	831832
828489	830101
841843	822266
827307	841984
820741	831151
822266	816936
818069	843810
838364	829730
837974	816270
832247	828577
838984	816768
832247	818899
816546	831832
834212	830101
835375	831832
825714	834212
814643	844230
838779	818316
838364	822266
839642	828595
831472	839869
817221	818343
832247	838364
831528	820211
818899	816936
824970	830157
818899	828884
818343	827564
818633	830157
841468	828595
818599	842985
830754	819107
817272	822266
831377	816270
842833	841467
839642	818069
822266	835355
828608	839449
828489	816270
844264	830157
818899	831472
843048	827921
821051	829834
827830	838984
838779	843827
831377	835355
820741	838021
844264	822055
823859	818599
838151	824699
821840	838455
829730	828595
842833	843827
841843	818599
828489	829283
844264	843596
844283	838021
822055	820211
823859	816546
827307	816768
820775	818899
835398	839642
816546	831472
830157	831910
843903	822132
829283	838021
817272	824699
3770591	831832
818903	841843
816546	832454
838364	838079
817272	828595
832136	837179
817646	843810
838851	831472
832136	832057
821840	827830
824937	837179
818822	828595
820176	828213
830157	838151
843048	840894
816270	835355
816546	827921
833979	843596
828213	830157
822055	831472
839642	843596
830101	835355
820176	3768499
823859	834212
843048	829730
3768499	816546
828213	839869
838151	843810
820176	830157
841467	827727
826914	843810
816545	837974
818822	828884
829730	828213
841900	3768499
3768499	820211
839869	820211
829995	827307
821143	827921
838151	840006
832136	827921
837179	843596
838364	839869
833979	831910
843048	827830
832136	841843
840894	831151
828577	835355
827001	831151
817646	834286
818822	818069
837555	838079
829730	835355
832136	843596
843596	838079
821840	834212
835431	838079
837179	840894
828489	830157
839433	832057
831528	820176
818633	821143
818633	844010
829995	837555
837778	825714
843048	817221
816936	843596
844343	817499
843048	821143
833979	827830
820741	828577
841900	839642
841558	831472
830101	828595
839642	817646
836043	831472
832247	843596
820775	816546
841558	831528
837974	831377
820211	835375
829995	824699
841900	832057
822266	824699
841558	828884
838364	817272
835375	838079
832247	830157
839869	835375
841447	832070
831377	831910
837555	829730
841652	832070
817272	831151
844264	841468
817221	839433
821840	835375
819107	3770591
832057	842985
837179	822266
841984	842985
833979	838021
3768499	828595
816546	838455
831122	843596
818672	832454
837974	831910
837265	822266
824970	816546
817221	832057
827830	831832
829730	841447
837555	837974
831122	828213
818672	843596
818899	835375
828489	838021
833979	841984
832136	829730
832247	832070
818822	816936
833979	838455
843048	817272
818672	817646
841652	839869
821143	840006
818822	841447
831472	838151
833471	827830
827001	832454
829730	817272
822055	838021
839642	841447
822266	827564
843903	828884
844343	838259
844264	832454
820775	838151
816545	825714
843048	830157
818069	840894
833979	835355
827830	841447
832247	838079
829730	831832
837974	842985
844264	3768499
831377	820211
829283	838984
821840	839642
838851	818069
841843	839869
823859	838021
838455	838984
829995	838151
829966	818316
838364	816936
3770591	840006
818599	817620
833979	831832
835398	822517
832070	840894
841900	830101
837179	835375
831910	840894
818822	835375
838364	821840
816546	816768
831528	841468
828213	816546
829730	844283
835398	827001
827307	822055
831528	818822
837974	832057
841652	822517
827921	820211
834212	831832
818822	843903
818672	838079
824699	834286
833979	831861
818899	824699
841984	832070
844010	838455
828489	3768499
838364	841984
820176	840006
839433	818343
818672	844283
824937	844283
829283	816270
831528	833979
841984	816768
833471	822132
828608	843687
839869	826914
829995	831122
820775	831832
831528	838455
818903	841984
841652	818899
831472	843810
824970	841447
839869	817646
816546	827001
835398	832070
825714	835355
832136	831377
832136	830101
843048	825714
816768	828595
835355	834286
829283	832454
832070	826914
818633	3770591
818903	828595
816394	817467
837778	843095
818633	828577
820176	824699
841652	838807
841843	840006
837555	835375
843903	838807
818672	828595
831528	838021
820741	833979
818599	820211
840894	824699
831377	820176
827921	835355
840894	838079
822055	842985
829730	838151
832454	827564
841892	814643
818343	822266
838984	822266
820741	834212
817272	826914
825208	830157
829730	827830
837778	820041
827921	834212
837778	830754
817221	831151
820176	823859
843095	817221
844230	818316
839642	838455
829995	841984
833979	818672
841447	828595
837179	830101
839869	824699
827307	841468
837555	841447
837555	831377
833471	824970
833979	3770591
816546	824699
821840	840006
841558	818069
844264	821840
837179	831832
838364	818899
828577	838984
832136	844283
829966	842833
837555	843810
841652	820775
831910	840006
841984	823859
832136	832454
832136	844264
831472	837265
837555	825714
837265	843596
832454	840894
829995	831472
833979	828577
831528	820827
820211	840006
843048	816936
824937	831377
831528	843048
829995	3768499
824937	841652
838779	837040
824699	840006
843810	827564
828577	831832
833471	841652
838364	837179
818903	838984
816546	837179
3770591	820041
824937	822266
834212	820041
830157	843810
818822	822132
837974	825714
828577	817272
829283	818599
821840	831472
828595	835355
844264	837555
832454	828595
821840	835355
831122	837265
821840	838984
830157	824699
835398	838151
841892	816692
832247	833471
818903	829730
829995	832070
831151	827564
844010	827921
833979	838364
831122	835398
833471	835431
817221	821143
837265	843810
817499	818599
817646	843596
829995	827001
841652	816768
844264	828577
828489	828213
824970	831472
844264	831472
839642	820775
832136	828489
841468	837265
837778	842985
820176	844010
844283	828595
838851	835398
841468	843903
841652	840894
823831	816936
829730	838984
838151	831151
838364	825208
838021	831832
818899	830157
816545	821143
828489	831832
3768499	820775
843048	828577
832247	838151
824937	840006
839642	841652
824937	840894
824970	841984
832057	831832
817272	817646
818069	838984
835375	842985
841843	837179
831910	832057
831472	832070
816546	838021
824699	831832
828577	816936
829995	827830
818633	818672
843048	831151
822055	818899
827307	827001
831151	840006
817646	820211
829283	835355
832136	838364
818903	818069
842833	816692
825208	828577
829995	836043
843747	837040
841447	818672
831122	821840
827307	838851
818899	820827
820775	841447
825714	832057
827001	840006
841984	837265
827830	838151
824937	824699
838672	838362
831377	838455
833979	831151
837555	834212
821143	834212
843048	829283
831528	821840
827564	835355
831528	830101
820176	832070
836043	822517
835398	832454
838151	832454
841843	841984
829995	838807
843095	816270
831122	838364
841447	837179
843048	841900
827921	817272
843048	831122
835398	837265
833979	834212
818899	831151
844343	827564
833471	820775
817499	816270
843048	841843
833979	840894
831377	844010
843048	823859
818903	818672
3770591	842985
829995	824970
841984	831832
831377	838021
816270	838259
837555	821143
841843	822055
829283	824699
823859	840894
837555	3770591
841843	828577
817272	830101
839869	834286
837974	838455
838984	834286
838364	824699
829283	842985
841652	827830
831122	841652
831861	834212
838984	831910
828213	834212
816545	818343
831528	831377
831528	841843
821143	838021
830157	838079
843095	839433
829995	841468
831528	829283
827830	830101
838364	835375
831151	824699
818822	824699
831122	828595
843048	3768499
840894	830101
843048	835355
829730	3768499
831528	837265
825208	818069
833979	821143
834232	844378
820211	830101
835398	838984
828577	838079
828489	824699
836043	826914
817221	831832
831122	820775
827001	826914
840894	828595
818069	824699
844343	831832
832247	835375
818343	838259
816768	837265
823859	816270
818903	838021
816546	841447
841900	827001
844264	820176
829283	831151
841558	841652
838851	843903
844264	832070
838455	828595
3770591	822266
824970	839642
818899	820211
836393	3770591
836043	843903
821143	818343
832136	831528
838151	840894
828489	840006
841843	830101
841900	831832
841447	840006
841447	838079
824937	835375
818903	838455
838151	838079
829283	831122
837555	832070
828489	831910
820775	838079
820176	822055
844264	818899
837179	830157
818899	838984
829730	837265
833471	839642
820176	820211
818599	820041
818633	832454
844283	827564
832057	840006
828213	838151
838984	820827
841900	818599
839642	839869
833979	827001
837555	823859
830157	835355
841447	816936
829730	818899
841900	840006
841843	843596
820176	838151
816270	834212
818822	838851
824937	841843
839392	837040
820741	838364
835398	821840
827921	834286
838984	831151
820741	837555
844010	818599
832136	841900
3768499	823859
841447	843810
841900	843810
830157	817646
3770591	832057
827830	837265
837555	839642
827921	838984
844264	841652
838807	828884
825714	816270
821840	827564
3768499	837179
828489	840894
841984	816546
843095	820041
831377	830101
839642	844283
833471	816546
838079	842985
836393	818599
833979	844283
833471	822055
831122	830157
832136	844343
830157	832070
838455	840006
843048	838984
824970	817272
832247	838807
843048	838364
841984	828595
3768499	841447
844283	842985
844283	834212
820741	822266
824937	831472
841900	825208
818633	838455
829995	841843
821840	841843
831472	830101
828489	827921
841900	821143
841843	821143
818822	816546
829283	828577
822055	816768
844264	831122
838455	838151
824937	838151
818633	823859
841447	831151
825208	816936
836393	844283
832247	841558
843095	821143
831528	830157
841984	843810
844283	822266
843903	841652
819107	818343
828489	829730
818599	822266
841984	832454
825208	832454
828213	832454
824937	830157
827307	838807
820741	834286
841984	844283
827830	828577
828577	832454
816768	832454
844264	831151
824937	828577
824937	841447
829283	841900
820176	822266
838984	820211
844010	831151
821840	827921
817221	834212
840894	816936
831377	841843
844343	838455
820775	838455
841843	842985
844343	837974
824937	832454
844010	840006
817646	842985
841843	831832
829995	821840
818899	830101
835398	816936
828577	832070
844010	3770591
828489	818343
844343	840006
833979	816270
831122	838151
832247	841984
820176	838455
818672	830101
844264	827001
829283	825714
838364	842985
818633	838021
844264	816936
831910	831832
831377	837265
841468	838151
829966	843747
844264	835375
837179	838021
829995	830101
837974	843095
831377	827001
820741	835398
838455	822266
818903	822266
837778	837974
844283	817272
822055	835375
818822	841652
821143	843596
843048	837265
825208	838151
831528	835398
841558	825208
837555	820775
844264	831377
827001	816936
827001	838151
841900	832454
818672	831910
836393	831377
818069	832454
818903	831122
826914	824699
820176	821840
818633	843596
818069	838079
822055	844283
831910	831151
831122	839642
832057	843596
829283	817646
841843	838151
818899	838151
832136	820741
829283	822055
818903	820211
820741	843810
828213	837265
839642	832454
3768499	824699
820741	844264
844264	831910
831861	819107
831122	818899
839642	838079
829283	832057
816545	844010
837555	837179
817646	831832
829730	827921
822055	816936
827921	838151
841900	3770591
3768499	840006
829995	818069
841652	816936
832136	816270
829730	827564
841652	828595
830157	832057
818633	816545
822055	837265
818899	818069
817499	820041
839433	3770591
825714	823859
831377	839642
829995	835375
832454	831151
825208	840894
832247	827307
827307	838079
832247	837179
831377	822055
825714	828577
832136	831122
841468	818899
818903	827921
829730	820211
824937	834212
838672	818316
819107	834212
824970	816768
838455	834212
826914	831151
841984	840894
829283	833979
828489	820741
829730	838079
831528	843810
844343	820041
821143	3770591
829995	835398
838364	827564
839642	843810
829730	843810
839392	838250
841558	832070
829966	844230
829730	842985
820176	831832
838364	827830
814643	838779
828489	844343
822055	838079
841558	841447
818672	831832
818822	829730
841900	820176
817221	827921
816545	820041
817499	819107
837555	838151
829730	834286
833471	818069
841900	838151
820741	818899
825208	820775
844010	817620
833979	817221
838455	830157
831377	830157
844343	816545
837778	819107
833979	820176
827307	837265
825208	824699
817221	817646
824937	816768
829995	827921
837555	844010
819107	825714
839433	834212
824937	839642
837555	843596
822055	843596
837265	830101
820176	828595
831122	816546
827921	816936
825208	840006
841984	824699
839642	826914
816270	822266
839869	837265
838984	838021
817221	829730
827564	831832
841900	841843
824970	835431
837555	817221
828489	821840
820211	842985
831910	834286
829730	822055
829730	830157
833979	3768499
837555	834286
843048	838455
841468	823831
831528	820775
839869	842985
829995	841558
834212	822266
841447	831472
820176	837179
816546	818069
818672	838151
838851	836043
832057	835355
833979	832454
837555	839869
821840	828595
827001	822266
838021	832454
830699	831888
838984	838151
836393	823859
833979	830101
821143	822266
831910	843596
838364	830157
844010	817272
827921	822266
838364	818069
838364	824937
841468	820775
837778	840006
841468	822517
818899	841447
831122	838455
825714	821143
830754	844343
831528	817646
828697	829834
844283	843810
817221	835355
816270	820041
3768499	830157
841900	816270
820827	822132
827001	840894
820775	844283
831910	827564
818903	843810
837974	844010
830593	817174
824937	838021
820176	843596
841900	837265
832136	817646
3768499	838455
824970	820211
830101	842985
832247	843810
828213	838079
844343	842985
828577	826914
837555	832454
838364	840894
837555	835398
841843	827830
831151	828595
818633	818599
817646	837265
827830	837179
838151	817272
838364	831472
3768499	837265
818899	837265
832454	840006
825208	827921
818903	839642
825208	820176
831122	840894
831528	828884
831377	817221
841468	816546
824937	818899
818899	843596
821143	831832
843596	828595
820741	831122
841447	828577
831861	838455
838455	832057
835398	831151
818633	817272
827830	823831
831122	824937
825208	826914
844264	823831
823859	822266
831528	828577
844010	832057
816546	828595
844264	838021
827307	835375
837179	834212
817646	835355
830157	816936
823859	821143
841558	822517
820775	837265
841843	817646
824937	829730
838364	840006
823859	832454
843095	844010
836393	829283
818672	834212
837555	826914
821840	817646
818069	837265
834212	843596
841843	837265
835431	818899
829995	820827
825208	817646
838672	843747
844230	837040
820741	818069
827830	843810
832070	831151
3768499	838984
842833	838362
834212	835355
831528	841900
827001	817646
827307	841447
818633	817620
829995	839642
824937	816936
817620	838259
816546	843810
831528	843596
821143	839433
3768499	817272
824970	841468
831832	842985
823859	827921
816545	838259
820176	826914
831528	831122
838455	3770591
844343	822266
827921	830101
843491	844245
817221	820176
835398	836043
844343	831377
829283	816936
3768499	830101
839433	827564
844264	824699
827001	824699
832136	825714
844010	843596
818633	833979
831122	827921
829730	832454
832247	816768
824970	821840
831122	828577
832136	827564
831377	824699
832454	835375
838779	827727
833471	826914
818903	837179
833979	817646
832070	816936
821143	830157
831122	839869
843048	832057
844343	820211
827001	838455
820741	821840
838455	843810
823859	818672
841468	835431
831861	817499
835355	842985
831377	820775
817221	817272
828595	838079
838364	3768499
827307	822517
814643	843747
821840	3768499
843903	831472
824937	818069
841843	826914
837974	841843
841652	820827
841447	840894
822055	830157
817272	843810
837974	817272
831528	824937
844343	832057
816546	818672
829995	816768
835431	826914
839869	831832
836043	841652
818599	834212
818822	820827
835431	832070
832136	818343
841984	841447
840894	840006
837974	831151
838364	841843
839642	817272
832136	837555
831377	817646
837555	816936
828489	843596
814643	837040
821143	831910
816545	816270
3770591	831151
816768	843810
833979	844010
817646	824699
824970	828577
838079	831832
819107	832057
824937	827830
831528	817272
822055	835355
833471	828577
838364	828595
841843	834212
833979	818343
833471	818899
837555	842985
838364	838984
837778	843596
821840	830157
816768	830101
816936	842985
838672	837040
817272	3770591
819107	823859
838364	820211
831122	825208
835398	824699
837555	818899
820741	824937
3768499	842985
818633	837555
823859	843596
841984	827921
825714	830101
818633	824937
816545	839433
818633	824699
3768499	827830
831528	831472
831122	824699
844264	839869
841447	828884
820775	830157
831377	828577
816546	831151
844010	822266
832136	842985
818822	825208
818903	828577
829995	843596
827001	843596
827830	831472
829283	837265
829966	841920
828213	3768499
836393	817221
839642	823859
827921	837265
827830	822266
841900	816936
818672	838984
822205	818300
841468	832070
828213	822266
831528	837555
829283	816546
843810	835355
828489	816545
843903	818069
818822	837265
828577	822266
818903	821840
819107	827564
829283	822266
818903	822055
833979	837974
831122	841447
833471	832454
818343	834212
827830	818069
820775	835355
822055	820775
831528	816936
816545	834212
824970	840894
841900	838021
818903	842985
829730	818672
837555	838021
816270	817646
829995	841447
818672	835355
833471	843903
818822	838984
843048	838151
826914	838079
837179	820211
843048	839869
837974	822266
820741	830157
824970	832070
843048	844010
816546	828577
841900	834212
814643	818316
817221	820041
838455	820211
820211	843810
831528	827921
821840	825714
831861	816270
838455	839869
828213	827830
825714	3770591
824699	842985
818903	840894
838364	834212
829730	831472
818069	832070
840006	831832
841652	837179
816270	832057
817221	816270
827001	835355
843810	831832
818822	838079
828213	831910
818633	841900
828577	827564
825208	839869
828213	827564
824970	830101
816545	819107
841984	3768499
828213	838984
826914	835375
838364	831832
844264	817646
836393	837974
818903	831910
818633	841843
839642	831910
825714	818599
828213	831151
841468	835375
839869	843810
827830	818672
823831	838079
837179	837265
844343	844010
831377	818343
827307	832070
832247	831528
820741	840894
825714	830157
832136	833979
818599	827564
828884	832070
817272	837265
838455	831832
821840	826914
820741	843048
827001	839869
836393	828489
823831	822132
821840	816546
841558	833471
833471	816936
818822	839642
824937	820211
820211	838079
832057	834212
818903	831377
831861	822266
816768	835375
835398	828577
829283	840894
839869	838079
838984	843596
841984	839642
830101	843596
838455	818343
824970	824699
841892	818316
841984	838079
828213	842985
835398	830157
832136	831910
831528	827307
837265	831151
837974	820041
816546	817272
844283	831832
835375	843596
841984	818899
841652	838984
831377	817272
828577	827921
829730	818069
843048	818899
832136	829283
828489	817646
831377	834212
828884	816936
838151	816936
836043	818069
827830	827001
842833	843110
827307	841652
844283	835355
825714	831910
832136	834286
833979	816546
818903	835398
835375	824699
829730	816546
820741	820775
833471	835398
818672	831472
818069	837179
838851	841468
831472	820827
844010	842985
828213	843810
3768499	843810
835398	820827
844343	834212
838984	842985
824970	837265
3768499	825714
837778	3768499
841984	839869
818899	838079
824970	829730
841468	827830
818899	840894
824937	838984
829730	825714
830101	824699
841467	843110
822055	828595
838151	843596
831472	828884
841843	818899
833979	838151
830157	840006
818672	817272
817646	827564
827001	838021
843048	3770591
817272	832070
837974	830157
828213	818672
820741	831832
823859	818343
833979	843810
836043	823831
821143	817272
832247	824970
831528	832070
818633	828213
844264	828884
3768499	838079
844230	838362
843048	818599
828489	839433
843048	822266
837265	816936
820775	831910
828213	831832
818599	838259
818903	817646
841843	831151
821840	837265
841558	822132
831377	816936
3770591	817646
837555	840894
831861	817620
818899	826914
828595	831832
841892	837040
837974	839433
837555	844283
844343	831861
841843	3768499
831528	3768499
832136	825208
833471	837265
831377	840006
835398	828884
821840	839869
833979	839869
841652	818672
828213	826914
824970	828595
829730	832070
825208	3768499
832136	828213
832136	824937
838151	837265
828489	837179
841843	817272
830157	837265
844264	828213
829995	831528
843048	838079
829995	823831
823831	826914
837778	831861
832136	3768499
838807	820827
831377	827921
831377	825714
818633	818343
831377	827564
838364	817646
843048	824970
828489	838364
827921	837179
838021	822266
843095	817620
818069	839869
833979	824937
828489	820041
818822	837179
818672	837179
835398	841468
837974	840006
822266	828595
835431	831472
843048	820211
841900	831151
824937	823859
837974	817646
835398	839869
820176	835375
837179	835355
835398	825208
820176	834212
831528	818672
837179	838079
825208	816546
824937	835355
