826914	837265
841447	838984
818672	816936
818903	840006
841447	843596
825208	831472
820176	818300
828917	834212
837974	821143
836043	835431
822055	843810
832136	838984
820775	827830
843596	824699
818069	835375
844264	843048
829995	828917
838672	830101
844343	841843
842103	823831
843048	824699
820741	842985
825208	827830
841892	840894
828577	837179
829283	817272
841892	824937
829730	841652
827830	828917
818822	828213
820775	828595
822055	832070
827830	834212
828213	820211
841984	827001
822205	838079
844283	840006
841892	832070
844283	826914
843048	842985
839642	837996
844264	820775
818903	838672
824970	827001
843747	840006
816546	839869
837555	840006
838021	831151
841984	843596
829730	816936
816270	817620
844264	816768
824970	826914
843048	820176
821657	835320
841843	834286
831122	822266
820211	831151
827564	824699
841468	843747
839869	828595
832247	820775
827001	834212
841468	836043
840006	842985
818633	844283
831528	840894
841892	830101
841652	816546
843747	826914
831122	835375
844264	840894
824524	816651
828489	3770591
841447	818300
842103	827830
818899	817272
831122	827830
824524	834212
829995	824524
821657	817174
842103	820775
826914	818300
832247	825208
818672	830157
821840	834286
820741	843596
842103	822055
818633	818300
841900	822205
843747	818300
841900	838984
828577	828595
832247	840894
824970	843903
838021	842985
828213	828595
822055	838984
818822	822266
818899	837179
843747	822205
834212	828595
820775	838984
838807	816768
829283	843596
818300	840006
818903	824699
841558	820827
820176	840894
831122	820211
838672	827001
828577	838021
831528	826914
841892	824699
838364	831151
816768	830128
839930	841984
833979	827564
820775	827001
841843	843810
829730	835375
842103	829730
818069	831472
822266	840006
820176	843747
831377	3768499
841447	830128
820211	843596
826914	822266
841900	828213
816546	842985
818903	816768
841984	818300
838021	843810
828213	838455
831122	818069
841447	838151
844343	827921
824970	823831
818300	828595
820827	830101
825714	820211
825714	842985
825208	818672
828213	830128
832247	822205
824937	828213
821840	838021
837974	839642
818899	839869
818672	828577
840894	837265
818633	827001
843747	841447
829730	840006
825714	843596
841984	843747
827830	826914
835398	830101
843048	827001
841900	842985
844343	831151
838455	834286
816651	830101
830754	841984
827830	828595
838672	827830
841900	828577
842103	818300
841447	832454
817499	818343
841892	837265
818903	826914
844283	838984
838455	842985
828489	818599
838364	828577
843596	843810
832247	827830
835398	835431
838364	825714
840894	834286
837265	834286
844264	827830
838364	822055
838672	828917
818903	825208
835431	822205
837555	828595
844264	818300
838672	824524
827001	818069
829995	830128
838672	837179
818899	816546
838364	826914
843810	838079
820211	837265
816651	822266
816936	835375
838672	839869
821840	818300
833471	839566
843596	840006
818903	834212
838851	820827
827307	835398
828577	824699
818899	842985
829995	826914
837555	818672
841984	835375
829995	818300
841468	830101
844264	829730
841447	824699
831122	827001
838984	831832
839869	830101
818903	824937
824937	826914
841892	828595
822055	826914
838151	835375
818822	816768
818633	820775
831472	841534
821840	820211
830128	822266
821840	840894
835431	816768
841843	820211
828595	840006
818633	838079
827001	830101
830128	834286
832247	822055
824524	818069
828213	818899
841984	824524
817467	817620
818899	828595
841843	816651
820741	840006
818633	831151
838364	816546
824937	837265
828489	832057
832247	840006
822055	824699
816546	840006
829730	826914
820741	838455
841447	835375
844283	837179
825208	837179
829283	840006
828213	822205
832136	841652
825208	836043
829730	816651
817467	818343
838807	822132
829283	838455
823859	839566
842103	832454
842103	824524
831122	835431
837179	826914
838672	832454
843048	828917
825208	842985
826914	840894
827921	828595
832247	842985
832136	840006
838151	816651
820176	817272
835375	843810
818633	822055
837179	838984
827921	832454
841843	816546
843048	844283
830157	817272
821143	820041
818903	837555
822055	839869
820211	816651
833979	821840
818069	841534
829283	830157
838364	816651
841984	838021
820176	841447
822055	818069
817272	838079
837265	816651
816936	828595
841892	827001
828577	830157
818903	831472
824524	835431
838984	830157
818822	831472
818822	838672
829995	837265
818822	820775
841892	826914
838364	820176
838021	828595
839930	842985
837555	827921
825714	827564
831528	838079
818903	816936
830754	827564
825208	843810
837778	841900
818633	829283
841558	841534
837555	820211
831122	824524
844283	837265
822266	834286
830754	818672
837179	842985
841652	841447
842103	818899
831528	824699
817272	834212
818903	832070
837555	831832
829283	844010
837555	828917
816768	840894
841843	824699
841558	823831
827001	828577
841447	820211
829995	835431
825714	817272
841558	841468
820176	827830
844283	830101
835431	816936
838672	828577
838250	841534
824937	817272
832136	838021
836043	816768
820176	827001
830128	838079
828577	842985
830754	821840
837555	833979
820176	816936
818633	830754
843048	818672
818903	832454
825208	816651
837555	824699
824937	820775
826914	843596
822055	843747
843903	820827
843048	821840
841652	831832
832247	828595
844264	841984
826914	830101
837179	843810
831528	838151
839930	820176
818903	839869
820741	827564
825208	829730
830128	830101
821840	829730
831472	816936
838851	822132
818903	838151
843048	828213
843048	822055
841984	838984
835431	841447
831122	838079
817499	817620
816545	3770591
816768	816651
816270	3770591
841892	823831
843747	816651
816936	843810
843048	840006
841652	844283
839869	840006
839930	816768
839869	822205
816546	826914
842103	825208
818672	830128
831528	838984
838984	832454
832136	843048
828213	844283
841900	818672
3768499	818599
836393	818731
844343	833979
843048	835375
837555	831472
825208	822205
818822	824970
828213	843747
829730	835431
827830	834286
820176	841843
831528	824524
830128	816936
829995	839869
838672	835375
824970	838151
839566	837996
844264	829283
823859	3770591
830128	840006
821840	816768
821840	831832
829730	824699
841652	840006
817272	830128
824970	824524
829283	831832
838021	830157
831528	839869
841652	826914
3768499	816270
839642	839433
837974	818731
842103	838079
841843	825714
817221	819107
818822	827830
816936	831832
828213	834286
830754	827921
827921	824699
843747	832454
843048	830128
838364	830128
824937	816546
824937	842985
824937	822055
828577	843810
844264	828595
841900	829730
839566	838362
818633	831832
820775	822266
826914	828595
827921	838021
841843	829730
831528	836043
839930	837265
824524	832070
841900	820211
820176	816546
827830	832070
828213	824699
837555	825208
817499	839566
841558	838851
824937	816651
821840	822266
841900	844010
838455	824699
829283	828213
822055	818672
824937	818300
839642	816270
837778	833979
816768	828917
824937	827921
828213	817272
841652	817272
843903	822517
837974	819107
831528	841652
838807	831472
839433	839566
825208	837265
818822	841984
818731	817620
839930	827921
818903	827001
844264	818316
844343	834286
838984	835375
820775	820211
837555	830128
829995	818899
816936	840006
835398	824524
828213	820775
827921	830157
825208	821840
837778	838455
839930	835375
838364	838455
833979	827921
827307	843903
832247	818903
834212	840006
836043	822132
820775	828577
840006	834286
828917	843810
827001	837179
833979	816936
841843	838455
833979	841843
833979	840006
818903	818633
820176	842985
839642	838362
831528	828595
838672	839930
843747	822266
835398	824970
829730	839869
829730	843596
841843	830157
841467	816692
838984	840894
841984	830157
820775	843810
818300	830101
832454	831832
841447	817272
841984	831472
833979	838984
841984	828577
825208	834286
837265	838079
837974	818343
836393	819107
820211	828595
837179	828595
841843	816936
844283	820211
824524	822132
831528	837179
827830	843747
838364	838021
843048	837555
818672	827564
828577	844283
818822	830128
841892	818899
830101	822132
844283	838079
822517	820827
843048	816546
816546	820211
841447	839869
839930	835431
827001	831472
822266	831832
830157	834212
839930	841843
841900	824937
838672	821840
820176	818672
827001	816651
818069	823831
822205	837265
832247	834212
832247	826914
841900	844343
818672	840006
844283	834286
838984	824699
818599	835355
828489	819107
842103	834212
835431	824699
818899	832454
838364	841652
821840	838079
835398	831472
820741	820211
838672	816651
818633	834212
842103	838984
840894	822266
832454	820211
3768499	832057
818899	834286
820741	825714
835431	816546
838151	830101
825208	843596
824770	841033
818633	843810
841033	844245
843048	837179
829995	837179
838984	816936
824937	828917
830157	832454
839869	830128
821840	824699
838672	822055
824524	841447
832247	829995
818672	842985
843048	825208
844283	822205
818822	818672
844264	827921
828577	838455
843596	831832
823859	839433
829283	824937
828213	841447
832070	830101
828577	840006
837778	828577
841843	822205
839642	817620
820176	841652
841447	816768
818822	828577
818633	835375
818731	817499
820211	816936
833471	817467
820176	828577
838779	842833
818903	841892
818822	831122
837555	828577
829730	830128
833979	830157
825714	827921
836393	816270
818903	818300
832070	838250
829995	816936
818899	844283
844264	841900
841892	838151
838021	834286
837778	827921
837555	817272
818822	838364
820176	834286
843596	834286
831122	826914
820827	828884
843903	823831
831528	818899
841900	824699
822055	817272
839869	838151
827830	816546
820176	830128
818672	838455
824937	818672
818903	841652
831528	828917
817499	837996
835398	822132
824970	838079
844264	842985
818300	830128
844264	834212
842103	820176
820775	817272
835431	818300
836043	838250
823831	820827
824937	830101
831472	816768
843747	827001
829966	816692
837778	841843
844264	822266
831472	822132
828577	834212
817467	839566
829995	841892
837555	838455
824970	816936
828577	835375
829283	844343
818903	822205
844010	838021
843095	837996
841652	830101
827921	840006
837974	818599
824970	838807
821840	832454
818903	838364
820176	820775
841843	838021
844343	838021
838455	837179
828489	837974
832247	818672
844378	829438
818343	820041
823859	820041
843747	834286
829966	841467
818903	835375
834212	816651
818633	827921
843747	817272
832247	832454
841652	838151
816545	817221
827307	828884
818822	834212
841468	831472
838984	830128
818822	840894
820775	837179
816692	843110
824524	830101
818069	820827
827307	823831
841984	820775
818899	816768
826914	830128
838021	824699
818903	831528
818633	838151
832136	820211
833471	818343
822266	842985
829995	818822
837778	843048
827001	828595
831122	816651
817272	832454
830754	828577
822517	822132
843747	843596
839869	828917
817620	839566
841843	828595
818633	829730
818672	822205
829995	840894
837778	838021
832070	822132
837265	824699
827830	840006
832247	830101
838021	820211
829283	829730
825208	822055
831122	818672
827830	816768
818903	835431
818731	818599
820176	838984
822055	830101
816768	832070
843095	3770591
844010	827564
820741	841843
844264	838364
831122	816936
824937	841984
816768	834286
828577	816651
829730	820775
843048	824937
839869	840894
841558	838807
829995	841534
818899	843810
837555	824524
830101	835375
827830	844283
818903	844264
831122	838984
837974	817221
818069	838151
827830	818899
816546	830157
841892	818672
820176	839869
841892	841652
829730	824524
837555	841652
836393	839433
839869	822266
839869	816768
839930	820775
826914	834212
827001	835375
818300	843810
841558	843903
833979	824699
820176	816651
827830	835375
818899	828577
838364	837265
831472	826914
820211	824699
841984	816936
838151	826914
821840	828577
843810	842985
841984	829730
831528	827001
829730	838455
831528	827830
825208	822266
817620	820041
844264	824937
843827	816692
832136	820176
831528	818069
838851	828884
841984	822055
820741	828213
824524	818899
832247	829730
822266	843596
840894	843810
818903	817272
838672	841984
832136	843810
829995	844283
818903	830101
824937	843810
829995	844264
818672	820211
836393	3768499
823831	838250
833471	843095
822517	841534
832136	831151
844264	837179
831122	842985
825714	843810
820176	827921
833471	816545
841468	830128
818633	839869
841652	837265
829283	827564
818822	827001
831151	842985
818822	835431
841892	827830
839869	817272
831122	818300
820741	829283
841892	824524
830157	822205
827564	842985
818672	818300
841468	820827
832247	824524
837778	817272
843747	830101
822055	827830
822266	831151
843048	827564
839930	816546
820176	838079
838984	828595
820775	842985
831528	844283
817272	835375
843095	817499
828213	837179
841892	844283
819107	839642
825714	838021
831528	844264
839930	838151
825714	844010
816546	843596
828489	823859
816545	817620
824937	824970
818822	844283
822266	835375
829995	838079
818633	820176
837179	834286
842103	824699
837974	823859
824937	835431
839930	843596
828917	830128
839930	841447
820775	840894
824524	838807
829730	838021
843747	828595
824937	828595
832247	837265
838807	838250
841652	820211
832454	824699
828577	820211
818316	828917
822055	837179
832454	843596
832136	837778
838455	832454
822055	816651
841843	838984
822205	816936
820176	829730
818899	840006
816768	838079
828917	822205
841652	838079
828917	832454
829966	843110
816270	818599
818903	818899
821840	843810
831122	832070
841892	829730
818672	838021
837179	816768
820775	834286
818672	843810
818069	826914
831122	841984
816546	838151
820775	818069
831472	832454
830157	820211
832247	827001
831528	832454
841652	834286
832454	837265
839930	828213
832454	822205
831528	843747
841892	816936
835431	816651
843048	834286
816394	837996
831528	835431
817221	3770591
838672	834286
835398	823831
841900	841984
844283	838151
838984	838079
821840	828213
824937	822205
818731	820041
834212	838079
843747	839869
843747	818316
827921	831151
838151	828595
838984	834212
818633	821840
841843	827564
828213	816936
827921	822205
820775	816651
824524	828917
825208	816768
831472	830128
816546	835375
843048	838021
827001	841447
841652	830157
841984	818672
818599	832057
837778	829283
829283	841652
827564	840006
818069	816936
827307	820827
829995	829730
829283	834212
820211	822266
838364	841447
832454	843810
831122	831472
818822	818899
844264	818672
841843	828213
843747	831472
827830	824699
819107	817620
828917	816651
838151	834212
838984	839869
824937	825208
832454	822266
825208	838984
843095	819107
831910	835355
818633	816546
817272	816936
828213	822055
816936	838079
824937	838079
820176	830101
831528	822055
818822	839930
840894	830128
843048	844343
825208	841447
816546	834212
838672	838364
833471	838362
818672	828917
844264	825208
841984	838455
821143	818599
833979	841652
816936	834286
3770591	838362
841892	818069
816768	826914
832247	831472
841892	837179
831861	835355
841984	820211
839930	826914
816768	824699
831472	834212
837179	824699
838672	816546
827307	831472
822205	843810
829283	837179
820741	827921
818822	818300
818903	820775
839869	843596
3770591	818343
838984	837265
830754	838364
821840	820775
817174	831888
841900	830157
818822	820211
818903	842103
838984	816651
838672	843810
824937	839869
843048	841447
841468	838807
828697	817176
824524	816546
844264	841892
834212	843810
824970	820775
839930	838079
829995	820775
817272	827564
818903	828213
818633	837179
825208	843747
831472	835375
837555	830101
838672	838151
825208	818300
841900	816651
818822	816651
838364	843596
831528	816768
828213	838021
835398	838807
841447	842985
832247	828917
825714	822266
816546	830128
841892	831472
837778	838364
839642	817467
833471	820041
820775	840006
818822	843048
818822	820176
821840	830128
844264	816546
825208	834212
821840	838151
824937	843747
832247	838984
828577	822205
838364	834286
842103	841534
816270	818343
833979	834286
833979	829730
838364	844283
824937	839930
832247	818300
831472	824699
838672	822266
828489	817221
818069	830128
829995	828595
820176	816768
829730	828577
818633	825208
823859	832057
841468	818069
841652	832454
838021	817272
837555	822266
841920	837040
822055	828917
842103	839930
820211	834212
3768499	821143
827001	834286
818069	838807
830128	843810
841468	838079
833979	825714
831122	834286
837555	827564
831122	829730
839869	834212
841447	834212
821143	832057
832454	830101
831861	831910
824937	843596
838364	822205
823831	822517
841984	841652
831122	837179
831472	823831
831151	843810
817272	831832
832454	816936
818300	837265
821840	827001
838364	828213
818822	832454
827001	818672
816692	827727
833471	837974
818822	830101
816545	818731
825208	835375
824970	835375
827830	839869
824937	831832
838455	838021
840894	820211
841984	822266
816546	822266
844283	828917
841843	832454
839869	832070
832247	816651
816545	817499
829995	816546
843048	818300
831910	817646
841652	828577
3768499	835355
838021	816936
831122	844283
818672	822266
841984	828213
818903	818822
831528	825208
817272	840894
835431	832454
829283	844283
844264	818822
820775	824699
841984	840006
816768	838151
824524	818300
820041	838362
831528	835375
843747	832070
831528	841984
820741	844010
843095	818343
822055	827001
844010	830157
829966	843827
834212	824699
820176	818899
820775	816768
828697	821051
838851	822517
844283	832454
824524	827001
839433	837996
818903	839930
828577	843596
818300	834286
844283	835375
818903	843596
820775	818672
839433	820041
843810	824699
843048	834212
829283	841984
839930	817272
831528	842103
831528	838672
816651	834286
825208	827001
836393	832057
831122	830101
821840	841652
827921	843596
820775	826914
832247	816936
816394	839566
829995	825208
837555	820176
822517	828884
830157	831832
827001	844283
816545	838362
838672	841652
831122	840006
832454	834212
3770591	817620
837555	827830
818903	816651
841558	824970
829995	839930
837555	816546
821840	816651
827830	840894
838807	822517
828489	818731
841558	830101
839930	831832
841984	816651
827001	832070
841900	839930
827001	830128
818903	841447
827307	824970
820775	834212
838672	826914
817272	840006
833979	820211
830157	822266
843048	822205
828917	838079
844264	817272
816651	835375
843747	834212
838079	840006
841843	818672
829283	838364
817174	835320
827001	816768
842103	816936
817221	823859
841900	827921
822205	834286
841900	843596
828577	840894
843048	826914
821840	843596
824524	839869
821657	830699
838851	841534
820211	834286
820176	837265
818822	828917
818903	820176
818903	824970
828917	816936
838021	822205
830157	827564
844264	843810
838672	820775
841900	828595
819107	816270
827921	838455
828213	825714
825208	835431
818731	816270
837974	817499
829283	834286
841892	835398
837555	841984
818672	839869
841984	834286
831472	838079
832247	841652
838672	825208
836043	820827
834232	829438
843810	840006
841900	817272
832247	842103
838151	820211
841468	827001
830101	816936
837555	830157
838151	828917
843747	840894
832247	824937
831122	817272
838984	817272
837778	827564
832247	818633
818633	816651
818633	834286
824970	818069
819107	820041
818899	827001
829730	828917
837555	835431
835431	830101
830157	843596
832136	818633
839433	816270
837555	838984
831861	831377
824970	822132
825208	841652
831122	816768
818903	824524
830128	824699
841558	835398
844010	820211
837555	816768
844264	831832
824970	839930
829283	820176
818672	816768
823831	816768
828577	839869
835431	838807
820775	831472
820741	818633
825208	832070
830754	816546
828213	828577
842103	841984
818899	832070
831472	840894
818672	827921
822055	822266
843827	843110
816768	842985
841892	835375
831528	829730
818903	838079
818633	842985
818633	844264
843048	843810
837265	842985
844283	816651
844264	844283
828697	820665
830593	841919
816545	843095
818822	817272
841900	834286
833979	842985
829730	827001
837179	816936
820775	832070
830101	841534
822205	834212
817467	837996
818672	840894
816545	832057
831528	841447
838151	822266
820775	843596
838984	830101
835398	818069
841984	838151
821840	837179
824937	834286
831122	822055
842103	840894
829995	832454
844264	840006
841900	822266
831151	834286
820775	832454
827830	816936
831528	822132
821840	841984
832247	824699
817499	3770591
841900	816546
841652	843747
818822	822205
838151	842985
827921	831832
831528	824970
844264	826914
830157	831151
832454	842985
820775	839869
835431	835375
838151	818300
838364	816768
837179	832454
830754	837555
829730	834212
843596	842985
820176	824524
829283	820211
822055	838151
818069	830101
816546	838079
844264	816651
838151	832070
837179	839869
831122	820176
832070	837265
837555	837265
828595	843810
828577	838151
840894	834212
844264	838151
843048	820775
839930	840006
841468	824524
818633	839930
828213	840006
841900	821840
837179	830128
829730	822266
841900	838455
843048	832454
830754	830157
841468	822132
839930	822205
818343	839566
818731	839642
828917	840894
818822	843747
832136	817272
827001	837265
831122	824970
829995	818903
832247	821840
837555	818300
842833	841920
841652	824699
841900	837555
835375	828595
827001	842985
830754	837179
818903	828917
820741	817272
841984	826914
824970	843747
829283	828595
840894	816651
838364	827001
838672	835431
827830	842985
844264	841447
843095	839566
837265	835375
817272	842985
818672	816651
818633	827564
838807	830101
844283	824699
822055	832454
818633	827830
3768499	831910
829283	827921
841900	844283
818731	818343
832247	816546
837778	820211
837265	840006
837555	821840
827001	838984
841900	827564
841652	828917
841900	825714
816545	823859
822055	841652
824524	837179
820211	827564
818633	828917
817499	817467
837555	822055
825208	839930
827001	817272
843048	833979
841984	817272
822266	843810
824970	818300
834212	842985
837179	822205
827921	843810
837179	817272
821840	822055
818822	838151
818633	816768
818672	826914
844264	838984
832136	830157
818822	826914
828213	835375
818822	843810
822517	832070
817221	3768499
837179	838151
822055	840894
835398	816768
843048	843596
830754	844010
832454	826914
817221	818599
818633	844343
837974	817620
817272	843596
842103	837265
830754	843596
838672	818069
827307	818069
822055	828577
844264	841843
829283	818672
827921	842985
841900	837179
832247	830128
842103	826914
832247	837555
816768	822205
818903	843048
844343	843596
841652	827001
838455	817272
825208	830101
838984	828917
817272	828917
818822	839869
827307	836043
825208	818899
828917	843596
838364	818672
818300	822266
841900	841652
820176	843810
824770	844245
824970	830128
841652	835375
839869	816651
830754	834286
821840	818672
820176	841984
828213	828917
827727	843110
819107	839566
816546	834286
818903	816546
828213	843596
828595	824699
841892	822132
818822	824937
831151	831832
837179	827564
816546	837265
841467	843827
841652	824524
832070	818300
824937	827001
822055	816546
828917	824699
828213	840894
819107	839433
841892	839930
829730	837179
817272	820211
818633	840894
836043	838807
816546	838984
834212	830128
818899	822205
844283	839869
830128	837265
844283	843596
838672	840006
843048	816651
828213	827921
838672	818672
841447	830101
816546	830101
818672	835375
838672	842985
829283	837555
818672	837265
833979	837179
825714	831151
821143	816270
818316	828595
821840	841447
842103	830101
824524	816936
824937	820176
831528	816546
824524	823831
842103	818069
841892	824970
839869	832454
841984	830101
834286	842985
817272	818300
830754	832454
837179	840006
841843	827921
818822	843596
825208	841984
829283	841843
843048	841984
824937	821840
841900	833979
818633	840006
818903	830128
816546	818300
839930	840894
838455	831151
828577	830128
841984	835431
838984	826914
829730	816768
841447	822205
842833	837040
844343	817272
838807	832070
839930	837179
836393	839642
816768	816936
838672	832070
817272	834286
828595	842985
833979	828213
838021	840006
835431	822132
828608	823814
837974	3770591
837265	828595
822205	840006
844264	830128
818822	832070
822055	830128
825208	838079
841558	836043
841447	816651
826914	820211
832247	834286
831528	823831
820741	841900
841892	841447
832247	843747
828213	827001
829283	822205
824970	839869
816768	822132
824970	822055
831832	834286
816546	844283
820176	827564
837555	827001
844264	837265
818069	816768
833979	828595
823859	817620
841447	837265
818343	817620
840894	835375
832454	838079
827307	830101
841892	838984
832247	818069
821840	817272
843747	830128
835375	834286
820775	818300
827830	843596
844264	830101
837778	844010
838364	832454
830157	842985
816546	840894
820176	844283
818903	844283
827830	832454
829730	830101
839930	828917
837778	828213
831528	818300
827921	844283
842103	839869
827830	820211
833979	822266
821840	842985
839930	830101
841892	843747
844343	825714
843903	841534
818903	827830
829995	822055
831122	832454
818300	843596
832070	838079
827830	838079
820176	838021
838364	843747
817499	839433
818899	834212
838672	828595
825208	828595
832247	839869
841652	843810
820176	832454
831861	817646
843596	827564
824970	825208
841843	844283
832247	844283
835431	837265
836393	821143
822055	841447
843048	831832
820741	830754
838672	840894
838851	823831
824524	838079
824524	841534
838455	827564
834212	816936
818903	837265
832247	841447
821840	816936
818633	828595
841984	827830
818822	837555
839930	827830
836043	832070
820041	837996
838672	824937
838807	841534
841892	818300
818633	838984
844283	816768
837555	838364
823831	841534
843747	844283
820775	822205
824699	838079
842103	820827
829995	824937
820827	832070
838779	841920
838672	818300
829730	840894
818633	820211
838364	843810
829283	843810
841892	835431
828489	821143
827830	817272
818822	842985
841984	828917
843095	823859
827830	816651
844264	843747
820775	835375
830754	842985
838984	818300
828213	816651
834212	827564
820211	831832
818633	838364
828577	837265
816651	843596
818300	838079
820775	816936
832136	822266
838021	843596
827001	843810
842103	831472
832247	843048
843596	831151
822266	838079
828917	835375
829283	821840
824970	818899
832136	828577
841892	830128
832247	831122
832247	820176
830157	834286
837778	831832
829995	838672
841558	841892
838455	843596
823831	832070
832247	818822
838672	842103
832136	838455
835431	827001
837555	841843
818633	822266
826914	816936
818069	841447
827001	838079
818633	843048
844343	838364
838021	827564
829995	842103
844010	831832
832136	844010
841447	826914
820775	835431
841892	832454
818672	824699
843048	828595
833471	3770591
822055	840006
818300	824699
825208	841468
837778	822266
822205	824699
830101	838079
831122	822205
830754	838021
841468	816768
839433	817620
830128	843596
833979	817272
818633	841984
824970	820827
816545	818599
837778	844343
831472	837179
821840	830101
839930	838984
821840	818899
838984	843810
838364	838151
827921	827564
835398	843903
827001	828917
832070	835375
833471	817499
841984	837179
841558	827307
839930	830128
818822	821840
832247	817272
838021	834212
828577	831151
816546	816936
841843	844010
827830	835431
818731	819107
832247	844264
820775	830101
838984	840006
825714	838455
837555	831122
818899	818672
838672	838984
818633	825714
818300	834212
838851	838807
844264	833979
836393	833471
825714	840006
840894	842985
844264	820211
838364	827921
821657	831888
825714	831832
837555	828213
818633	843747
841900	838364
818822	822055
839869	816936
830754	834212
831528	839930
821840	844283
843747	816546
844264	838079
838807	823831
841892	839869
829995	818672
831122	843810
816936	824699
841892	822055
835431	823831
844283	840894
826914	822205
828577	834286
830128	828595
838364	820775
818731	817221
843048	843747
844264	834286
837555	824937
840894	843596
832136	831832
831528	822205
841843	822266
820741	831151
822266	816936
838364	829730
839930	843747
837974	816270
825208	838807
832247	828577
832454	834286
838984	816768
839930	834286
832247	818899
816546	831832
832454	818300
834212	830101
838364	822266
828917	840006
831472	839869
840894	822205
832247	838364
818899	816936
841984	830128
818633	830157
817272	822266
828917	834286
828489	816270
839930	816936
818899	831472
843048	827921
833471	818731
842103	816546
841892	816651
831528	816651
821051	829834
827830	838984
831377	835355
820741	838021
839433	838362
844264	822055
823859	818599
838151	824699
821840	838455
829730	828595
841892	825208
844264	843596
844283	838021
822055	820211
833471	817620
820775	818899
843747	843810
816546	831472
831122	834212
843903	822132
829283	838021
817272	824699
816546	832454
841892	827307
818069	818300
838364	838079
817272	828595
839930	818899
821840	827830
824937	837179
818822	828595
827307	841534
820176	828213
837778	831151
843048	840894
816546	827921
833979	843596
828213	830157
822055	831472
831528	830128
844264	822205
843048	829730
824524	838151
828213	839869
816651	816936
838151	843810
824524	822205
837179	828917
820176	830157
841467	827727
826914	843810
816545	837974
829730	828213
839869	820211
838151	840006
832136	827921
844283	818300
837179	843596
830754	828213
838364	839869
839930	838021
843048	827830
832136	841843
818822	818069
837555	838079
816651	842985
841892	820176
832136	843596
843596	838079
821840	834212
835431	841534
835431	838079
837179	840894
831528	820176
831122	828917
829995	837555
832247	838672
837778	825714
816936	843596
839930	818300
842103	836043
820741	828577
841558	831472
830101	828595
824524	837265
836043	831472
832247	843596
820775	816546
820211	835375
829995	824699
838851	824970
822266	824699
841558	828884
838364	817272
835375	838079
842103	822132
839869	835375
831122	842103
841447	832070
838984	822205
831377	831910
842103	828595
837555	829730
829995	822132
817272	831151
817221	839433
841652	830128
821840	835375
819107	3770591
837179	822266
841984	842985
833979	838021
816546	838455
839869	818300
831122	843596
842103	841447
818672	832454
837265	822266
838672	820176
817221	832057
826914	840006
829730	841447
831122	828213
818672	843596
818899	835375
833979	841984
822205	842985
832247	832070
818822	816936
833979	838455
818822	840006
841892	820827
817499	839642
843048	817272
841652	839869
818822	841447
831472	838151
839930	824524
827001	832454
829730	817272
822266	827564
843903	828884
844264	832454
830754	840006
820775	838151
843048	830157
830754	831151
841652	843596
818069	840894
827830	841447
832247	838079
829730	831832
816651	838079
838984	827564
830754	829283
829283	838984
838851	818069
824524	832454
838455	838984
829995	838151
838079	834286
838364	816936
833979	831832
835398	822517
832070	840894
828917	818300
837179	835375
818822	835375
838364	821840
842103	843747
824524	831472
816546	816768
821840	824524
831528	841468
828213	816546
829730	844283
831528	818822
837974	832057
841534	822132
839642	839566
827921	820211
834212	831832
835431	844283
836043	841534
818672	838079
818899	816651
824699	834286
818899	824699
821840	828917
844010	838455
828489	3768499
838364	841984
838672	818899
820176	840006
839433	818343
818672	844283
824937	844283
841984	816768
837555	839930
818633	838672
839869	826914
829995	831122
818903	841984
841652	818899
824970	841447
816546	827001
835398	832070
838672	837265
843048	825714
816768	828595
838362	837996
829283	832454
832070	826914
839642	3770591
835431	818672
828917	842985
818903	828595
816394	817467
830754	829730
841892	838079
818316	838079
818633	828577
820176	824699
841843	840006
842103	838151
837555	835375
839930	841652
838672	834212
843903	838807
818672	828595
820741	833979
840894	824699
840894	838079
822055	842985
829730	838151
832454	827564
838984	822266
838672	830128
817272	826914
829730	827830
827921	834212
837778	830754
818633	826914
829995	841984
833979	818672
841447	828595
837179	830101
822205	831832
839869	824699
827307	841468
831122	843747
837555	841447
823859	838362
816546	824699
829730	818300
821840	840006
841558	818069
844264	821840
837179	831832
838364	818899
828577	838984
837555	843810
841652	820775
816270	839566
831472	837265
837265	843596
832454	840894
829995	831472
828917	822266
833979	828577
831528	820827
820211	840006
843048	816936
824937	841652
838779	837040
824699	840006
843095	838362
843810	827564
828577	831832
838364	837179
829966	827727
818903	838984
816546	837179
821840	843747
824524	818672
3770591	820041
822205	830128
824937	822266
830157	843810
828577	817272
821840	831472
844264	837555
832454	828595
831122	837265
818903	843747
832247	839930
821840	838984
830157	824699
818903	829730
829995	832070
829283	839930
831151	827564
844010	827921
833979	838364
3770591	839566
830754	843810
817221	821143
838672	822205
837265	843810
829995	827001
841652	816768
824524	816768
844264	828577
838672	824970
821840	835431
824970	831472
844283	816936
832247	822266
844283	828595
838851	835398
841468	843903
841652	840894
829730	838984
838364	825208
838021	831832
841892	838672
834212	835375
816545	821143
816768	818300
843048	828577
832247	838151
841892	816768
843747	838151
824937	840006
824937	840894
837555	816651
842103	824970
843747	837179
835375	842985
841843	837179
824937	842103
831472	832070
816546	838021
824699	831832
828577	816936
838151	830128
829995	827830
818633	818672
843048	831151
822055	818899
819107	837996
831151	840006
841892	816546
832136	838364
818903	818069
825208	828577
829995	836043
841447	818672
831122	821840
824524	835375
827307	838851
839930	839869
820775	841447
827001	840006
819107	838362
841984	837265
832247	820211
827830	838151
824937	824699
827001	822205
833979	831151
837555	834212
843048	829283
831528	821840
831528	830101
836043	822517
838151	832454
841843	841984
829995	838807
841984	827564
831122	838364
841447	837179
841652	838021
843048	841900
827921	817272
841447	828917
843048	831122
833979	834212
844343	827564
830754	825714
817499	816270
843048	841843
816651	840006
818903	818672
827830	824524
829995	824970
833471	823859
832136	830754
841984	831832
840894	818300
839642	820041
830754	841900
830754	841843
829283	824699
841843	828577
830754	820211
839869	834286
839930	818672
838984	834286
838364	824699
829283	842985
841652	827830
831122	841652
830754	831832
837555	838672
828213	834212
816545	818343
831528	841892
841892	838807
842103	841652
841652	818300
843095	839433
829995	841468
837778	834286
827830	830101
818822	824524
841468	838250
838364	835375
818822	824699
831122	828595
822205	822266
831528	838807
830754	824699
841447	844283
838672	831472
840894	830101
831528	837265
825208	818069
838672	829730
834232	844378
843747	835375
844343	841652
828577	838079
816545	839642
831122	820775
827001	826914
840894	828595
844343	831832
832247	835375
816768	837265
823859	816270
816546	841447
844264	820176
829283	831151
822205	816651
838851	843903
818899	820211
836393	3770591
836043	843903
837555	822205
838151	840894
824524	838984
841900	831832
843747	824524
841447	840006
841447	838079
816546	816651
824937	835375
838151	838079
838364	818300
820775	838079
820176	822055
844264	818899
837179	830157
818899	838984
829730	837265
833471	839642
820176	820211
842103	821840
818633	832454
839930	843810
828213	838151
838672	816936
843810	834286
833471	837996
818633	830128
839930	832454
841447	816936
821840	822205
838672	841468
829730	818899
841900	840006
841843	843596
820176	838151
824937	841843
843095	817467
820741	838364
816651	828595
827921	834286
842103	827001
835431	820827
832136	841900
841447	843810
841900	843810
3770591	832057
827830	837265
825208	824524
827921	838984
843048	839930
827307	822132
818731	821143
844264	841652
833471	839433
821840	827564
824970	836043
820211	818300
841984	816546
827830	822205
833471	816270
843095	820041
828917	828595
838079	842985
836393	818599
833979	844283
831472	818300
843747	837265
832136	844343
838455	840006
843048	838984
832247	841892
843747	828917
843048	838364
820775	824524
844264	828917
816651	843810
841984	828595
844283	842985
838151	822205
844283	834212
820741	822266
839930	822266
824937	831472
818633	838455
821840	841843
831472	830101
818822	816546
829283	828577
837179	816651
839930	829730
822055	816768
830128	842985
844264	831122
837778	830157
824937	838151
825208	816936
841652	816651
824970	841534
841984	843810
844283	822266
828595	834286
819107	818343
841984	832454
825208	832454
828213	832454
827307	838807
820741	834286
841892	841984
841984	844283
822205	835375
827830	828577
828577	832454
816768	832454
824937	828577
824937	841447
829730	843747
820775	828917
829283	841900
820176	822266
838984	820211
844010	831151
821840	827921
840894	816936
844343	838455
841843	842985
824937	832454
837778	820741
841843	831832
829995	821840
822205	827564
818899	830101
844343	840006
824524	843810
831122	838151
832247	841984
824524	828595
820176	838455
818672	830101
844264	827001
829283	825714
838364	842985
835431	838151
818633	838021
844264	816936
841984	834212
842103	818672
838672	838079
838672	824699
844264	835375
827830	818300
837179	838021
829995	830101
838455	822266
829283	816651
835431	830128
818903	822266
822055	835431
818822	841892
820741	844343
844264	824524
844283	817272
824524	840894
822055	835375
834212	837265
818822	841652
818633	841652
841468	841534
839930	824699
843048	837265
825208	838151
822055	834212
831528	835398
837555	820775
827001	816936
827001	838151
841900	832454
833979	839930
818903	831122
826914	824699
844264	839930
820176	821840
837179	818300
818633	843596
818069	838079
822055	844283
818899	838151
816651	831832
832136	820741
818903	820211
822055	822205
820775	843747
839930	831472
828213	837265
831122	818899
817499	838362
841892	837555
829995	822205
838250	822132
837555	837179
829730	827921
818300	835375
843048	830754
822055	816936
829995	818069
841652	816936
816651	824699
829730	827564
841652	828595
822055	837265
818899	818069
842103	830128
817499	820041
839433	3770591
822205	828595
829995	835375
823831	830101
825208	840894
832247	837179
825714	828577
835431	839869
829730	820211
824937	834212
824970	816768
838455	834212
838021	816651
828213	841652
841984	840894
829283	833979
829730	838079
831528	843810
821143	3770591
829995	835398
838364	827564
829730	843810
839392	838250
841558	832070
829730	842985
820176	831832
838364	827830
836393	816545
822055	838079
839566	820041
833979	816651
818822	834286
818672	831832
818822	829730
841900	820176
835431	828595
818069	822132
816545	820041
817499	819107
837555	838151
829730	834286
817467	838362
825208	820775
838455	830157
836043	824524
833979	820176
825208	824699
838364	828917
824937	816768
820775	830128
828917	826914
843048	838672
844283	818316
837555	843596
822055	843596
837265	830101
820176	828595
831122	816546
818899	828917
827921	816936
825208	840006
818899	818300
841984	824699
843747	816936
842103	838807
839869	837265
838984	838021
822055	818300
838672	844283
827564	831832
841900	841843
824970	835431
820211	842985
829730	822055
841892	836043
829730	830157
837555	834286
843048	838455
841468	823831
831528	820775
839869	842985
834212	822266
837555	842103
841447	831472
820176	837179
830754	838455
818672	838151
838851	836043
833979	832454
837555	839869
821840	828595
827001	822266
827001	818300
838021	832454
830699	831888
838984	838151
836393	823859
843747	824699
820176	828917
838364	830157
827921	822266
836043	830101
838364	824937
837778	840006
841468	822517
818899	841447
830754	844343
828697	829834
844283	843810
843747	838984
829730	822205
841892	841534
816270	820041
820827	822132
827001	840894
820775	844283
838672	816768
818903	843810
830593	817174
841652	822205
824937	838021
820176	843596
843095	839642
832247	843810
828213	838079
844343	842985
828577	826914
837555	832454
838364	840894
827830	837179
838151	817272
818899	837265
832454	840006
825208	820176
831122	840894
841892	834212
824937	818899
818899	843596
843596	828595
841447	828577
818633	817272
818672	834286
816768	834212
831122	824937
825208	826914
841652	827921
835431	837179
828577	818300
825208	844283
816546	828595
844264	838021
841652	827564
837179	834212
817646	835355
823859	821143
841558	822517
820775	837265
824937	829730
838364	840006
816546	827564
818300	816651
818672	834212
841892	831122
837555	826914
818069	837265
834212	843596
844264	838672
835431	818899
818633	837265
826914	842985
829995	820827
838672	843747
827830	843810
826914	816651
826914	834286
832454	830128
843048	841652
824937	816936
816546	843810
830754	841652
821143	839433
839930	844283
824970	841468
831832	842985
835431	840894
820176	826914
844264	835431
831528	831122
843747	816768
844343	822266
824524	824699
818300	816936
835398	836043
829283	816936
839930	828577
844264	824699
827001	824699
832136	825714
843747	838079
818633	833979
822205	820211
829730	832454
832247	816768
827830	830128
818731	3770591
831122	828577
832136	827564
818633	816936
818731	823859
832454	835375
841652	842985
841652	834212
818903	837179
838364	839930
832247	828213
834212	834286
844343	828577
831122	839869
822055	824524
817272	822205
818899	830128
844343	820211
835398	841534
842103	835398
838455	843810
841652	822266
841468	835431
828595	838079
827307	822517
824937	818069
842103	844283
835320	831888
841447	840894
817272	843810
831528	824937
816546	818672
824524	830128
830754	817272
829995	816768
817620	838362
818899	822266
837555	843747
835431	826914
842103	835375
832070	830128
842103	816768
835431	832070
841984	841447
831122	839930
840894	840006
838364	841843
839930	822055
843747	828577
831377	817646
837555	816936
839930	816651
838151	834286
816545	816270
842103	841468
816768	843810
822055	834286
833979	844010
824937	827830
838364	828595
841843	834212
828917	820211
830128	816651
831528	834212
837555	842985
816545	839566
838364	838984
837778	843596
821840	830157
820176	822205
841843	841652
816768	830101
816936	842985
832070	841534
841447	822266
819107	823859
838364	820211
831122	825208
820827	841534
837555	818899
818633	837555
841984	827921
818633	824937
839930	828595
816545	839433
818633	824699
831528	831472
831122	824699
844264	839869
818633	818899
830128	835375
842103	832070
832136	842985
829995	834212
818822	825208
818903	828577
827001	843596
833471	819107
827830	831472
836393	817221
839642	823859
827830	822266
841900	816936
818672	838984
822205	818300
841468	832070
829995	843747
828213	822266
817620	837996
831528	837555
829283	816546
828489	816545
843903	818069
835431	818069
818822	837265
828577	822266
818903	821840
818633	841447
829283	822266
838455	822205
818903	822055
832454	816651
831122	841447
822055	820775
831528	816936
822205	843596
824970	840894
825208	830128
841900	838021
818903	842985
829730	818672
837555	838021
829995	841447
818822	838984
843048	838151
826914	838079
837179	820211
843048	839869
820741	830157
824970	832070
816546	828577
841900	834212
817221	820041
838455	820211
818343	838362
820211	843810
818343	837996
835375	840006
828213	827830
833979	822205
824699	842985
841984	822205
816546	822205
818903	840894
838364	834212
829730	831472
831122	838672
818069	832070
840006	831832
841652	837179
816270	832057
817221	816270
843747	818069
843810	831832
818822	838079
818633	841900
828577	827564
825208	839869
843747	842985
828213	827564
824970	830101
816545	819107
828213	838984
826914	835375
838364	831832
836393	837974
818633	841843
828213	831151
839869	843810
827830	818672
842103	837179
844264	842103
841447	834286
824937	824524
837179	837265
844343	844010
828577	828917
831528	841534
818903	834286
827307	832070
832247	831528
825714	830157
832136	833979
817272	837265
838455	831832
821840	826914
820741	843048
827001	839869
836393	828489
823831	822132
821840	816546
824937	820211
839930	827001
842103	835431
816768	835375
839869	838079
841892	841468
839642	818343
838984	843596
844343	828213
841984	838079
816546	828917
828213	842985
844343	830157
818633	818822
837974	820041
844283	830128
816546	817272
844283	831832
835375	843596
841892	820775
838672	841447
817499	823859
818316	816651
841892	842103
841984	818899
841652	838984
828577	827921
843048	818899
832136	829283
841892	821840
838151	816936
836043	818069
827830	827001
832136	834286
833979	816546
838672	843596
824524	826914
835375	824699
829730	816546
818672	831472
838851	841468
839930	834212
831472	820827
828213	843810
835398	820827
838984	842985
824970	837265
841984	839869
818899	838079
818899	840894
824937	838984
824937	830128
830101	824699
841467	843110
822055	828595
838151	843596
830157	840006
818672	817272
818633	822205
824524	844283
828213	818672
820741	831832
823859	818343
833979	843810
836043	823831
832247	824970
831528	832070
835431	828917
818633	828213
842103	816651
830754	822266
831122	830128
828489	839433
839930	818069
843048	822266
837265	816936
828213	831832
818731	832057
818731	839433
841843	831151
821840	837265
841558	822132
837555	840894
818899	826914
828595	831832
827564	834286
837974	839433
818822	842103
837555	844283
827921	816651
843747	818899
836393	820041
829995	816651
835398	828884
821840	839869
841652	818672
828213	826914
839930	820211
832136	828213
838151	837265
830754	833979
828213	818300
835431	834212
841843	817272
844264	828213
829995	831528
843048	838079
818633	831122
817272	816651
829995	823831
838807	820827
827921	837179
838021	822266
832247	835431
843747	835431
843095	817620
818069	839869
833979	824937
839930	821840
828489	820041
818822	837179
843747	818672
818672	837179
835398	841468
822266	828595
825208	828917
835431	831472
843048	820211
841900	831151
820176	835375
820176	834212
831528	818672
837179	838079
825208	816546
825714	834286
818300	842985
828917	837265
