835320	818599
826914	837265
838364	844010
841447	838984
836043	830157
817499	828884
835320	832057
825208	841534
825208	831472
821840	818069
820176	818300
835398	820211
837974	821143
838455	828884
836043	831832
820775	827830
821143	817620
824970	842985
818069	835375
828489	838151
844264	843048
838851	822055
843903	841447
844343	841843
844264	816270
843903	834212
843048	824699
825208	827830
828577	837179
829730	841652
818822	828213
822055	832070
819107	827001
818672	841534
827830	834212
822055	827921
841984	827001
835398	841984
832136	839869
844343	831122
828489	829995
831861	818343
834232	831910
827307	837179
818899	841534
843048	842985
837778	832057
841447	841534
844264	820775
824970	827001
816546	839869
844343	835375
837778	820775
841984	843596
816270	817620
844264	816768
824970	826914
834232	842985
843048	820176
818633	827727
836043	834286
824970	818672
841843	834286
831122	822266
844264	832057
820211	831151
827564	824699
843048	818731
832247	841534
832247	820775
827001	834212
829995	831832
836043	822055
817174	838250
818899	831832
831528	840894
841652	816546
838807	818300
831122	835375
844264	840894
834232	827001
841447	818300
842103	827830
818899	817272
831122	827830
842103	820775
826914	818300
832247	825208
818672	830157
831910	822266
821840	834286
820741	843596
842103	822055
818633	818300
841558	840894
832247	840894
824970	843903
820775	841534
831832	841534
818899	837179
841652	825714
830128	827564
835398	820775
820775	838984
825714	824699
832057	831151
831910	843810
838807	816768
829995	843048
820741	818599
841558	820827
822517	827727
820176	840894
834232	844343
831122	820211
818633	832057
831528	826914
830157	827727
844264	834232
820775	827001
841843	843810
817272	835355
827727	820211
825714	818899
829730	835375
820741	817499
842103	829730
844230	843747
841447	830128
826914	822266
816546	842985
820741	837974
841984	818300
843903	826914
831122	818069
841447	838151
831861	825208
825714	820211
844343	829730
825714	842985
825208	818672
843048	839433
818899	839869
818672	828577
818899	827727
840894	837265
825714	843596
827727	835375
831472	822266
827830	826914
831861	824699
835398	830101
839566	843810
843048	827001
844343	831151
816545	843810
842103	818300
831377	832057
831122	827307
834232	827727
837179	832070
817499	818343
844010	816768
838364	828577
843596	843810
832247	827830
817272	818343
838364	825714
831122	822517
837265	834286
844264	827830
838364	822055
824937	843903
835398	818300
844010	832454
835398	817646
828577	817646
837778	831122
838807	828577
844264	818300
838672	824524
827001	818069
829995	830128
818899	816546
838364	826914
833471	844010
820741	839433
831910	842985
820211	837265
835398	822055
828489	820211
821840	818300
843048	843903
825208	831832
820741	833471
820741	832454
830157	818599
827307	835398
833471	841843
828577	824699
837778	817646
818899	842985
829995	826914
837555	818672
818069	816270
829995	843903
841984	835375
829995	818300
839869	827564
844264	829730
841447	824699
831122	827001
839869	830101
818899	827921
827727	832057
843048	827727
827921	839869
824937	826914
819107	842985
822055	826914
838151	835375
841892	843110
818633	820775
831472	841534
821840	820211
821840	840894
816768	827564
841558	837555
824770	842830
841558	826914
841843	820211
842103	838851
827001	830101
841984	817646
828489	818300
837778	816270
814643	839642
832247	822055
834232	819107
843903	822055
816270	834286
844264	841534
844230	843827
831528	844010
818633	831151
819107	818599
837778	836043
838364	816546
824937	837265
820665	817467
834232	817221
828489	818672
832136	836043
827307	826914
841558	834212
844010	838151
835398	835320
822055	824699
833471	827727
829730	826914
820741	838455
816270	827727
841447	835375
816270	820211
825208	837179
841892	838362
844010	839869
832136	841652
827001	827564
825208	836043
828489	834212
816768	835320
838807	822132
842830	844245
836043	835375
818899	838807
828489	820775
844343	820176
841843	818343
837179	826914
825208	842985
826914	840894
832247	842985
844343	841984
820176	817272
839642	816692
843903	839869
837179	838984
830157	817272
821143	820041
837778	826914
844343	818599
822055	839869
838807	835375
833979	827727
837778	818633
820176	841447
843903	817272
822055	818069
820741	831377
818599	818343
838364	824970
828577	830157
843095	844378
834232	817272
829995	837265
844343	827727
839642	842833
838364	820176
831861	827001
841558	835375
828577	831910
838021	828595
841558	837265
837555	827921
825714	827564
824937	832070
841558	841534
838364	822517
841652	818069
837555	820211
831861	839869
822266	834286
841652	841447
842103	818899
831528	824699
817272	834212
837555	831832
825714	818672
816768	840894
816768	822517
817221	817620
827001	828577
841447	820211
825714	817272
838851	841652
838851	829730
820176	827830
822517	824699
837555	820827
824937	817272
820665	816394
836043	816768
820176	827001
816768	841534
828577	842985
843048	818672
837555	824699
824937	820775
817620	843810
843048	821840
841652	831832
844264	841984
826914	830101
831528	838151
818731	841984
825208	829730
844264	844010
829995	828577
821840	829730
844343	824937
843048	822055
817499	817620
834232	832454
816545	3770591
825714	818300
843747	816651
827830	844010
838807	820211
827307	818899
831861	835320
818343	831151
841468	828917
844343	817646
816546	826914
842103	825208
831528	838984
832136	843048
818731	843810
820176	825714
844343	833979
843048	835375
843048	831861
837555	831472
844230	842833
842103	843903
835398	844010
841447	830157
836043	827564
841558	820176
841558	827564
827830	834286
822055	841534
820176	841843
830128	816936
829995	839869
824970	838151
839566	837996
833471	831151
836393	838779
821840	816768
821840	831832
831472	827564
816768	822266
829730	824699
844010	818672
843048	831377
832136	832247
824937	841534
827921	840894
817646	818599
831528	839869
841652	826914
837265	831832
837974	818731
838151	835320
832057	824699
841843	825714
844230	816692
828489	837555
817221	819107
827727	822266
832057	822266
827921	824699
841652	818599
824937	816546
824937	842985
842830	843491
832057	837265
831122	838851
824937	822055
817272	827727
818069	834286
834232	835355
820775	822266
838364	835320
831528	836043
818343	832057
820176	816546
827830	832070
837555	825208
817499	839566
841558	838851
838151	827727
821840	822266
817499	843596
834232	818343
817620	843596
827727	843810
829995	830157
822055	818672
821840	838807
824937	818300
837778	833979
843903	827001
824937	827921
841652	817272
817646	834212
843903	822517
838851	822266
837974	819107
838807	831472
839433	839566
825208	837265
838364	835398
829730	843903
834232	820211
818731	817620
835320	834212
838455	820041
838851	820176
838672	844230
844343	834286
820775	820211
826914	832057
837555	830128
820176	818069
829995	818899
836043	841447
817499	821143
835320	843810
831861	841652
825208	821840
827307	834212
820741	821143
829995	820176
817646	818343
818731	831910
827307	843903
841984	822517
820176	822517
844378	839566
820775	828577
831861	820211
834232	837974
833979	841843
820211	832057
835398	822266
831122	836043
828489	837265
819107	818069
820176	842985
839869	832057
839642	838362
832057	827564
819107	832454
835398	824970
829730	839869
820775	827921
841843	830157
841467	816692
838984	840894
841984	830157
831377	838151
831861	818069
818300	830101
832454	831832
825208	822517
841984	828577
824970	831832
825208	834286
821840	841534
837974	818343
828884	837996
839433	838455
816270	830157
831528	837179
832136	843903
834232	820176
818672	827564
818300	841534
841900	818316
820741	817620
818822	830128
832454	832057
838851	837179
839869	822517
832136	837265
832136	840894
843048	816546
816546	820211
841447	839869
827001	831472
822266	831832
830157	834212
837778	837265
824970	841652
820176	818672
841468	839930
832247	834212
832247	826914
843048	816270
844010	817646
828489	828577
844010	837265
818069	834212
834232	830157
818599	835355
820176	818599
842103	834212
828489	841652
818899	832454
842833	818316
838364	841652
818069	827727
835398	831472
838672	816651
828489	843903
842103	838984
821143	838455
840894	822266
832454	820211
831910	832454
831377	839869
818899	834286
820741	825714
838151	830101
827307	840894
841843	832057
824770	841033
841033	844245
819107	835355
829995	837179
838984	816936
830101	834286
838364	843903
830157	832454
821840	824699
842833	816651
828489	831122
834212	841534
832247	829995
818672	842985
821840	831910
843048	825208
837778	818899
827307	838151
825208	843903
843903	834286
837778	843903
842103	834286
844264	827921
844230	816651
832136	827307
820665	829438
836043	822266
843095	828884
844264	827564
814643	816651
824970	827830
832070	830101
837778	828577
820176	841652
841447	816768
838984	822517
838364	836043
817221	841984
819107	820211
820176	828577
825714	832454
844010	818069
818069	835320
816545	838455
832247	832057
837555	828577
820741	817221
833979	830157
834232	825714
838851	839869
832247	831377
837555	824970
818069	827564
838851	830157
831528	831832
840894	831832
824970	822266
827001	838807
843903	816546
830157	826914
834232	818731
825714	816768
820176	834286
832454	835355
843596	834286
834232	844010
831122	826914
844343	818899
831528	818899
828489	818069
822055	817272
817221	825714
839869	838151
827830	816546
826914	831832
829966	838362
824937	818672
838151	817646
843048	816768
825208	835320
817499	837996
824937	822517
832136	835320
831910	817272
844264	842985
818300	830128
844264	834212
838807	826914
835398	841652
842103	820176
820775	817272
824524	818316
824937	827564
841900	838672
830128	841534
841558	842103
824937	830101
843903	830101
831472	816768
832136	835398
828489	827001
819107	820176
829966	816692
818633	816270
837778	841843
844264	822266
831472	822132
819107	841652
827001	820211
828577	834212
824937	825714
837778	827727
843903	824699
828577	835375
829995	841652
828489	827564
829730	822517
830754	822132
843095	837996
841652	830101
836043	816546
824970	838807
820176	820775
844230	843110
832247	818672
841900	838779
836043	844010
821840	832070
829966	841467
818633	827921
831472	822517
816394	829438
844343	835320
829730	827727
832247	832454
830157	830101
841652	838151
816545	817221
832070	842985
835398	840894
844264	833471
818633	817646
838984	830128
820775	837179
816692	843110
820176	831910
841984	820775
835320	834286
818899	816768
822055	827564
832136	820211
832247	843903
827307	838984
833471	818343
833471	834286
822266	842985
831861	843596
816546	832070
837778	843048
817272	832454
823831	831888
837555	822517
825208	827564
817620	839566
843903	816768
829995	840894
844264	835320
844010	831910
837265	824699
835398	826914
828489	835398
828489	832070
832247	830101
838807	827564
825208	822055
831122	818672
831122	832057
827830	816768
816270	832454
818903	835431
818731	818599
822055	830101
839869	830157
820775	832057
816768	832070
843095	3770591
844010	827564
820741	841843
818672	832070
844264	838364
824937	841984
816768	834286
837778	818599
829730	820775
839642	843110
838851	827001
843048	824937
839869	840894
844264	824970
841558	838807
820176	827727
828489	835375
835320	831151
829995	841534
831377	841652
830101	835375
837974	817221
818069	838151
825714	817646
827830	818899
839642	843827
816546	830157
820176	839869
829995	838984
836043	818300
837555	841652
839869	822266
839869	816768
826914	834212
818633	835355
827001	835375
841558	843903
831377	831832
816270	835320
827830	835375
818899	828577
838364	837265
831472	826914
820211	824699
841558	838984
838151	826914
821840	828577
837778	838151
843810	842985
841984	829730
831528	827001
831528	827830
825208	822266
844264	824937
843827	816692
832136	820176
841984	822055
831377	818899
832247	829730
827307	827564
818343	843596
832136	826914
841558	838364
832136	841984
829995	844264
844264	819107
818672	820211
841843	816270
818069	817646
838151	827564
838151	822517
822517	841534
831122	842985
825714	843810
820176	827921
3770591	828884
841652	837265
831151	842985
839566	843596
841558	837179
832247	835398
839869	817272
831122	818300
827564	842985
818069	822266
818672	818300
832136	842103
841843	818069
831861	844010
837778	817272
844010	822517
827830	832057
822055	827830
837778	831377
822266	831151
843048	827564
820775	842985
817272	835375
843095	817499
817499	817221
831528	844264
841984	818069
825714	844010
816545	817620
824937	824970
835398	817272
825208	832057
822266	835375
818633	820176
838851	817646
836393	841920
842103	824699
827307	842103
833471	817221
820775	840894
837778	842103
841447	827921
832247	837265
828489	830128
841652	820211
832454	824699
835398	837179
837179	822517
828577	820211
822055	837179
832454	843596
832136	837778
833979	835320
825208	827727
820176	829730
836043	842985
818672	822517
829966	843110
835320	822517
819107	831910
816270	818599
831122	832070
837179	816768
820775	834286
818069	826914
837778	817221
841558	818899
831122	841984
816546	838151
820775	818069
830157	820211
832247	827001
835320	817646
827307	839869
841652	834286
832454	837265
831377	843810
839930	828213
843048	834286
837555	836043
817221	3770591
818766	823899
835398	827727
818300	827564
827307	820211
831861	835375
843747	818316
820775	827564
838851	844010
838364	831377
818633	821840
828213	816936
836393	841900
827307	831832
825208	816768
831472	830128
816546	835375
827001	841447
841558	843048
818599	834286
841652	830157
841984	818672
837265	827564
831861	817221
818599	832057
828577	816768
833471	838455
831122	825714
831861	843810
827307	820827
829995	829730
831377	818672
820211	822266
838364	841447
831528	838364
843903	827830
832454	843810
831122	831472
844264	818672
824937	835320
827307	824699
816651	838362
838807	822266
827830	824699
819107	817620
824970	817646
836393	814643
838151	834212
818300	832057
824937	825208
837778	820176
827001	831832
832454	822266
843048	835398
835398	816546
831910	835355
844343	839869
830101	827564
820176	836043
820176	830101
831528	822055
840894	830128
843048	844343
825208	841447
816546	834212
844264	825208
833979	841652
818069	831832
831151	835355
844264	843903
816768	826914
818069	817272
832247	831472
831377	818599
827727	835355
843048	830101
835398	827921
830157	822517
827001	841534
831861	835355
841984	820211
833471	818599
816768	824699
828489	822266
831472	834212
837179	824699
839642	816651
826914	827727
820775	817646
827307	831472
832136	834212
832070	824699
3770591	818343
821840	820775
828577	832057
822517	834286
836043	820211
844343	824699
824937	839869
843048	841447
843048	838851
844343	839433
817646	832057
827001	835320
824970	820775
839930	838079
827727	824699
832136	831472
829995	820775
817272	827564
818633	837179
841652	844010
831472	835375
837555	830101
844264	818069
825208	818300
841900	816651
831528	816768
835398	838807
843048	818069
834232	835320
841447	842985
825714	822266
839433	817646
838984	832070
837778	838364
827307	825208
838455	839566
821840	830128
844264	816546
817646	826914
825208	834212
818731	838455
821840	838151
831122	831832
827830	831910
838364	834286
831377	832454
842103	841534
816270	818343
833979	834286
832247	818300
831472	824699
835398	834212
844264	825714
831861	831151
820176	816768
829730	828577
834232	841843
841652	832454
844010	841534
837555	822266
817646	822266
820211	834212
838851	816768
827307	830128
827001	834286
841468	838079
832136	841558
827727	831151
833979	825714
831122	834286
837555	827564
838851	838151
831122	829730
843048	822517
839869	834212
841447	834212
833471	843596
831861	831910
829730	844010
837778	835355
841984	841652
832247	844010
825714	827830
842830	841033
828489	835320
832057	843810
831122	837179
831151	843810
830101	822266
817272	831832
818300	837265
821840	827001
827001	818672
839433	818599
821143	844378
833471	837974
837778	834212
844010	834212
825208	835375
824970	835375
827830	839869
824937	831832
843048	819107
840894	820211
844343	818069
841984	822266
816546	822266
841843	832454
831377	834286
829995	838851
839869	832070
841558	827001
832247	825714
831861	818672
816545	817499
841558	827830
831861	832057
828489	818633
829995	816546
831377	818069
843048	818300
831910	817646
841652	828577
837778	832454
818672	822266
843903	827564
831528	825208
829283	844283
820775	824699
818069	822517
816768	838151
818766	821051
816545	844378
827830	827564
831528	835375
818899	832057
833471	844343
837778	841984
817646	830101
838779	824524
843095	818343
822055	827001
844010	830157
831377	831151
829966	843827
835320	842985
834212	824699
820176	818899
820775	816768
843687	829266
838851	822517
837778	827001
839433	837996
841558	822055
844343	818672
818300	834286
817221	832454
820775	818672
819107	835320
843048	834212
838364	830101
831528	842103
832136	841534
838851	827830
825208	827001
831122	830101
821840	841652
820775	826914
829995	825208
841468	816936
820827	830128
837555	820176
831861	838151
834232	831151
820176	843903
830157	831832
828489	844010
835398	835375
841558	816546
832454	834212
843903	840894
3770591	817620
837555	827830
841652	817646
838851	838984
841558	824970
837555	816546
819107	841843
832247	822517
838364	827727
828489	841558
827830	840894
838807	822517
827307	828577
841558	830101
827001	832070
827307	824970
820775	834212
833979	820211
821137	829490
830157	822266
818599	831151
821840	822517
828917	838079
844264	817272
831861	830157
832136	822055
828577	835320
817221	838455
818069	818672
827001	816768
827921	832070
818069	818599
827830	827921
842103	831832
828577	840894
843048	826914
822517	831832
833979	818599
841558	820775
838851	841534
820211	834286
820176	837265
818822	828917
828489	827830
830157	827564
837778	830101
819107	816270
818731	816270
837974	817499
838364	838807
824970	834286
824937	835398
837778	829730
816545	837996
828489	824970
841984	835355
816545	828884
829995	844010
831861	841984
818672	839869
841984	834286
827921	816768
832247	841652
841984	831910
829995	822266
832247	842103
844264	836043
818899	822517
838151	820211
839433	831151
832247	824937
831377	825208
831122	817272
837778	827564
818633	834286
824970	818069
818899	827001
818633	831861
830157	843596
839433	816270
837778	818343
837555	838984
838672	838779
831861	831377
831377	841984
841984	818343
824937	817646
825208	841652
831122	817646
831122	816768
841558	835398
817499	844378
831861	825714
844010	820211
837555	816768
844264	831832
818672	816768
837778	839433
828577	839869
820775	831472
825208	832070
843903	832070
842103	841984
818899	832070
831472	840894
818672	827921
837555	841534
822055	822266
843827	843110
816768	842985
843903	825714
834232	818599
831528	829730
819107	831151
844343	818731
818633	842985
818633	844264
843048	843810
837265	842985
843903	830157
830593	841919
816545	843095
841900	824524
833979	842985
843048	834232
834232	843810
829730	827001
817499	838455
832136	818899
825714	838151
837179	816936
820775	832070
830101	841534
841843	827727
831472	838984
828489	836043
838851	837265
818672	840894
825714	822517
831528	841447
838151	822266
838984	830101
835398	818069
827830	817646
841984	838151
821840	837179
824937	834286
838364	827307
843903	818899
838807	839869
831122	822055
818599	843596
820176	835320
844343	835355
842103	840894
831151	834286
831377	819107
821840	841984
832247	828489
832247	824699
817499	3770591
833471	831861
841984	831151
838151	842985
827921	831832
831528	824970
831377	816768
844264	826914
842103	830157
830101	831832
830157	831151
841892	841467
832454	842985
820775	839869
838151	818300
841843	827001
838364	816768
829730	834212
817221	843596
843596	842985
820741	831861
822055	838151
818069	830101
829966	839642
838151	832070
837179	839869
831122	820176
844264	818599
829966	841892
832070	837265
837555	837265
832247	838851
828577	838151
840894	834212
827001	830157
841558	838151
844010	835375
844264	838151
843048	820775
832136	824699
844010	816270
837179	830128
829730	822266
843048	832454
837974	843596
831122	831377
834232	839433
837778	831910
817272	818599
824970	838984
844343	818343
818343	839566
832136	831861
818731	842985
820176	816270
832136	817272
827001	837265
831122	824970
818316	838362
831888	822132
833471	835355
818822	841468
832247	821840
817646	831151
828577	822517
822055	835320
837555	818300
831472	828577
841652	824699
827001	842985
837778	835398
820741	817272
828489	838984
841984	826914
838779	843747
838364	827001
822517	835375
827830	842985
843048	832070
844264	841447
843095	839566
816270	831151
837179	820827
838851	835375
824970	837179
837265	835375
817272	842985
818633	827564
830157	835375
835375	841534
838807	830101
819107	817646
822055	832454
818633	827830
838851	832057
822055	817646
818731	818343
841558	834286
832247	816546
837778	820211
831861	829730
837555	821840
844343	827001
822055	841652
820211	827564
842103	835320
829730	835320
819107	844010
837555	822055
844343	819107
827001	817272
831528	822266
828489	816546
832136	820775
843048	833979
841984	817272
832136	827830
824970	818300
827307	827830
834212	842985
822517	822266
831861	842985
821840	822055
832136	827001
818672	826914
832136	830157
828489	839869
822517	832070
819107	843810
837179	838151
838151	831832
841652	831151
822055	840894
831377	829730
835398	816768
843048	843596
817221	818599
818633	844343
823899	829834
837974	817620
822055	844010
817272	843596
842103	837265
841033	843491
822055	828577
844264	841843
829995	842985
842103	826914
832247	837555
844343	843596
841652	827001
825208	830101
825714	818343
827307	836043
827727	818343
825208	818899
838364	818672
818300	822266
841843	835355
824770	844245
824970	830128
833979	832057
837974	835355
841652	835375
821840	832057
821840	818672
820176	841984
828213	828917
841558	818300
833471	833979
820176	831151
844010	840894
816546	834286
834232	841652
816270	817272
837778	822517
837179	827564
816546	837265
841467	843827
827921	830128
817646	818300
832070	818300
832136	832070
824937	827001
820176	817646
822055	816546
831377	835375
819107	839433
829730	837179
817272	820211
844343	817221
841984	844010
818633	840894
836043	838807
838851	827727
844010	832070
841558	816768
844010	828577
841447	830101
816546	830101
818672	835375
816768	820211
841558	831122
844343	816270
832247	817646
818672	837265
840894	827564
825714	831151
821840	841447
839433	830157
842103	830101
829995	822517
837974	831861
824937	820176
828577	827727
838672	814643
831528	816546
817272	832057
825208	844010
842103	818069
839869	832454
841984	830101
834286	842985
817272	818300
837555	835320
835398	818899
828489	841447
820775	822517
833471	841984
829995	838364
827921	831910
818069	830157
825208	841984
843827	816651
828489	820176
816546	817646
843048	841984
824937	821840
828577	830101
816546	822517
816546	818300
832136	816546
825208	817272
838984	826914
829730	816768
829995	827564
834232	818069
837778	833471
822517	842985
820775	838807
844343	817272
838807	832070
817272	834286
835398	829730
825714	816546
822517	827564
822517	826914
833979	839433
832136	822517
818766	829834
838151	832057
837974	3770591
841447	835320
818731	835355
822205	840006
827727	837265
844010	824699
818633	819107
832136	818069
828489	824937
835320	820211
831122	841534
836043	828577
841558	836043
841843	831910
826914	820211
832247	834286
841892	843827
832136	829995
824970	839869
831377	822266
824970	822055
844010	835320
831832	834286
841558	824699
822055	831832
820176	827564
837555	827001
844264	837265
818069	816768
816546	832057
841447	837265
818343	817620
840894	835375
827307	830101
818731	830157
832247	818069
821840	817272
844264	835398
818633	831377
835375	834286
837555	838851
820775	818300
840894	841534
843903	820211
844264	830101
837778	844010
838364	832454
830157	842985
838364	838851
816546	840894
829730	832057
829730	830101
838455	817620
839930	828917
831528	818300
827307	818672
842103	839869
827830	820211
833979	822266
831377	843596
821840	842985
839433	834286
838364	832070
839642	818316
832136	838151
844343	825714
843903	841534
818633	831910
838851	834212
829995	822055
841984	835320
835320	822266
831122	832454
831861	817272
831861	841843
828489	842103
817499	839433
832136	818300
818899	834212
827830	841534
827307	822266
832247	839869
818343	835355
831910	818599
841652	843810
820176	832454
831861	817646
838807	834212
831861	816768
824970	825208
822055	841447
837778	824970
832136	818672
843048	831832
831861	839433
831377	839433
832247	841447
829995	818633
841984	827830
825714	827001
820827	816936
836043	832070
820041	837996
838807	841534
841467	816651
837555	838364
828577	818599
829995	824937
820827	832070
838779	841920
835398	818672
829730	840894
820827	840894
835398	827830
831377	842985
827830	817272
841558	830128
832454	817646
844343	835398
831377	816546
820775	835375
838851	818899
838984	818300
825714	827727
834212	827564
820211	831832
814930	821483
828577	837265
824970	820176
841447	822517
825714	839433
838851	824699
827830	830157
832136	822266
828489	826914
831861	822055
842103	831472
832247	843048
820176	831472
843596	831151
824970	818899
832136	828577
835398	841447
832247	831122
843903	832057
832247	820176
830157	834286
837778	831832
841447	831832
838455	843596
844264	844343
817221	841843
836043	820775
822517	834212
829995	820211
831861	820176
818633	822266
818069	841447
818633	843048
844343	838364
829995	842103
828489	838851
844010	831832
832136	844010
841447	826914
818672	824699
825714	826914
820741	835355
818300	824699
841558	844010
833979	831377
837778	822266
833471	843810
841900	843747
831861	818599
836043	817646
829966	816651
838984	841534
824770	843491
839433	817620
833979	817272
822517	818300
827307	820176
818633	841984
837778	844343
831472	837179
821840	830101
832136	821840
821840	818899
844343	838151
827001	832057
828489	831528
825714	818069
838364	838151
827921	827564
835398	843903
818069	832057
843903	817646
827307	816546
832070	835375
843048	831910
841558	827307
832247	817272
829730	817646
841843	844010
838807	838151
818731	819107
832247	844264
820775	830101
841900	844230
837555	831122
818899	818672
843048	817646
844264	827727
816546	841534
818633	825714
818300	834212
838851	838807
844264	833979
844343	831910
831122	827727
844264	820211
838364	827921
818069	828577
837778	818069
838851	820775
825714	831832
831377	835320
822517	817646
832247	831832
837555	838807
837778	824937
817646	835375
832247	836043
842103	820211
818899	827564
829995	818672
832070	834212
844010	841447
823859	844283
843596	835355
833471	827001
825208	820211
828577	834286
841984	816270
838364	820775
837974	832454
818731	817221
820741	816545
844264	834286
837555	824937
832136	831832
828489	830101
841843	822266
841447	838807
820741	831151
818069	843810
838364	829730
837974	816270
825208	838807
832247	828577
832454	834286
832247	818899
816546	831832
834212	830101
835375	831832
825714	834212
814643	844230
838364	822266
816768	832057
831472	839869
817221	818343
832247	838364
831528	820211
824970	830157
838151	841534
843903	838984
818633	830157
818599	842985
817272	822266
831377	816270
842103	828577
842833	841467
834232	833471
820176	841534
844264	830157
832136	827727
818899	831472
833471	818731
842103	816546
835398	831377
821051	829834
827830	838984
837778	838851
831377	835355
844264	822055
838151	824699
833471	835320
828884	820041
838851	840894
842833	843827
841843	818599
839642	841467
844283	838021
822055	820211
833471	817620
827307	816768
820775	818899
835398	832057
816546	831472
825714	835375
838851	821840
830157	831910
831122	834212
829283	838021
817272	824699
818069	843596
816546	832454
818069	818300
832136	837179
830157	818300
817646	843810
838851	831472
832136	832057
814643	824524
821840	827830
824937	837179
827307	841534
838807	824699
837778	831151
831910	827727
830157	838151
816270	835355
816546	827921
838807	838984
833979	843596
824937	838851
822055	831472
827727	843596
835320	831832
831528	830128
843048	829730
820741	3770591
841467	818316
820176	830157
816545	837974
821143	839566
839869	820211
838851	818672
835398	831832
829995	827307
832136	827921
828489	818899
838364	839869
833979	831910
843048	827830
827001	831151
817646	834286
816270	842985
836043	834212
816692	816651
832136	838807
821840	834212
837179	840894
839433	832057
831528	820176
838851	827564
824524	841920
818633	844010
844343	832454
829995	837555
837778	825714
832057	830101
841558	828577
839642	844230
842103	836043
841900	839642
841558	831472
832247	837778
836043	831472
820775	816546
841558	831528
837974	831377
820211	835375
829995	824699
838851	824970
822266	824699
828489	820827
838364	817272
817221	839566
832247	830157
839869	835375
831122	842103
841447	832070
831377	831910
837555	829730
841652	832070
817272	831151
817221	839433
821840	835375
832057	842985
837778	835375
841468	828213
837179	822266
841984	842985
843903	831832
839869	818300
842103	841447
818672	832454
835320	832454
841984	839433
838851	818300
837265	822266
824970	816546
828489	827307
841984	818599
829730	836043
817221	832057
827830	831832
829730	841447
818672	838807
837778	818300
818899	835375
841558	829730
833979	841984
837778	827830
832136	829730
841652	827727
832247	832070
818822	816936
820741	834232
843048	817272
818672	817646
841652	839869
831472	838151
820741	819107
827001	832454
829730	817272
843903	844010
838851	842985
841558	821840
816546	838807
822266	827564
844264	832454
820775	838151
832247	827921
843048	830157
841652	843596
818069	840894
831861	832454
833979	835355
827830	841447
834232	817620
829730	831832
844343	816768
831377	820211
838984	827564
838851	818069
823859	838021
829995	838151
820741	837996
828489	844264
829966	818316
835398	822517
832070	840894
827307	821840
838851	816546
837179	835375
824970	827921
838364	821840
837778	844264
816546	816768
835398	827001
827307	822055
841467	838362
838455	837996
841534	822132
841652	822517
834212	831832
833471	825714
836043	841534
824699	834286
831472	827921
833979	831861
818899	824699
837974	843810
838364	841984
830754	823831
839433	818343
837778	839869
841984	816768
839869	826914
829995	831122
820775	831832
841652	818899
824970	841447
824970	835320
839869	817646
816546	827001
835398	832070
825714	835355
832136	831377
832136	830101
843048	825714
835355	834286
832070	826914
816394	817467
832454	827727
834232	834286
818633	828577
844264	838807
820176	824699
842103	838151
837555	835375
838851	835320
843903	838807
820741	833979
818599	820211
840894	824699
831377	820176
820741	843095
822055	842985
829730	838151
817272	826914
825208	830157
829730	827830
827921	834212
837778	841652
817221	831151
843095	817221
844230	818316
829995	841984
837179	830101
839869	824699
837555	841447
816546	824699
829730	818300
841558	818069
844264	821840
837179	831832
838364	818899
828577	838984
829966	842833
841652	820775
832136	832454
832136	844264
824699	841534
819107	827727
831472	837265
839433	832454
829995	831472
831528	820827
829995	835320
833471	831910
835320	840894
824937	831377
844264	831861
824937	841652
828577	831832
833471	841652
838364	837179
816546	837179
838851	841984
816768	827727
3770591	820041
844378	3770591
824937	822266
830157	843810
828577	817272
821840	831472
844264	837555
831122	837265
841843	817620
821840	838984
830157	824699
835398	838151
841892	816692
829995	832070
844010	827921
820211	841534
3770591	839566
831122	835398
816768	831832
816270	843596
817221	821143
843903	835375
827001	818599
817646	843596
829995	827001
839869	841534
841652	816768
841984	827727
844264	828577
841652	832057
824970	831472
820775	844010
832247	822266
837555	818069
844264	831472
832136	828489
837778	842985
820176	844010
844283	828595
838851	835398
824970	822517
841652	840894
838364	825208
818599	843810
818633	834232
834212	835375
831861	827727
818899	830157
816545	821143
843903	838151
816768	818300
828489	831832
843048	828577
832247	838151
822517	817272
824937	840894
830754	831888
824970	841984
832057	831832
817272	817646
836043	818672
842103	824970
822517	830101
835375	842985
824937	842103
831910	832057
831472	832070
824699	831832
843048	842103
829995	827830
843048	831151
822517	820211
822055	818899
827727	831832
817646	820211
841984	843903
832136	838364
842833	816692
825208	828577
829995	836043
818633	824970
841447	818672
831122	821840
827307	838851
841652	816270
820775	841447
828489	831472
825714	832057
819107	834286
841984	837265
838807	831832
832247	820211
827830	838151
831528	838851
824937	824699
833979	831151
837555	834212
837778	835320
831528	821840
844230	841467
831528	830101
820176	832070
837778	821840
836043	822517
835398	832454
838151	832454
841843	841984
829995	838807
841984	827564
831122	838364
841447	837179
843048	836043
841843	835320
843048	831122
835398	837265
844343	837265
841984	825714
843048	841843
832247	831861
831377	844010
844343	816546
838455	844378
841558	844264
829995	824970
841984	831832
840894	818300
820741	818343
835320	826914
838807	830128
835320	832070
837555	843903
837974	837996
844343	822055
817272	830101
818731	843596
839869	834286
837974	838455
836043	840894
838364	824699
841652	827830
819107	817272
831122	841652
821840	844010
831861	834212
838851	841447
816545	818343
827727	830101
818343	843810
831861	831832
822517	832057
842103	841652
841652	818300
843095	839433
837778	834286
827830	830101
833979	818731
838364	835375
832247	827564
844010	834286
831910	818300
831528	838807
831528	843903
840894	830101
843048	835355
831528	837265
825208	818069
820741	827727
820211	830101
844343	841652
828489	824699
836043	826914
844343	825208
841558	831832
831122	820775
827001	826914
818069	824699
844343	831832
832247	835375
816768	837265
817620	835355
824970	827564
816546	841447
844264	820176
841558	841652
838851	843903
844264	832070
818899	820211
836043	843903
821143	818343
832136	831528
838151	840894
838851	817272
817221	843810
843747	824524
834232	816270
824937	835375
818599	827727
837555	832070
838364	818300
820176	822055
844264	818899
829730	837265
820176	820211
827921	835375
832070	820211
835398	842985
842103	821840
818633	832454
822055	838807
3770591	837996
832070	827564
838984	820827
820741	818731
843810	834286
828489	816768
817499	843810
833979	827001
830157	835355
832247	827727
820741	839566
829730	818899
841558	830157
841843	843596
835320	827564
820176	838151
842103	842985
832136	835375
816270	843810
843903	837265
818731	832454
835398	821840
841447	817646
842103	827001
818300	831832
844010	818599
837778	841447
830157	817646
839433	827727
827830	837265
838851	828577
827921	838984
827307	818300
827307	822132
844264	841652
833471	839433
844010	838807
825714	816270
821840	827564
818731	841843
835375	827564
824970	836043
828489	840894
820211	818300
841984	816546
833471	816270
816768	817646
827001	822517
843095	820041
841558	842985
832454	818343
831472	818300
831122	830157
832136	844343
830157	832070
832247	838807
843048	838364
824937	831472
831472	830101
828489	827921
834232	831861
822055	816768
844264	831122
837778	830157
824937	838151
843903	828577
832247	841558
843095	821143
824970	841534
832136	824970
841984	843810
817221	827727
843903	841652
819107	818343
821657	841919
828489	829730
818599	822266
841984	832454
825208	832454
838851	825714
824937	830157
827307	838807
827830	828577
834232	831377
816768	832454
844264	831151
824937	828577
824937	841447
820176	822266
844010	831151
821840	827921
840894	816936
831377	841843
841843	842985
833979	819107
844343	837974
824937	832454
833471	842985
817646	842985
829995	821840
818899	830101
828577	832070
833979	816270
831122	838151
824970	834212
832247	841984
818672	830101
844264	827001
843903	818300
838364	842985
831122	843903
841984	834212
831377	837265
825714	835320
842103	818672
833979	818069
828489	838807
817646	827727
844264	835375
827830	818300
824970	844010
827307	820775
829995	830101
837974	843095
838364	832057
831377	827001
818899	817646
820775	827727
844264	838851
820741	844343
822055	835375
834212	837265
825714	839869
843048	837265
825208	838151
838672	839642
822055	834212
831528	835398
841558	825208
837555	820775
844264	831377
827001	838151
843903	820775
818069	832454
833471	817646
826914	824699
820176	821840
837179	818300
837778	843810
841447	827564
825208	825714
831910	831151
832057	843596
843903	835320
818899	838151
836043	824699
835320	817272
844010	831472
820741	843810
829995	834286
844264	831910
834232	817646
831861	819107
827830	835320
844378	828884
831122	818899
818672	827727
824937	838807
844378	837996
816546	827727
837555	837179
817646	831832
829730	827921
818300	835375
827921	838151
816545	843596
822517	840894
821840	836043
819107	830157
837778	816546
829995	818069
831861	837265
829730	827564
818069	842985
830157	832057
830157	835320
821840	835320
822055	837265
818899	818069
817499	820041
836043	838151
829995	835375
832454	831151
831861	835398
841984	832057
825208	840894
832247	827307
832247	837179
818731	831151
831377	822055
825714	828577
832136	831122
829730	820211
822517	837265
824937	834212
838672	818316
824970	816768
832454	818599
832070	822266
828577	841534
831528	822517
821143	3770591
829995	835398
838364	827564
841558	832070
829966	844230
836043	838984
829730	842985
820176	831832
838364	827830
814643	838779
839566	820041
841558	841447
818672	831832
816545	820041
837555	838151
829730	834286
833471	818069
825208	820775
827307	829730
833979	817221
831122	838807
831377	830157
837778	819107
842103	844010
844010	818300
844378	820041
844343	843810
832057	835375
833979	820176
827307	837265
825208	824699
817221	817646
824937	816768
829995	827921
837555	844010
838364	842103
819107	825714
829730	841534
831472	831832
837265	830101
831122	816546
836043	839869
817467	829438
827921	816936
843095	838455
818899	818300
818069	820211
841984	824699
824937	827307
816270	822266
835398	827564
842103	838807
839869	837265
831861	834286
839869	835320
822055	818300
827564	831832
833979	817620
835398	825714
828489	821840
820211	842985
831910	834286
829995	817646
843048	833471
835320	837265
829730	822055
829730	830157
831528	820775
839869	842985
841558	820211
827564	841534
829995	841558
834212	822266
837555	842103
841447	831472
820176	837179
816546	818069
843110	838362
831122	827564
820176	832057
818672	838151
838851	836043
832057	835355
833979	832454
837555	839869
827001	822266
827001	818300
816270	831910
821143	837996
831910	843596
838364	830157
834232	822266
844010	817272
827921	822266
832136	841447
838364	818069
836043	830101
838364	824937
834232	833979
820741	832057
818899	841447
838851	830101
818731	817272
817221	837996
838807	837179
817221	835355
818899	835320
839433	842985
820827	822132
827001	840894
842103	822266
831122	844010
816546	835320
831910	827564
820176	838807
843903	837179
838851	831832
832136	817646
820741	816270
824970	820211
830101	842985
828213	838079
844343	842985
828577	826914
838364	840894
837555	835398
818633	818599
816651	843110
817646	837265
827830	837179
838151	817272
838364	831472
818899	837265
816768	817272
831472	820211
825208	827921
825208	820176
831122	840894
831377	817221
824937	818899
818731	834286
841447	828577
818633	817272
818899	844010
818672	834286
816768	834212
831122	824937
825208	826914
818672	832057
831528	828577
844010	832057
832136	838851
822266	841534
828577	818300
841652	827564
827307	835375
837179	834212
817646	835355
821143	828884
841558	822517
820775	837265
841843	817646
832070	831832
824937	829730
827830	822517
816546	827564
818672	834212
837555	826914
821840	817646
818069	837265
826914	842985
825208	817646
838672	843747
837778	824699
826914	834286
831122	831861
827001	816270
837778	834232
843048	841652
842833	838362
827001	817646
827307	841447
837778	818672
821143	839433
838851	826914
824937	844010
831832	842985
816768	830157
820176	826914
831528	831122
838455	3770591
844343	822266
843491	844245
823899	821051
835398	836043
844343	831377
843903	827727
844264	824699
827001	824699
832136	825714
835320	824699
841843	839433
818633	833979
827727	834212
831122	827921
829730	832454
832247	816768
824970	821840
831122	828577
832136	827564
831377	824699
832057	834286
832454	835375
841652	842985
841652	834212
833471	817272
834212	834286
833979	817646
836393	824524
839433	817272
831122	839869
838364	831861
843048	832057
844343	820211
835398	841534
842103	835398
838455	843810
842103	817646
841652	822266
836393	838672
835355	842985
817221	817272
828489	822055
819107	822266
841900	814643
827307	822517
814643	843747
843903	831472
833471	832057
824937	818069
834232	832057
827001	827727
837974	841843
841447	840894
822055	830157
817272	843810
844010	830101
831528	824937
844343	832057
816546	818672
833471	831377
832247	835320
829995	816768
818899	822266
842103	835375
839869	831832
836043	841652
832070	830128
842103	816768
835320	835375
839433	843810
818822	820827
843903	842985
841984	841447
818731	831377
837974	831151
832136	837555
831377	817646
837555	816936
841558	835320
836043	837179
842103	827564
838151	834286
822055	834286
833979	844010
817646	824699
824970	828577
819107	832057
824937	827830
818731	825714
822055	827727
833979	818343
834232	841984
828489	825208
831528	834212
816545	839566
829730	838807
837778	843596
836043	818899
821840	830157
841843	841652
838807	840894
816768	830101
832070	841534
821840	843903
841447	822266
838364	820211
831122	825208
835398	824699
820827	841534
837555	818899
818633	837555
825714	830101
839930	828595
816545	839433
841652	835320
831528	831472
831122	824699
844264	839869
828489	841534
837555	827307
838807	837265
820775	830157
843903	822266
842103	832070
844010	822266
832136	842985
829995	834212
824937	827727
833471	819107
827830	831472
816692	838362
832136	816768
827921	837265
827830	822266
817620	837996
831528	837555
843810	835355
843903	818069
828577	822266
818633	841447
835320	843596
844010	827727
837778	816768
839869	827727
833979	837974
831122	841447
833471	832454
827830	818069
822055	820775
824970	840894
831861	824937
829730	818672
816270	817646
838851	832070
816546	844010
829995	841447
826914	827564
818822	838984
843048	838151
837179	820211
843048	839869
831861	818899
820775	825714
838851	834286
820775	835320
824970	832070
832247	844343
843048	844010
816546	828577
814643	818316
839433	843596
831528	827921
821840	825714
834232	843596
831528	827564
831861	816270
818343	837996
824699	842985
838364	834212
829730	831472
842103	822517
843048	835320
818069	832070
827727	842985
816270	832057
817221	816270
818731	831861
818822	838079
843903	818672
835398	834286
828577	827564
825208	839869
824970	830101
826914	835375
838364	831832
844264	817646
833471	830157
818633	841843
825714	818599
827830	818672
827830	838807
842103	837179
844264	842103
836043	837265
841447	834286
837179	837265
844343	844010
831528	841534
831377	818343
827307	832070
832247	831528
841900	842833
825714	830157
817272	837265
821840	826914
827001	839869
841558	822266
823831	822132
821840	816546
824937	820211
832057	834212
822055	832057
835398	820176
825714	837265
831861	822266
816768	835375
835398	828577
819107	841984
838455	818343
822055	825714
824970	824699
824937	832057
844343	830157
835398	830157
838364	841534
818672	835320
831528	827307
816546	817272
828608	829266
837778	825208
818316	816651
831861	816546
841984	818899
831377	817272
828577	827921
829730	818069
843048	818899
836043	827001
836043	827830
831377	834212
836043	818069
827830	827001
842833	843110
818069	831151
825714	831910
832136	834286
826914	841534
835375	824699
828489	816936
829730	816546
837778	818731
822055	822517
818316	816692
818672	831472
841984	836043
844010	827001
831472	820827
844010	842985
844343	834212
844010	826914
824970	837265
841984	839869
824970	829730
827921	818300
818731	827727
836393	843747
818899	840894
831377	827727
829730	825714
830101	824699
841467	843110
835320	830101
841558	824937
838851	825208
818672	817272
817646	827564
844264	822517
833979	843810
832247	824970
831528	832070
837974	839566
829995	837778
844230	838362
843048	818599
843048	822266
820775	831910
836043	835320
818731	817646
818731	832057
818731	839433
841843	831151
821840	837265
843827	838362
837555	840894
818899	826914
838851	820211
827564	834286
837974	839433
844343	831861
837179	841534
827830	827727
837265	841534
832136	825208
841558	818672
832070	834286
835320	827727
819107	843596
821840	839869
841652	818672
837778	822055
829730	832070
832136	824937
839433	835355
838151	837265
828884	839566
828489	837179
841843	817272
830157	837265
829995	831528
837778	831861
838807	820827
831377	825714
838364	817646
843048	824970
828489	838364
827921	837179
831122	835320
835320	818300
843095	817620
824937	836043
818069	839869
828489	822517
827727	834286
818672	837179
843048	820211
835398	839869
820176	835375
835398	825208
820176	834212
831528	818672
825208	816546
825714	834286
818300	842985
817620	831151
841558	839869
