826914	837265
841447	838984
818672	816936
841447	843596
825208	831472
829283	817221
821840	818069
820176	818300
837974	821143
836043	835431
822055	843810
836043	832454
820775	827830
824970	842985
843596	824699
818069	835375
844264	843048
838851	822055
838672	830101
843903	841447
832454	822132
828489	833471
843048	824699
820741	842985
825208	827830
841892	840894
828577	837179
829283	817272
841892	824937
828489	835355
829730	841652
837265	822132
820775	828595
822055	832070
823859	831910
827830	834212
828213	820211
841984	827001
835398	841984
831861	818343
841892	832070
827307	837179
844283	826914
843048	842985
837778	832057
844264	820775
818903	838672
824970	827001
832136	836393
816546	839869
837555	840006
838021	831151
837555	831151
841984	843596
829730	816936
816270	817620
844264	816768
824970	826914
843048	820176
839642	3768499
821657	835320
824970	818672
841843	834286
831122	822266
820211	831151
839869	828595
841468	841652
832247	820775
827001	834212
841468	836043
840006	842985
836043	822055
831528	840894
841892	830101
841652	816546
838807	818300
831122	835375
844264	840894
824524	816651
828489	3770591
841447	818300
818899	817272
831122	827830
824524	834212
829995	824524
833979	823859
826914	818300
832247	825208
821840	834286
820741	843596
841558	840894
828577	828595
832247	840894
824970	843903
838021	842985
828213	828595
822055	838984
818822	822266
818899	837179
835398	820775
834212	828595
820775	838984
844264	827307
828489	841900
838807	816768
829283	843596
829995	843048
837555	823831
818903	824699
841558	820827
820176	840894
838672	827001
831528	826914
841892	824699
838364	831151
816768	830128
839930	841984
833979	827564
820775	827001
841843	843810
822517	830128
829730	835375
818069	831472
822266	840006
831377	3768499
841447	830128
826914	822266
841900	828213
816546	842985
818903	822132
818903	816768
841984	818300
828213	838455
843903	826914
831122	818069
841447	838151
824970	823831
818300	828595
820827	830101
825714	820211
825208	818672
843903	828595
828213	830128
824937	828213
839930	836043
818899	823831
837974	839642
818899	839869
818672	828577
840894	837265
838851	838079
3770591	818599
831472	822266
827830	826914
835398	830101
843048	827001
843827	827727
841900	842985
838455	834286
816651	830101
827830	828595
838672	827830
823831	834286
831377	832057
831122	827307
841447	832454
837179	832070
817499	818343
841892	837265
818903	826914
844283	838984
838455	842985
828489	818599
838364	828577
843596	843810
832247	827830
835398	835431
840894	834286
831122	822517
837265	834286
844264	827830
838364	822055
824937	843903
835398	818300
829283	833471
818903	825208
824937	820827
838807	828577
837555	828595
844264	818300
838672	824524
827001	818069
829995	830128
838672	837179
818899	816546
833471	827564
838364	826914
843810	838079
833471	844010
841558	816651
835398	822055
816651	822266
816936	835375
838672	839869
828489	820211
821840	818300
835431	842985
843596	840006
839642	831832
818903	834212
820741	833471
838851	820827
827307	832454
827307	835398
828577	824699
837778	817646
818899	842985
829995	826914
837555	818672
829995	843903
841984	835375
829995	818300
841468	830101
844264	829730
841447	824699
831122	827001
839869	830101
835431	834286
818903	824937
824937	826914
841892	828595
822055	826914
838151	835375
818822	816768
841468	822055
839869	820827
816936	822132
830128	822266
821840	840894
835431	816768
841558	826914
830128	822132
841843	820211
823831	834212
827001	830101
837778	816270
830128	834286
832247	822055
824524	818069
838807	844283
841984	824524
831861	820041
843903	822055
818899	828595
820827	826914
820741	840006
818633	831151
838364	816546
824937	837265
828489	832057
827307	826914
821143	835355
822055	824699
829730	826914
820741	838455
817221	827564
841447	835375
844283	837179
843048	823831
825208	837179
829283	840006
817499	844010
825208	836043
829730	816651
844010	820041
838807	822132
841468	843810
829283	838455
836043	835375
818899	838807
831122	835431
837179	826914
838672	832454
825208	842985
826914	840894
832247	842985
832136	840006
838151	816651
820176	817272
818731	831832
835375	843810
843903	839869
837179	838984
829283	823859
843048	844283
830157	817272
818903	837555
844343	818599
822055	839869
838807	835375
827001	822132
829283	830157
838364	816651
823859	835355
820176	841447
822055	818069
817272	838079
837265	816651
820741	831377
816936	828595
841892	827001
838364	824970
828577	830157
818903	831472
824524	835431
818822	831472
818822	838672
829995	837265
818822	820775
841892	826914
838364	820176
841558	835375
820041	838259
841558	837265
839930	842985
837555	827921
841900	831377
825714	827564
831528	838079
824937	832070
818903	816936
825208	843810
818633	829283
841468	839869
841652	818069
831122	824524
844283	837265
822266	834286
837179	842985
841652	841447
831528	824699
817272	834212
818903	832070
837555	831832
838851	832454
816768	840894
835431	843810
816768	822517
841843	824699
841558	823831
820176	823831
827001	828577
841892	843903
829995	835431
841558	841468
838851	841652
820176	827830
844283	830101
835431	816936
838672	828577
822517	824699
824937	817272
832136	838021
836043	816768
820176	827001
830128	838079
827307	816936
828577	842985
837555	833979
820176	816936
843048	818672
818903	832454
825208	816651
837555	824699
824937	820775
826914	843596
843903	820827
843048	821840
832247	828595
844264	841984
826914	830101
829730	823831
837179	843810
831528	838151
839930	820176
823859	817646
818903	839869
820741	827564
825208	829730
829995	828577
830128	830101
821840	829730
831472	816936
822517	828595
838851	822132
818903	838151
843048	828213
843048	822055
841984	838984
835431	841447
831122	838079
817499	817620
816545	3770591
816768	816651
816270	3770591
841892	823831
816936	843810
843048	840006
827307	818899
839433	838259
841652	844283
839930	816768
844343	817646
816546	826914
818672	830128
831528	838984
838984	832454
828213	844283
830593	842830
3768499	818599
836393	818731
818903	827307
843048	835375
829995	817272
837555	831472
818822	824970
820827	832454
829730	835431
827830	834286
820176	841843
831528	824524
830128	816936
829995	839869
838672	835375
824970	838151
839566	837996
823859	3770591
821840	816768
838151	820827
837974	3768499
816768	822266
829730	824699
817272	830128
823831	816651
824970	824524
829283	831832
838021	830157
817646	818599
841447	820827
831528	839869
843048	841468
841652	826914
831861	838362
837974	818731
841900	833471
817499	832057
838807	816936
844264	820827
818822	827830
828213	834286
827921	824699
818822	835398
843048	830128
838364	830128
818633	3768499
824937	816546
824937	842985
831122	838851
824937	822055
828577	843810
844264	828595
818069	834286
839566	838362
818633	831832
820775	822266
826914	828595
827921	838021
841843	829730
831528	836043
839930	837265
824524	832070
841900	820211
818343	832057
820176	816546
827830	832070
828213	824699
837555	825208
832057	817620
839642	844010
841558	838851
824937	816651
821840	822266
829283	828213
832136	839642
822055	818672
821840	838807
824937	818300
843903	827001
828213	817272
841652	817272
843903	822517
831528	841652
838807	831472
825208	837265
818822	841984
829730	843903
818903	827001
817221	831910
838984	835375
837555	830128
820176	818069
829995	818899
836043	841447
829995	843810
835398	824524
827921	830157
825208	821840
828577	822132
839930	835375
838364	838455
829995	820176
822517	838079
818731	831910
820741	820176
833979	827921
827307	843903
832247	818903
834212	840006
841984	822517
836043	822132
820775	828577
840006	834286
827001	837179
841843	838455
833979	841843
828489	831861
833979	840006
831122	836043
824524	822517
820176	842985
831528	828595
838672	839930
835398	824970
829730	839869
829730	843596
841843	830157
835431	843596
841467	816692
838984	840894
820775	843810
818300	830101
841447	817272
841984	831472
825208	822517
841984	828577
825208	834286
838672	827307
837265	838079
817221	820211
837974	818343
844010	839433
837179	828595
824524	822132
822055	823831
831528	837179
838364	838021
843048	837555
828577	844283
818822	830128
839869	822517
841892	818899
830101	822132
844283	838079
822517	820827
843048	816546
841447	839869
839930	835431
841558	816936
827001	831472
822266	831832
841468	838984
830157	834212
824970	841652
818903	822517
838672	821840
820176	818672
827001	816651
841468	839930
818069	823831
832247	834212
832247	826914
844010	817646
818069	834212
844283	834286
838984	824699
818599	835355
835431	824699
818899	832454
836393	837778
842833	818316
838364	841652
821840	838079
820827	837265
835398	831472
820741	820211
838672	816651
818633	834212
840894	822266
818903	838807
3768499	844010
818899	834286
835431	816546
838151	830101
827307	840894
825208	843596
831472	817272
824770	841033
818633	843810
841033	844245
843048	837179
829995	837179
838984	816936
830101	834286
827307	844283
841468	842985
839869	830128
837974	820211
821840	824699
838672	822055
824524	841447
832247	829995
834212	831151
818672	842985
843048	825208
844283	822205
837778	821143
818822	818672
827307	838151
825208	843903
832070	843596
836393	831910
838672	822132
843596	831832
824970	827830
832070	830101
828577	840006
838364	841468
841900	817646
843903	838079
820176	841652
841447	816768
838984	822517
818822	828577
832136	837974
820176	828577
838779	842833
818903	841892
818822	831122
837555	828577
818903	841468
829730	830128
833979	830157
836393	816270
818903	818300
824970	844283
829995	816936
838851	839869
838672	836043
841468	826914
837555	824970
818899	844283
824524	834286
841892	838151
824970	822266
838021	834286
827001	838807
843903	816546
841900	823859
823859	844010
837555	817272
838851	816936
818822	838364
820775	820827
820176	834286
843596	834286
831122	826914
843903	823831
831528	818899
822055	817272
817221	825714
839869	838151
827830	816546
820176	830128
824937	818672
818903	841652
838807	838079
843048	816768
824937	822517
841558	838079
835398	822132
824970	838079
844264	842985
818300	830128
844264	834212
838807	826914
835398	841652
820775	817272
839642	820211
835431	818300
823831	820827
818822	827307
824937	830101
843903	830101
831472	816768
825208	820827
829966	816692
844264	822266
831472	822132
828577	834212
817467	839566
824524	822266
829995	841892
837555	838455
843903	824699
824970	816936
828577	835375
829995	841652
828489	827564
829730	822517
843095	837996
841652	830101
827921	840006
836043	816546
837974	818599
824970	838807
821840	832454
820741	839642
818903	838364
820176	820775
841843	838021
828489	837974
832247	818672
818343	820041
824970	843810
821840	832070
829966	841467
818903	835375
834212	816651
818633	827921
831472	822517
832136	835355
832247	832454
841652	838151
818822	834212
832070	842985
835398	840894
841468	831472
836043	828595
841468	822266
828489	833979
823831	838151
838984	830128
818822	840894
820775	837179
816692	843110
824524	830101
818069	820827
827307	823831
841984	820775
818899	816768
826914	830128
818903	831528
832136	820211
832247	843903
827307	838984
822266	842985
829995	818822
816546	832070
827001	828595
831122	816651
817272	832454
822517	822132
843903	816768
818672	822205
829995	840894
832070	822132
837040	838250
844010	831910
837265	824699
835398	826914
832247	830101
838021	820211
838021	818599
825208	822055
831122	818672
827830	816768
818903	835431
818731	818599
820176	838984
820827	818300
832136	3770591
822055	830101
816768	832070
844010	827564
820741	841843
818672	832070
831832	835355
827830	820827
844264	838364
831122	816936
824937	841984
816768	834286
828577	816651
829283	831377
818822	822517
837778	818599
829730	820775
838851	827001
843048	824937
839869	840894
844264	824970
841558	838807
818899	843810
837555	824524
830101	835375
827830	844283
818903	844264
831122	838984
837974	817221
818069	838151
825714	817646
827830	818899
841892	818672
820176	839869
823831	843596
841892	841652
829995	838984
829730	824524
836043	818300
837555	841652
839869	822266
823831	822266
839869	816768
839930	820775
826914	834212
827001	835375
818300	843810
841558	843903
831377	831832
820176	816651
827830	835375
818899	828577
838364	837265
831472	826914
827307	828595
841558	838984
841984	816936
838151	826914
821840	828577
843810	842985
841984	829730
831528	827001
831528	827830
825208	822266
817620	820041
844264	824937
843827	816692
831528	818069
838851	828884
841984	822055
820741	828213
824524	818899
832247	829730
822266	843596
840894	843810
818903	817272
838672	841984
829995	844283
818903	830101
824937	843810
823859	831832
841900	835355
835398	839930
829995	844264
836393	3768499
3768499	831151
838151	822517
832136	831151
844264	837179
831122	842985
820176	827921
841468	830128
841652	837265
829283	827564
818822	827001
831151	842985
841558	837179
832247	835398
818822	835431
841892	827830
839869	817272
831122	818300
820741	829283
841892	824524
818069	822266
818672	818300
841468	820827
814643	842833
832247	824524
831861	844010
822055	827830
837778	831377
822266	831151
839930	816546
820176	838079
838984	828595
820775	842985
831528	844283
817272	835375
843095	817499
821143	844010
828213	837179
841892	844283
825714	838021
831528	844264
839930	838151
836393	833979
841984	818069
825714	844010
816546	843596
832070	843810
828489	823859
816545	817620
824937	824970
839930	822132
838021	831910
818822	844283
822266	835375
829995	838079
818633	820176
841558	828595
837179	834286
828577	820827
837974	823859
824937	835431
839930	843596
833471	817221
839930	841447
820775	840894
824524	838807
828489	825714
824937	828595
832247	837265
828213	835431
832454	824699
835398	837179
837179	822517
822055	837179
832454	843596
832136	837778
822055	816651
844343	3770591
841843	838984
820176	829730
3770591	835355
828213	824524
818672	822517
816768	838079
841652	838079
829966	843110
816270	818599
824970	843596
818903	818899
842830	817174
821840	843810
831122	832070
841892	829730
837179	816768
820775	834286
818672	843810
818069	826914
837778	817221
841558	818899
841468	841447
831122	841984
816546	838151
820775	818069
831472	832454
830157	820211
832247	827001
831528	832454
827307	839869
841652	834286
832454	837265
839930	828213
841892	816936
835431	816651
843048	834286
816394	837996
818069	828595
831528	835431
817221	3770591
838672	834286
835398	823831
844283	838151
838984	838079
821840	828213
824937	822205
816651	822132
834212	838079
827921	831151
844283	822132
838672	822517
838151	828595
838984	834212
841892	843810
818633	821840
828213	816936
836393	841900
820775	816651
825208	816768
831472	830128
816546	835375
843048	838021
827001	841447
3768499	817646
841984	818672
831861	817221
818599	832057
827564	840006
818069	816936
828577	816768
827307	820827
829995	829730
829283	834212
838364	841447
831528	838364
820741	831910
837974	827564
843903	827830
832454	843810
833471	831832
831122	831472
818822	818899
844264	818672
841843	828213
827307	824699
827830	824699
837778	816545
819107	817620
838151	834212
838984	839869
831528	834286
824937	825208
829283	839642
832454	822266
825208	838984
818903	841558
835398	816546
831910	835355
817272	816936
816936	838079
824937	838079
820176	830101
831528	822055
818822	839930
822055	820827
840894	830128
825208	841447
828577	823831
816546	834212
838672	838364
844264	825208
830101	843810
821143	818599
816936	834286
844264	843903
841892	818069
816768	826914
832247	831472
831377	818599
832070	816651
823831	837179
828917	841534
843048	830101
841892	837179
833471	818599
839930	826914
816768	824699
831472	834212
837179	824699
838672	816546
827307	831472
820741	827921
832070	824699
818822	818300
818903	820775
839869	843596
3770591	818343
838984	837265
821840	820775
841900	830157
835398	828595
841558	818822
841468	828577
838984	816651
838672	843810
824937	839869
843048	841447
841468	838807
824524	816546
844264	841892
817499	838259
834212	843810
844343	839433
817646	832057
824970	820775
821143	820211
839930	838079
829995	820775
844283	832070
818903	828213
843687	839449
831472	835375
837555	830101
838672	838151
844264	818069
825208	818300
818822	816651
838364	843596
831528	816768
828213	838021
835398	838807
838672	835398
843048	818069
841447	842985
816546	830128
841892	831472
838851	835431
838984	832070
827307	825208
818822	843048
818822	820176
821840	830128
844264	816546
825208	834212
821840	838151
831861	838259
832247	838984
835398	838079
820211	835355
820827	824699
838364	834286
816270	818343
833979	834286
838364	844283
836043	830128
824937	839930
832247	818300
831472	824699
838672	822266
824524	820827
828489	817221
818069	830128
844010	818343
831377	3770591
829995	828595
820176	816768
829730	828577
823859	832057
839930	843903
841468	818069
841652	832454
838021	817272
837555	822266
841920	837040
838851	816768
827307	830128
3768499	821143
827001	834286
818069	838807
830128	843810
841468	838079
833979	825714
831122	834286
838851	838151
831122	829730
839869	834212
841900	818731
841447	834212
821143	832057
832454	830101
3768499	838021
824937	843596
837778	835355
823831	822517
841984	841652
841558	838672
831122	837179
831472	823831
831151	843810
830101	822266
817272	831832
832454	816936
818300	837265
821840	827001
838364	828213
818822	832454
827001	818672
816692	827727
833471	837974
818822	830101
825208	835375
824970	835375
827830	839869
838455	838021
841984	822266
816546	822266
823831	842985
829995	838851
839869	832070
839642	827564
841558	827001
832247	816651
816545	817499
841558	827830
831861	832057
841892	843596
829995	816546
832136	817221
843048	818300
831910	817646
841652	828577
3768499	835355
839566	838259
831122	844283
842830	841919
818672	822266
841984	828213
818903	818822
831528	825208
817272	840894
835431	832454
833471	3768499
844264	818822
820775	824699
818069	822517
816768	838151
824524	818300
820041	838362
831528	835375
833471	844343
829730	820827
831528	841984
818822	823831
822055	827001
829966	843827
841468	818672
834212	824699
820176	818899
820775	816768
839642	835355
828697	821051
838851	822517
844283	832454
824937	823831
821143	827564
823831	832454
824524	827001
838079	822132
818903	839930
841558	822055
828577	843596
818300	834286
844283	835375
818903	843596
820775	818672
837778	823859
839433	820041
843810	824699
843048	834212
838364	830101
839930	817272
831528	838672
836393	838021
816651	834286
825208	827001
836393	832057
831122	830101
831861	3770591
821840	841652
827921	843596
820775	826914
832247	816936
816394	839566
829995	825208
844343	823859
841468	816936
820827	830128
837555	820176
831122	820827
830157	831832
823831	844283
827001	844283
816545	838362
838672	841652
828489	844010
835398	835375
841558	816546
832454	834212
843903	840894
837555	827830
831472	842985
818903	816651
838807	828595
841558	824970
829995	839930
837555	816546
843810	822132
832247	822517
821840	816651
824524	843596
827830	840894
838807	822517
831472	844283
828489	818731
841558	830101
844343	821143
841984	816651
827001	832070
827001	830128
818903	841447
827307	824970
820775	834212
838672	826914
817272	840006
833979	820211
830157	822266
841892	828577
823831	824699
844264	817272
832057	838259
816651	835375
841843	818672
818069	818672
841652	831472
831861	823859
829283	838364
827001	816768
825208	823831
817221	823859
841900	827921
829283	3768499
828577	840894
837778	839642
843048	826914
816545	831861
821840	843596
824524	839869
818069	844283
833979	818599
821657	830699
841558	820775
820176	837265
818903	820176
818903	824970
830157	827564
844264	843810
838672	820775
819107	816270
827921	838455
841984	822132
825208	835431
818731	816270
824970	834286
829283	834286
824937	835398
841892	835398
837555	841984
839642	838021
818672	839869
841984	834286
831472	838079
832247	841652
838672	825208
836043	820827
829995	822266
834232	829438
843810	840006
841900	817272
817221	838021
844264	836043
818899	822517
841468	827001
830101	816936
837555	830157
820827	828595
832247	824937
841900	817221
831122	817272
838984	817272
837778	827564
818633	834286
824970	818069
819107	820041
818899	827001
837555	835431
835431	830101
829283	821143
830157	843596
839433	816270
823859	820211
837778	818343
837555	838984
824970	822132
825208	841652
831122	816768
818903	824524
830128	824699
841558	835398
837555	816768
824970	839930
829283	820176
841468	844283
816768	843596
818672	816768
837778	839433
823831	816768
841558	835431
828577	839869
835431	838807
820775	831472
820741	818633
825208	832070
843903	832070
838364	824524
828213	828577
818899	832070
831472	840894
841468	843596
818672	827921
822055	822266
843827	843110
816768	842985
841892	835375
831528	829730
832247	820827
844343	818731
818903	838079
818633	842985
843048	843810
837265	842985
844283	816651
841920	838250
844264	844283
830593	841919
840894	822132
818822	817272
833979	842985
841900	831910
829730	827001
837179	816936
820775	832070
818822	838807
841984	820827
831472	838984
838851	837265
833471	820211
841652	822132
817467	837996
818672	840894
816545	832057
841558	841984
831528	841447
838151	822266
837778	3770591
820775	843596
838984	830101
843903	816936
835398	818069
841984	838151
816768	820827
821840	837179
838021	817646
824937	834286
843903	818899
838807	839869
831122	822055
844343	835355
827307	824524
829995	832454
831151	834286
820775	832454
827830	816936
831528	822132
821840	841984
818672	820827
832247	824699
832070	828595
838151	842985
827921	831832
831528	824970
844264	826914
841892	822266
830157	831151
832454	842985
820775	839869
835431	835375
838151	818300
838364	816768
837179	832454
829730	834212
839869	822132
843596	842985
844343	838362
820176	824524
829283	820211
822055	838151
841468	837179
818069	830101
816546	838079
844264	816651
838151	832070
837179	839869
831122	820176
832070	837265
837555	837265
832247	838851
828595	843810
835398	844283
828577	838151
840894	834212
828489	837778
841558	838151
844264	838151
843048	820775
841468	824524
844010	816270
828213	840006
837179	830128
829730	822266
841900	838455
843048	832454
823859	827564
837778	831910
841468	822132
824970	838984
844343	818343
818731	839642
829283	831910
838151	822132
827001	837265
831122	824970
832136	823859
829995	818903
833471	835355
818822	841468
832247	821840
831910	820211
837555	818300
831472	828577
832136	818731
841652	824699
835375	828595
827001	842985
820741	817272
841984	826914
840894	816651
838364	827001
822517	835375
838672	835431
827830	842985
843048	832070
844264	841447
843095	839566
837179	820827
833979	839642
838851	835375
824970	837179
837265	835375
819107	838259
817272	842985
818672	816651
838807	830101
844283	824699
822055	832454
3768499	831832
3768499	831910
829283	827921
818822	836043
832247	816546
837555	821840
827001	838984
841900	827564
827001	823831
841900	825714
817221	844010
822055	841652
824524	837179
820211	827564
819107	844010
837555	822055
844343	819107
839642	830157
825208	839930
827001	817272
831528	822266
832057	820041
843048	833979
841984	817272
822266	843810
824970	818300
827307	827830
834212	842985
837179	822205
827921	843810
837179	817272
821840	822055
818822	838151
818672	826914
844264	838984
832136	830157
818822	826914
823831	818300
818822	843810
822517	832070
817221	3768499
841892	834286
837179	838151
820176	835431
822055	840894
835398	816768
831377	821143
843048	843596
830754	844010
832454	826914
817221	818599
836393	827564
817272	843596
838672	818069
827307	818069
822055	828577
827921	842985
829995	842985
832247	830128
832247	837555
818903	843048
841652	827001
838455	817272
831122	841468
825208	830101
838364	835431
843903	835431
818822	839869
827307	836043
825208	818899
838364	818672
818300	822266
820176	843810
824937	841468
824770	844245
824970	830128
837974	835355
841652	835375
839869	816651
821840	818672
820176	841984
841558	818300
831377	823859
827727	843110
833471	833979
820176	831151
816546	834286
818903	816546
828213	843596
828595	824699
841892	822132
818822	824937
831151	831832
837555	841468
816546	837265
841467	843827
3768499	827564
841652	824524
827921	830128
832070	818300
824937	827001
822055	816546
819107	839433
841892	839930
829730	837179
824970	832454
844343	817221
836043	838807
816546	838984
831472	834286
834212	830128
844283	839869
830128	837265
844283	843596
843048	816651
828213	827921
841558	816768
838672	818672
841447	830101
816546	830101
818672	835375
841558	831122
844343	816270
838672	842985
831528	842985
829283	837555
818672	837265
821143	816270
821840	841447
824524	816936
829995	822517
837974	831861
824937	820176
844010	835355
831528	816546
824524	823831
841892	824970
839869	832454
841984	830101
834286	842985
835398	818899
820775	822517
829995	838364
827921	831910
841843	827921
818822	843596
825208	841984
829283	841843
843048	841984
824937	821840
841900	833979
828577	830101
818672	823831
839642	832057
818633	840006
818903	830128
816546	822517
816546	818300
839930	840894
838455	831151
825208	817272
828577	830128
841984	835431
838984	826914
829730	816768
837778	833471
818731	838021
820775	838807
3768499	3770591
838807	832070
839930	837179
836393	839642
816768	816936
838672	832070
817272	834286
828595	842985
835398	829730
833979	828213
822517	826914
838021	840006
835431	822132
832136	821143
837974	3770591
818731	835355
837265	828595
832454	832070
844264	830128
818822	832070
822055	822132
822055	830128
825208	838079
838672	843903
841558	836043
841447	816651
841843	831910
823831	828595
832247	834286
831528	823831
820741	841900
841892	841447
832247	841468
824970	839869
816768	822132
824970	822055
831832	834286
841558	824699
816546	844283
818731	844010
837555	827001
844264	837265
818069	816768
841447	837265
818343	817620
840894	835375
832454	838079
827307	830101
841892	838984
832247	818069
821840	817272
821840	831151
844264	835398
841984	823831
835375	834286
843903	832454
820827	816651
820775	818300
827830	843596
844264	830101
837778	844010
838364	832454
830157	842985
816546	840894
820176	844283
818903	844283
827830	832454
829730	830101
831528	818300
844343	817620
827921	844283
827307	818672
833979	822266
821840	842985
839930	830101
838364	832070
844343	825714
818633	831910
818903	827830
829995	822055
831122	832454
832247	823831
831910	3770591
818300	843596
832070	838079
827830	838079
820176	838021
3768499	827921
824970	816651
817499	839433
818899	834212
838672	828595
825208	828595
832247	839869
841468	820176
831910	818599
841652	843810
820176	832454
831861	817646
824970	825208
838672	838807
841843	844283
832247	844283
831472	828595
835431	837265
836393	821143
822055	841447
843048	831832
838672	840894
838851	823831
831861	839433
824524	838079
836393	825714
832136	818599
834212	816936
818903	837265
832247	841447
821840	816936
841984	827830
820827	816936
818822	837555
839930	827830
836043	832070
838672	824937
841892	818300
844283	816768
837555	838364
835431	822266
824699	838079
836393	817646
829995	824937
820827	832070
835398	818672
838672	818300
829730	840894
820827	840894
835398	827830
818633	820211
838364	843810
841558	832454
841892	835431
835431	828577
828489	821143
827830	817272
841558	830128
818822	842985
827830	816651
820775	835375
838851	818899
838984	818300
820211	831832
820827	838079
818633	838364
828577	837265
824970	820176
841447	822517
816651	843596
818300	838079
821143	817646
820775	816936
838021	843596
827001	843810
832247	843048
820176	831472
843596	831151
822266	838079
841652	823831
824970	818899
835398	841447
841892	830128
832247	831122
832247	820176
830157	834286
829995	838672
841558	841892
838455	843596
823831	832070
832247	818822
835431	827001
837555	841843
836043	820775
841468	817272
818633	822266
826914	816936
818069	841447
827001	838079
818633	843048
838021	827564
835431	822517
832136	844010
841447	826914
820775	835431
841892	832454
818672	824699
820827	843810
843048	828595
833471	3770591
820741	835355
818300	824699
830754	816270
833979	831377
825208	841468
822205	824699
841920	818316
830101	838079
831861	818599
841652	835431
841468	816768
839433	817620
830128	843596
833979	817272
822517	818300
829283	818731
841468	841984
824970	820827
837778	844343
838021	835355
831472	837179
821840	822132
821840	830101
839930	838984
821840	818899
838984	843810
838364	838151
835398	843903
831472	843596
827307	816546
832070	835375
818599	831832
841984	837179
841558	827307
839930	830128
818822	821840
832247	817272
838021	834212
828577	831151
816546	816936
827830	835431
838807	838151
832247	844264
823831	838984
820775	830101
837555	831122
818899	818672
830699	835320
817174	841919
838672	838984
818300	834212
838851	838807
836393	835355
820741	3768499
836393	833471
841447	823831
840894	842985
838364	827921
818069	828577
835431	817272
838851	820775
821657	831888
825714	831832
837555	828213
841900	838364
828489	831377
818822	822055
839869	816936
832247	836043
831528	839930
821840	844283
844264	838079
838807	823831
841892	839869
829995	818672
832070	834212
831122	843810
816936	824699
841892	822055
3770591	827564
835431	823831
844283	840894
828577	834286
830128	828595
838364	820775
818731	817221
844264	834286
837555	824937
840894	843596
832136	831832
841843	822266
841447	838807
827307	841984
820741	831151
822266	816936
818069	843810
838364	829730
837974	816270
825208	838807
832247	828577
832454	834286
838984	816768
839930	834286
832247	818899
832454	818300
834212	830101
838779	818316
838364	822266
831472	839869
832247	838364
818899	816936
841984	830128
843903	838984
818633	830157
841468	828595
817272	822266
828489	816270
839930	816936
818899	831472
843048	827921
833471	818731
841892	816651
831528	816651
821051	829834
827830	838984
831377	835355
820741	838021
839433	838362
844264	822055
823859	818599
838151	824699
841558	824524
829730	828595
838851	840894
841892	825208
828489	829283
844264	843596
827307	816768
820775	818899
816546	831472
830157	831910
831122	834212
843903	822132
829283	838021
817272	824699
818069	843596
816546	832454
841892	827307
818731	820211
818069	818300
838364	838079
817272	828595
839930	818899
838851	831472
821840	827830
824937	837179
818822	828595
820176	828213
827830	822132
838807	824699
843048	840894
838807	838984
833979	843596
828213	830157
822055	831472
831528	830128
844264	822205
843048	829730
824524	838151
828213	839869
816651	816936
838151	843810
820176	830157
841467	827727
826914	843810
816545	837974
829730	828213
841900	3768499
3768499	820211
829995	827307
844283	818300
837179	843596
838364	839869
833979	831910
843048	827830
818822	818069
837555	838079
816651	842985
841892	820176
843596	838079
821840	834212
835431	838079
837179	840894
839433	832057
831528	820176
829995	837555
832247	838672
837778	825714
816936	843596
844343	817499
839930	818300
820741	828577
841900	839642
841558	831472
830101	828595
824524	837265
839642	817646
836043	831472
832247	843596
841468	818300
820775	816546
841558	831528
837974	831377
829995	824699
838851	824970
822266	824699
838364	817272
835375	838079
839869	835375
841447	832070
838984	822205
831377	831910
818903	843903
837555	829730
829995	822132
841652	832070
817272	831151
844264	841468
841652	830128
821840	835375
837179	822266
841984	842985
833979	838021
839869	818300
831122	843596
836393	820211
818672	832454
837974	831910
837265	822266
836393	844010
824970	816546
838672	820176
829730	836043
817221	832057
829730	841447
818672	838807
818672	843596
818899	835375
836043	816936
841558	829730
828489	838021
832247	832070
818822	816936
833979	838455
841892	820827
843048	817272
841652	839869
818822	841447
831472	838151
839930	824524
827001	832454
829730	817272
816546	838807
844343	838259
844264	832454
820775	838151
843048	830157
841652	843596
818069	840894
833979	835355
827830	841447
832247	838079
816651	838079
831377	820211
838851	818069
824524	832454
823859	838021
827307	835431
829995	838151
838079	834286
838364	816936
841892	838851
833979	831832
835398	822517
832070	840894
838851	816546
837179	835375
818822	835375
838364	821840
824524	831472
816546	816768
821840	824524
831528	841468
828213	816546
829730	844283
835398	827001
827307	822055
831528	818822
837974	832057
841652	822517
827921	820211
834212	831832
833471	825714
835431	844283
818822	843903
818672	838079
818899	816651
824699	834286
832136	833471
818899	824699
841984	832070
828489	3768499
838364	841984
838672	818899
820176	840006
839433	818343
818672	844283
824937	844283
841984	816768
837555	839930
827001	820827
839869	826914
829995	831122
818903	841984
841652	818899
831472	843810
824970	841447
816546	827001
835398	832070
838672	837265
825714	835355
832136	831377
816768	828595
832070	826914
839642	3770591
835431	818672
818903	828595
816394	817467
841892	838079
818633	828577
844264	838807
820176	824699
838672	823831
841652	838807
836393	844343
839930	822517
841843	840006
837555	835375
839930	841652
838672	834212
843903	838807
818672	828595
820741	833979
818599	820211
840894	824699
840894	838079
822055	842985
829730	838151
838984	822266
838672	830128
841468	834212
820741	834212
817272	826914
829730	827830
837778	820041
827921	834212
837778	830754
829995	841984
841447	828595
837179	830101
839869	824699
827307	841468
837555	841447
823831	843810
816546	824699
829730	818300
821840	840006
841558	818069
844264	821840
838364	818899
828577	838984
837555	843810
841652	820775
831910	840006
832057	838362
823831	817272
831472	837265
837265	843596
832454	840894
838984	822132
829995	831472
831528	820827
820211	840006
833471	831910
843048	816936
831528	843048
824937	841652
843095	838362
838364	837179
829966	827727
818903	838984
816546	837179
824524	818672
3770591	820041
824937	822266
830157	843810
818822	822132
837974	825714
828577	817272
829283	818599
821840	831472
844264	837555
832454	828595
831122	837265
832247	839930
821840	838984
817221	839642
835398	838151
844283	822517
818903	829730
829995	832070
831151	827564
821840	820827
833979	838364
831122	835398
817221	821143
844283	820827
837265	843810
843903	835375
829995	827001
841652	816768
824524	816768
841468	840894
844264	828577
838672	824970
821840	835431
824970	831472
844283	816936
832247	822266
837555	818069
844264	831472
832136	828489
841468	837265
844283	828595
838851	835398
824970	822517
841468	843903
821840	823831
841652	840894
823831	816936
829730	838984
838364	825208
838021	831832
841892	838672
834212	835375
843903	838151
816768	818300
828489	831832
843048	828577
832247	838151
841892	816768
824937	840894
837555	816651
824970	841984
836043	818672
818069	838984
822517	830101
835375	842985
841843	837179
831472	832070
818731	3768499
828577	816936
838151	830128
829995	827830
843048	831151
822055	818899
827307	827001
838851	839930
844264	822132
831151	840006
817646	820211
837179	822132
829283	835355
841984	843903
841892	816546
818903	818069
825208	828577
823831	830128
829995	836043
841447	818672
831122	821840
824524	835375
827307	838851
839930	839869
818899	820827
820775	841447
825714	832057
819107	838362
841984	837265
827830	838151
831528	838851
824937	824699
833979	831151
837555	834212
843048	829283
831528	821840
827564	835355
831528	830101
820176	832070
829730	822132
836043	822517
835398	832454
838151	832454
816546	823831
829995	838807
831472	816651
831122	838364
841447	837179
839930	823831
827921	817272
843048	831122
835398	837265
833979	834212
817499	816270
843048	841843
831377	844010
841558	844264
818903	818672
827830	824524
829995	824970
833471	823859
840894	818300
831377	838021
838807	830128
816270	838259
838851	824524
841843	828577
817272	830101
839869	834286
839930	818672
836043	840894
838984	834286
838364	824699
829283	842985
841652	827830
831122	841652
837555	838672
838851	841447
828213	834212
816545	818343
831528	841892
821143	838021
841892	838807
841652	818300
829995	841468
827830	830101
833979	818731
818822	824524
838364	835375
839642	818599
818822	824699
831122	828595
831528	838807
831528	843903
818069	816651
841447	844283
838672	831472
840894	830101
831528	837265
825208	818069
838672	829730
833979	821143
835398	838984
828577	838079
836043	826914
817221	831832
824937	822132
831122	820775
827001	826914
840894	828595
818069	824699
832247	835375
818343	838259
816768	837265
823859	816270
816546	841447
844264	820176
829283	831151
841558	841652
822205	816651
838851	843903
844264	832070
836393	3770591
836043	843903
838151	840894
824524	838984
841900	831832
841447	838079
816546	816651
824937	835375
838151	838079
837555	832070
828489	831910
820775	838079
820176	822055
844264	818899
818899	838984
829730	837265
833471	839642
836393	831832
838807	843810
822055	838807
839930	843810
828213	838151
838984	820827
838672	816936
841900	818599
843810	834286
839930	832454
830157	835355
841447	816936
821840	822205
838672	841468
829730	818899
841900	840006
841843	843596
820176	838151
818822	838851
825208	822132
843095	817467
843903	837265
820741	838364
816651	828595
827921	834286
820741	837555
835431	820827
844010	818599
832136	841900
3768499	823859
841447	843810
839930	832070
3770591	832057
827830	837265
825208	824524
827921	838984
827307	818300
843048	839930
827307	822132
818731	821143
816546	820827
844264	841652
825714	816270
824970	836043
841984	816546
827830	822205
841558	844283
827001	822517
833471	838021
838079	842985
836393	818599
831472	818300
843903	824524
838455	840006
843048	838984
824970	817272
832247	841892
843747	828917
832247	838807
843048	838364
820775	824524
816651	843810
841984	828595
843747	841534
844283	842985
844283	834212
828489	839642
820741	822266
839930	822266
824937	831472
843903	844283
821840	841843
831472	830101
841900	821143
818822	816546
837179	816651
841892	822517
839930	829730
822055	816768
830128	842985
844264	831122
824937	838151
825208	816936
826914	822132
841652	816651
832247	841558
841984	843810
844283	822266
828595	834286
843903	841652
819107	818343
841984	832454
825208	832454
828213	832454
827307	838807
820741	834286
841892	841984
841984	844283
827830	828577
828577	832454
816768	832454
824937	828577
824937	841447
829283	841900
820176	822266
821840	827921
840894	816936
841843	842985
844343	837974
824937	832454
841843	831832
829995	821840
818899	830101
835398	816936
828577	832070
844010	3770591
824524	843810
831122	838151
833471	821143
824970	834212
832247	841984
824524	828595
820176	838455
818672	830101
835431	838984
844264	827001
829283	825714
843903	818300
838364	842985
831122	843903
835431	838151
818633	838021
844264	816936
841984	834212
831910	831832
841468	838151
838672	838079
838672	824699
841468	832454
844264	835375
827830	818300
827307	820775
829995	830101
838455	822266
822517	832454
839930	820827
835431	830128
818903	822266
822055	835431
818822	841892
837778	837974
824524	828577
844264	824524
844283	817272
824524	840894
822055	835375
834212	837265
818822	841652
841447	822132
841468	834286
818903	838851
839930	824699
843048	837265
825208	838151
822055	834212
831528	835398
841558	825208
837555	820775
823831	837265
827001	816936
827001	838151
836043	838079
843903	820775
836393	831377
818069	832454
818903	831122
833471	817646
826914	824699
844264	839930
820176	821840
837179	818300
818633	843596
818069	838079
822055	844283
831910	831151
829283	817646
818899	838151
836043	824699
832136	820741
820741	843810
839930	831472
829995	834286
831861	819107
831122	818899
817499	838362
824937	838807
841892	837555
816545	844010
837555	837179
816270	838362
817646	831832
829730	827921
818300	835375
822055	816936
822517	840894
821840	836043
3768499	840006
829995	818069
841652	816936
816651	824699
843048	831472
841652	828595
822055	837265
818899	818069
817499	820041
839433	3770591
822205	828595
825714	823859
831377	839642
836043	838151
829995	835375
823831	830101
825208	840894
832247	827307
827307	838079
832247	837179
841468	818899
835431	839869
822517	837265
824937	834212
835375	822132
824970	816768
838455	834212
823831	840894
841984	840894
829283	833979
832070	822266
829730	838079
831528	843810
844343	820041
831528	822517
821143	3770591
829995	835398
829730	843810
841558	832070
836043	838984
829730	842985
820176	831832
838364	827830
814643	838779
828489	844343
822055	838079
841558	841447
818822	834286
818822	829730
835431	828595
818069	822132
816545	820041
817499	819107
837555	838151
829730	834286
825208	820775
827307	829730
844010	817620
833979	817221
831122	838807
838455	830157
831377	830157
844343	816545
837778	819107
836043	824524
833979	820176
827307	837265
825208	824699
817221	817646
824937	816768
820775	830128
843048	838672
837555	843596
822055	843596
837265	830101
820176	828595
831122	816546
836043	839869
818899	818300
841984	824699
824937	827307
839642	821143
839869	837265
838807	816651
822055	818300
838672	844283
827564	831832
841900	841843
824970	835431
829730	822055
841892	836043
833979	3768499
837555	834286
843048	838455
841468	823831
831528	820775
839869	842985
829995	841558
834212	822266
841447	831472
841558	839930
820176	837179
816546	818069
818672	838151
838851	836043
832057	835355
837555	839869
821840	828595
827001	822266
827001	818300
830699	831888
838984	838151
836393	823859
822517	816936
843048	835431
838364	830157
827921	822266
818903	836043
836043	830101
838364	824937
841468	820775
841468	822517
818899	841447
838851	830101
825714	821143
828697	829834
844283	843810
838807	837179
817221	835355
829730	822205
816270	820041
3768499	830157
820827	822132
827001	840894
820775	844283
831910	827564
838672	816768
818903	843810
837974	844010
830593	817174
843903	837179
820176	843596
832136	817646
830101	842985
832247	843810
828213	838079
828577	826914
837555	832454
838364	840894
827830	837179
838151	817272
838364	831472
818899	837265
827307	839930
816768	817272
825208	820176
818903	820827
831122	840894
841892	834212
831377	817221
841468	816546
824937	818899
818899	843596
821143	831832
843596	828595
816546	822132
841447	828577
818633	817272
843048	841892
818672	834286
816768	834212
827830	823831
831122	824937
825208	826914
844264	823831
831528	828577
835431	837179
844010	832057
828577	818300
825208	844283
816546	828595
824524	817272
838672	838851
827307	835375
837179	834212
817646	835355
823859	821143
841558	822517
820775	837265
824937	829730
838364	840006
827830	822517
818300	816651
836393	829283
818672	834212
841892	831122
837555	826914
818069	837265
834212	843596
844264	838672
835431	818899
826914	842985
829995	820827
827830	843810
826914	816651
826914	834286
843048	824524
832454	830128
843048	841652
827307	841447
824937	816936
817620	838259
816546	843810
831528	843596
838851	826914
839930	844283
824970	841468
831832	842985
835431	840894
816545	838259
820176	826914
844264	835431
831528	831122
824524	824699
818300	816936
843903	830128
835398	836043
844343	831377
839930	828577
844264	824699
827001	824699
832136	825714
836043	844283
818633	833979
829730	832454
832247	816768
827830	830128
824970	821840
818731	3770591
831122	828577
832136	827564
820827	835375
818731	823859
832454	835375
841652	842985
841652	834212
818903	837179
838364	839930
834212	834286
833979	817646
832070	816936
831122	839869
822055	824524
818899	830128
820741	821840
841652	822266
841468	835431
831861	817499
828595	838079
821483	844378
827307	822517
843903	831472
833471	832057
824937	818069
835320	831888
841652	820827
841447	840894
817272	843810
831528	824937
844343	832057
816546	818672
824524	830128
833471	831377
829995	816768
817620	838362
818899	822266
835431	826914
836043	841652
832070	830128
818822	820827
835431	832070
841984	841447
818731	831377
831122	839930
838364	841843
839930	822055
844343	839642
831377	817646
837555	816936
836043	837179
839930	816651
821143	831910
838151	834286
816545	816270
816768	843810
822055	834286
824970	828577
819107	832057
824937	827830
831528	817272
838364	828595
818731	825714
841843	834212
830128	816651
831528	834212
837555	842985
829730	838807
824524	842985
838364	838984
836043	818899
821840	830157
838807	840894
816768	830101
816936	842985
841447	822266
831122	825208
838672	817272
835398	824699
837555	818899
818633	837555
839930	828595
816545	839433
831528	831472
831122	824699
844264	839869
838807	837265
830128	835375
829995	834212
818822	825208
818903	828577
829995	843596
827001	843596
827830	831472
836393	817221
838672	828213
839642	823859
827830	822266
818672	838984
822205	818300
841468	832070
828213	822266
831528	837555
843903	818069
835431	818069
818822	837265
828577	822266
818903	821840
829283	822266
818903	822055
832454	816651
831122	841447
827830	818069
822055	820775
831528	816936
824970	840894
825208	830128
841900	838021
841984	838807
818903	842985
829730	818672
837555	838021
816270	817646
838851	832070
831122	823831
829995	841447
818822	838984
843048	838151
826914	838079
843048	839869
841843	830128
820741	830157
824970	832070
841468	824699
816546	828577
814643	818316
838455	820211
818343	838362
831861	816270
828213	827830
825714	3770591
824699	842985
841984	822205
838362	838259
818903	840894
838364	834212
829730	831472
831122	838672
818069	832070
840006	831832
841652	837179
816270	832057
817221	816270
818822	838079
843903	818672
818633	841900
825208	839869
824970	830101
816545	819107
828213	838984
839930	838807
826914	835375
838364	831832
836393	837974
833471	830157
818633	841843
839642	831910
836043	816651
825714	818599
828213	831151
841468	835375
839869	843810
827830	818672
827830	838807
823831	838079
836043	837265
841447	834286
824937	824524
837179	837265
844343	844010
818903	834286
827307	832070
832247	831528
832136	833979
818599	827564
817272	837265
838455	831832
821840	826914
820741	843048
827001	839869
836393	828489
823831	822132
818899	822132
821840	816546
838672	820827
839930	827001
820775	822132
816768	835375
839869	838079
841892	841468
838984	843596
830101	843596
824970	824699
841984	838079
828213	842985
832136	831910
831528	827307
844283	830128
816546	817272
835375	843596
841892	820775
832247	822132
838672	841447
841984	818899
841652	838984
828577	827921
829730	818069
841468	821840
843048	818899
832136	829283
836043	827001
836043	827830
828489	817646
841892	821840
838151	816936
836043	818069
827830	827001
827307	841652
825714	831910
838672	843596
818903	835398
824524	826914
835375	824699
829730	816546
837778	818731
828595	822132
822055	822517
818672	831472
841984	836043
818069	837179
838851	841468
818903	823831
839930	834212
831472	820827
818672	822132
828213	843810
835398	820827
838984	842985
824970	837265
824699	822132
3768499	825714
837778	3768499
841984	839869
818899	838079
824970	829730
841468	827830
818899	840894
824937	838984
824937	830128
830101	824699
841467	843110
822055	828595
838151	843596
841558	824937
838851	825208
830157	840006
818672	817272
824524	844283
817646	827564
817272	832070
841468	816651
844264	822517
828213	818672
820741	831832
836043	823831
832247	824970
831528	832070
818633	828213
831122	830128
839930	818069
843048	822266
837265	816936
823831	839869
828213	831832
818731	817646
818731	832057
818300	822132
841843	831151
821840	837265
841558	822132
3770591	817646
837555	840894
831861	817620
818899	826914
837555	844283
844343	831861
841843	3768499
841558	818672
832070	834286
829995	816651
821840	839869
841652	818672
824970	828595
829730	832070
838151	837265
835431	834212
841843	817272
831122	822132
844264	828213
829995	831528
843048	838079
817272	816651
829995	823831
823831	826914
837778	831861
832136	3768499
838807	820827
841468	829730
831377	825714
831377	827564
843048	824970
818731	827564
827921	837179
838364	823831
838021	822266
820775	823831
832247	835431
843095	817620
824937	836043
818069	839869
839930	821840
818822	837179
818672	837179
835398	841468
822266	828595
835431	831472
823831	835375
841900	831151
837974	817646
835398	839869
820176	835375
839642	825714
835398	825208
820176	834212
831528	818672
837179	838079
825208	816546
838807	832454
841558	839869
