826914	837265
841447	838984
818672	816936
818903	840006
841447	843596
825208	841534
825208	831472
829995	818316
841652	818316
821840	818069
820176	818300
828917	834212
837974	821143
822055	843810
820775	827830
824970	842985
843596	824699
818069	835375
844264	843048
829995	828917
838672	830101
844343	841843
842103	823831
832454	822132
818633	830101
843048	824699
825208	827830
841892	840894
828577	837179
829283	817272
841892	824937
829730	841652
837265	822132
827830	828917
818822	828213
820775	828595
822055	832070
827830	834212
828213	820211
841984	827001
822205	838079
844283	840006
829995	840006
841892	832070
844283	826914
842103	828917
818899	841534
843048	842985
841447	841534
844264	820775
818903	838672
824970	827001
843747	840006
816546	839869
837555	840006
838021	831151
841984	843596
829730	816936
844264	816768
824970	826914
843048	820176
821657	835320
824970	818672
831122	822266
820211	831151
841468	843747
832247	841534
839869	828595
841468	841652
832247	820775
827001	834212
841468	836043
840006	842985
818633	844283
831528	840894
841892	830101
841652	816546
843747	826914
831122	835375
844264	840894
824524	816651
839392	841534
828489	3770591
841447	818300
842103	827830
818899	817272
831122	827830
824524	834212
829995	824524
842103	820775
826914	818300
832247	825208
821840	834286
842103	822055
818633	818300
843747	818300
828577	828595
832247	840894
838021	842985
828213	828595
822055	838984
818822	822266
818899	837179
843747	822205
834212	828595
820775	838984
829283	843596
829995	843048
837555	823831
818300	840006
818903	824699
841558	820827
820176	840894
838672	827001
828577	838021
841892	822205
831528	826914
841892	824699
816768	830128
839930	841984
833979	827564
820775	827001
829730	835375
842103	829730
818069	831472
822266	840006
820176	843747
831377	3768499
841447	830128
820211	843596
826914	822266
841900	828213
816546	842985
818903	822132
818903	816768
841984	818300
828213	838455
831122	818069
841447	838151
844343	827921
824970	823831
818300	828595
832247	818316
820827	830101
825714	820211
825208	818672
828213	830128
832247	822205
824937	828213
818899	823831
837974	839642
818899	839869
818672	828577
840894	837265
818633	827001
843747	841447
829730	840006
3770591	818599
841984	843747
831472	822266
827830	826914
835398	830101
843048	827001
841900	842985
844343	831151
816651	830101
827830	828595
838672	827830
841900	828577
823831	834286
842103	818300
831377	832057
841447	832454
837179	832070
817499	818343
841892	837265
818903	826914
844283	838984
828489	818599
838364	828577
831861	821143
843596	843810
832247	827830
840894	834286
837265	834286
844264	827830
838364	822055
838672	828917
818903	825208
835431	822205
837555	828595
844264	818300
838672	824524
827001	818069
829995	830128
838672	837179
818899	816546
838364	826914
843810	838079
816651	822266
816936	835375
838672	839869
821840	818300
833471	839566
816546	818316
835431	842985
843596	840006
818903	834212
838851	820827
827307	835398
828577	824699
818899	842985
829995	826914
837555	818672
841984	835375
829995	818300
841468	830101
844264	829730
841447	824699
831122	827001
838984	831832
839869	830101
835431	834286
818903	824937
824937	826914
841892	828595
822055	826914
838151	835375
818822	816768
818633	820775
841468	822055
816936	822132
831472	841534
830128	822266
821840	840894
835431	816768
830128	822132
841843	820211
828595	840006
823831	834212
818633	838079
827001	830101
830128	834286
832247	822055
824524	818069
828213	818899
841984	824524
831861	820041
817467	817620
818899	828595
841468	818316
838364	816546
824937	837265
828489	832057
832247	840006
821143	835355
822055	824699
816546	840006
829730	826914
820741	838455
841447	835375
844283	837179
825208	837179
829283	840006
828213	822205
829730	816651
841892	842985
838807	822132
841468	843810
829283	838455
842103	832454
842103	824524
831122	835431
837179	826914
838672	832454
843048	828917
825208	842985
826914	840894
832247	842985
838151	816651
820176	817272
835375	843810
818633	822055
837179	838984
843048	844283
821143	820041
818903	837555
822055	839869
833979	821840
818069	841534
827001	822132
829283	830157
838364	816651
820176	841447
818633	841892
822055	818069
818633	818069
817272	838079
837265	816651
816936	828595
841892	827001
838364	824970
818903	831472
824524	835431
818822	831472
818822	838672
829995	837265
818822	820775
841892	826914
838364	820176
839930	842985
825714	827564
831528	838079
824937	832070
818903	816936
830754	827564
825208	843810
837778	841900
841558	841534
841468	839869
841652	818069
831122	824524
844283	837265
822266	834286
837179	842985
841652	841447
842103	818899
831528	824699
817272	834212
818903	832070
837555	831832
837555	828917
816768	840894
835431	843810
841558	823831
820176	823831
827001	828577
829995	835431
832070	840006
841558	841468
820176	827830
844283	830101
835431	816936
838672	828577
838250	841534
824937	817272
832136	838021
820176	827001
830128	838079
816768	841534
828577	842985
837555	833979
820176	816936
818633	830754
843048	818672
818903	832454
825208	816651
837555	824699
824937	820775
826914	843596
822055	843747
843903	820827
843048	821840
832247	828595
844264	841984
826914	830101
829730	823831
837179	843810
831528	838151
839930	820176
818903	839869
820741	827564
825208	829730
829995	828577
830128	830101
821840	829730
831472	816936
838851	822132
818903	838151
843048	828213
843048	822055
841984	838984
835431	841447
831122	838079
817499	817620
816545	3770591
816768	816651
816270	3770591
841892	823831
843747	816651
816936	843810
818316	843810
843048	840006
823831	822205
841652	844283
839869	840006
839930	816768
841468	828917
839869	822205
816546	826914
842103	825208
818672	830128
831528	838984
838984	832454
818633	818316
828213	844283
824937	818316
830593	842830
3768499	818599
836393	818731
844343	833979
843048	835375
829995	817272
837555	831472
825208	822205
818822	824970
828213	843747
829730	835431
827830	834286
822055	841534
831528	824524
830128	816936
829995	839869
838672	835375
824970	838151
823859	3770591
830128	840006
821840	816768
837974	3768499
821840	831832
816768	822266
829730	824699
841652	840006
817272	830128
822205	822132
823831	816651
838672	841534
824970	824524
829283	831832
838021	830157
817646	818599
831528	839869
841652	826914
3768499	816270
839642	839433
837974	818731
842103	838079
841843	825714
817221	819107
818822	827830
828213	834286
830754	827921
843747	832454
818069	822205
843048	830128
838364	830128
824937	816546
824937	842985
824937	822055
828577	843810
844264	828595
818069	834286
839566	838362
818633	831832
820775	822266
826914	828595
827921	838021
818633	831528
839930	837265
824524	832070
841900	820211
818903	818316
820176	816546
827830	832070
828213	824699
837555	825208
817499	839566
841558	838851
824937	816651
821840	822266
829283	828213
822055	818672
824937	818300
837778	833979
816768	828917
828213	817272
841652	817272
843903	822517
837974	819107
831528	841652
838807	831472
825208	837265
818822	841984
818903	827001
844264	818316
828917	832070
817221	831910
838984	835375
837555	830128
820176	818069
828213	816768
829995	818899
829995	843810
816936	840006
828213	820775
827921	830157
825208	821840
841892	840006
837778	838455
839930	835375
838364	838455
829995	820176
833979	827921
827307	843903
832247	818903
834212	840006
836043	822132
820775	828577
840006	834286
828917	843810
827001	837179
841843	838455
833979	841843
828489	831861
833979	840006
818903	818633
818316	824699
820176	842985
839642	838362
831528	828595
838672	839930
843747	822266
835398	824970
829730	839869
829730	843596
841843	830157
835431	843596
841467	816692
838984	840894
820775	843810
818300	830101
841447	817272
841984	831472
833979	838984
841984	828577
825208	834286
837265	838079
837974	818343
818633	841468
836393	819107
837179	828595
824524	822132
822055	823831
831528	837179
827830	843747
838364	838021
843048	837555
828577	844283
818822	830128
841892	818899
830101	822132
844283	838079
822517	820827
843048	816546
841447	839869
839930	835431
827001	831472
822266	831832
841468	838984
824970	841652
838672	821840
820176	818672
827001	816651
841468	839930
818069	823831
822205	837265
832247	834212
832247	826914
844010	817646
841900	844343
818672	840006
818069	834212
844283	834286
838984	824699
818599	835355
828489	819107
842103	834212
835431	824699
818899	832454
838364	841652
821840	838079
835398	831472
820741	820211
838672	816651
818633	834212
842103	838984
840894	822266
824970	828917
3768499	832057
818899	834286
820741	825714
835431	816546
838151	830101
825208	843596
831472	817272
824770	841033
818633	843810
841033	844245
843048	837179
829995	837179
838984	816936
830101	834286
824937	828917
841468	842985
839869	830128
821840	824699
838672	822055
824524	841447
832247	829995
818672	842985
843048	825208
844283	822205
818822	818672
832070	843596
842103	834286
828577	838455
838672	822132
843596	831832
823859	839433
828213	841447
824970	827830
832070	830101
828577	840006
839642	817620
820176	841652
841447	816768
818822	828577
818633	835375
820176	828577
818903	841892
818822	831122
837555	828577
818903	841468
829730	830128
833979	830157
816768	818316
825714	827921
836393	816270
818903	818300
824970	844283
829995	816936
841468	826914
837555	824970
818899	844283
824524	834286
841892	838151
824970	822266
837778	827921
837555	817272
818822	838364
820176	834286
843596	834286
831122	826914
820827	828884
843903	823831
831528	818899
822055	817272
839869	838151
827830	816546
820176	830128
824937	818672
827830	818316
818903	841652
843048	816768
831528	828917
817499	837996
835398	822132
824970	838079
844264	842985
818300	830128
844264	834212
842103	820176
820775	817272
824524	818316
835431	818300
818633	824524
823831	820827
824937	830101
831472	816768
843747	827001
829966	816692
837778	841843
844264	822266
831472	822132
828577	834212
824524	822266
841892	838364
829995	841892
824970	816936
828577	835375
829995	841652
829283	844343
818903	822205
843095	837996
841652	830101
827921	840006
837974	818599
839930	818316
824970	838807
821840	832454
818903	838364
820176	820775
841843	838021
844343	838021
828489	837974
832247	818672
818343	820041
824970	843810
823859	820041
843747	834286
821840	832070
829966	841467
818903	835375
834212	816651
818633	827921
831472	822517
843747	817272
832247	832454
841652	838151
816545	817221
827307	828884
818822	834212
832070	842985
841468	831472
841468	822266
823831	838151
838984	830128
818822	840894
820775	837179
816692	843110
824524	830101
818069	820827
827307	823831
841984	820775
818899	816768
826914	830128
818903	831528
818633	838151
832136	820211
833471	818343
822266	842985
829995	818822
816546	832070
827001	828595
831122	816651
817272	832454
830754	828577
822517	822132
843747	843596
839869	828917
818633	829730
818672	822205
829995	840894
837778	838021
832070	822132
844010	831910
837265	824699
827830	840006
832247	830101
841447	818316
838021	820211
825208	822055
831122	818672
827830	816768
818903	835431
818731	818599
820176	838984
822055	830101
816768	832070
820741	841843
818672	832070
844264	838364
831122	816936
824937	841984
816768	834286
828577	816651
829730	820775
843048	824937
839869	840894
844264	824970
841558	838807
829995	841534
818899	843810
837555	824524
830101	835375
827830	844283
818903	844264
831122	838984
837974	817221
818069	838151
827830	818899
841892	818672
820176	839869
841892	841652
829995	838984
829730	824524
837555	841652
836393	839433
839869	822266
839869	816768
839930	820775
826914	834212
827001	835375
818300	843810
841558	843903
831122	818316
820176	816651
827830	835375
818899	828577
838364	837265
831472	826914
841984	816936
838151	826914
821840	828577
843810	842985
841984	829730
831528	827001
831528	827830
825208	822266
844264	824937
843827	816692
831528	818069
838851	828884
841892	828917
841984	822055
831472	840006
820741	828213
824524	818899
832247	829730
822266	843596
840894	843810
818903	817272
838672	841984
829995	844283
818903	830101
824937	843810
829995	844264
836393	3768499
823831	838250
833471	843095
822517	841534
832136	831151
844264	837179
831122	842985
841468	830128
818633	839869
841652	837265
829283	827564
818822	827001
818822	835431
818633	831472
841892	827830
839869	817272
831122	818300
820741	829283
841892	824524
818672	818300
841468	820827
832247	824524
843747	830101
822055	827830
839930	816546
820176	838079
838984	828595
820775	842985
831528	844283
817272	835375
843095	817499
828213	837179
841892	844283
819107	839642
825714	838021
831528	844264
839930	838151
841984	818069
825714	844010
816546	843596
832070	843810
828489	823859
824937	824970
839930	822132
818822	844283
822132	834286
822266	835375
829995	838079
818633	820176
837179	834286
842103	824699
837974	823859
824937	835431
839930	843596
828917	830128
839930	841447
820775	840894
843747	828595
824937	828595
832247	837265
828213	835431
832454	824699
828577	820211
818316	828917
822055	837179
832454	843596
832136	837778
822055	816651
822205	816936
820176	829730
828213	824524
818899	840006
816768	838079
828917	822205
841652	838079
828917	832454
829966	843110
816270	818599
824970	843596
818903	818899
821840	843810
831122	832070
841892	829730
837179	816768
820775	834286
818672	843810
818069	826914
841468	841447
831122	841984
816546	838151
820775	818069
831472	832454
830157	820211
832247	827001
831528	832454
841652	834286
832454	837265
828213	830101
839930	828213
832454	822205
831528	843747
841892	816936
835431	816651
843048	834286
816394	837996
818069	828595
831528	835431
817221	3770591
838672	834286
835398	823831
844283	838151
838984	838079
821840	828213
824937	822205
816651	822132
818731	820041
834212	838079
818316	826914
843747	839869
843747	818316
820176	822132
827921	831151
844283	822132
838151	828595
822055	818316
838984	834212
841892	843810
818633	821840
841843	827564
828213	816936
820775	816651
824524	828917
825208	816768
831472	830128
816546	835375
843048	838021
827001	841447
3768499	817646
841984	818672
831861	817221
818599	832057
844230	838455
837778	829283
818069	816936
842103	843596
828577	816768
827307	820827
829995	829730
820211	822266
838364	841447
831528	838364
839392	822132
832454	843810
831122	831472
818822	818899
844264	818672
841843	828213
843747	831472
831528	828213
827830	824699
828917	816651
838151	834212
838984	839869
831528	834286
824937	825208
832454	822266
825208	838984
831910	835355
818633	816546
817272	816936
828213	822055
816936	838079
824937	838079
820176	830101
831528	822055
818822	839930
840894	830128
825208	841447
816546	834212
838672	838364
833471	838362
818672	828917
844264	825208
830101	843810
821143	818599
816936	834286
841892	818069
816768	826914
832247	831472
831377	818599
832070	816651
823831	837179
828917	841534
843048	830101
841892	837179
818316	818300
831861	835355
839930	826914
816768	824699
831472	834212
837179	824699
838672	816546
822205	843810
820741	827921
832070	824699
818822	818300
818903	820775
839869	843596
835431	840006
3770591	818343
838984	837265
830754	838364
821840	820775
841900	830157
818903	842103
838984	816651
838672	843810
824937	839869
843048	841447
841468	838807
828697	817176
824524	816546
844264	841892
834212	843810
817646	832057
824970	820775
839930	838079
829995	820775
844283	832070
818903	828213
818633	837179
825208	843747
831472	835375
837555	830101
838672	838151
844264	818069
825208	818300
818822	816651
838364	843596
831528	816768
828213	838021
835398	838807
841447	842985
832247	828917
816546	830128
841892	831472
838984	832070
833471	820041
820775	840006
818822	843048
818822	820176
821840	830128
844264	816546
825208	834212
821840	838151
824937	843747
832247	838984
828577	822205
838364	834286
833979	834286
838364	844283
824937	839930
832247	818300
831472	824699
838672	822266
828489	817221
818069	830128
829995	828595
829995	828213
820176	816768
829730	828577
818633	825208
823859	832057
841468	818069
841652	832454
838021	817272
837555	822266
822055	828917
842103	839930
3768499	821143
827001	834286
818069	838807
830128	843810
841468	838079
833979	825714
831122	834286
831122	829730
839869	834212
841447	834212
821143	832057
832454	830101
831861	831910
824937	843596
838364	822205
823831	822517
841984	841652
831122	837179
831472	823831
830101	822266
817272	831832
832454	816936
818300	837265
821840	827001
838364	828213
818822	832454
827001	818672
816692	827727
839433	818599
818822	830101
816545	818731
825208	835375
824970	835375
827830	839869
838455	838021
841984	822266
816546	822266
844283	828917
841468	822205
839869	832070
832247	816651
818316	816936
831861	832057
841892	843596
829995	816546
843048	818300
831910	817646
841652	828577
3768499	835355
831122	844283
842830	841919
818672	822266
841984	828213
818903	818822
831528	825208
817272	840894
835431	832454
844264	818822
820775	824699
818069	822517
841984	840006
816768	838151
824524	818300
820041	838362
831528	835375
843747	832070
831528	841984
844230	827921
818316	835375
818822	823831
843095	818343
822055	827001
829966	843827
841468	818672
834212	824699
820176	818899
820775	816768
828697	821051
838851	822517
844283	832454
824937	823831
831472	828917
823831	832454
824524	827001
838079	822132
818903	839930
828577	843596
818300	834286
844283	835375
818903	843596
820775	818672
839433	820041
843810	824699
843048	834212
838364	830101
839930	817272
831528	842103
831528	838672
816651	834286
825208	827001
836393	832057
831122	830101
831861	3770591
821840	841652
827921	843596
820775	826914
832247	816936
829995	825208
841468	816936
837555	820176
822517	828884
830157	831832
823831	844283
827001	844283
838672	841652
831122	840006
832454	834212
837555	827830
831472	842985
818903	816651
829995	839930
837555	816546
843810	822132
821840	816651
824524	843596
827830	840894
838807	822517
831472	844283
828489	818731
841984	816651
827001	832070
827001	830128
818903	841447
820775	834212
838672	826914
817272	840006
833979	820211
818316	822266
843048	822205
841892	828577
823831	824699
828917	838079
837179	818316
844264	817272
816651	835375
843747	834212
838079	840006
818069	818672
841652	831472
831861	823859
829283	838364
827001	816768
825208	823831
842103	816936
817221	823859
841900	827921
822205	834286
841900	843596
828577	840894
843048	826914
816545	831861
821840	843596
824524	839869
818069	844283
838851	841534
820176	837265
818822	828917
818903	820176
818903	824970
828917	816936
830157	827564
844264	843810
838672	820775
819107	816270
827921	838455
841984	822132
825208	835431
818731	816270
824970	834286
837555	841984
818672	839869
841984	834286
831472	838079
832247	841652
838672	825208
836043	820827
829995	822266
834232	829438
843810	840006
841900	817272
832247	842103
839869	818316
841468	827001
830101	816936
838151	828917
843747	840894
832247	824937
831122	817272
838984	817272
837778	827564
832247	818633
831861	3768499
818633	816651
818633	834286
824970	818069
830101	840006
819107	820041
818899	827001
829730	828917
837555	835431
835431	830101
839433	816270
837555	838984
831861	831377
824970	822132
825208	841652
831122	816768
818903	824524
830128	824699
841558	835398
837555	816768
824970	839930
841468	844283
816768	843596
818672	816768
823831	816768
828577	839869
820775	831472
825208	832070
838364	824524
828213	828577
842103	841984
818899	832070
831472	840894
841468	843596
822055	822266
843827	843110
816768	842985
841892	835375
831528	829730
818903	838079
818633	842985
818633	844264
843048	843810
837265	842985
844283	816651
844264	844283
830593	841919
840894	822132
818822	817272
833979	842985
829730	827001
837179	816936
820775	832070
830101	841534
831472	838984
822205	834212
842103	843810
841652	822132
817467	837996
818672	840894
816545	832057
831528	841447
838151	822266
820775	843596
838984	830101
835398	818069
841984	838151
821840	837179
824937	834286
828917	837040
831122	822055
842103	840894
829995	832454
844264	840006
841900	822266
820775	832454
827830	816936
831528	822132
821840	841984
832247	824699
817499	3770591
841652	843747
832070	828595
818822	822205
838151	842985
827921	831832
831528	824970
844264	826914
841892	822266
830157	831151
832454	842985
820775	839869
835431	835375
838151	818300
838364	816768
837179	832454
829730	834212
839869	822132
843596	842985
820176	824524
829283	820211
822055	838151
841468	837179
818069	830101
816546	838079
844264	816651
838151	832070
837179	839869
831122	820176
832070	837265
837555	837265
828595	843810
828577	838151
840894	834212
844264	838151
843048	820775
839930	840006
841468	824524
818633	839930
834212	822132
828213	840006
837179	830128
829730	822266
841900	838455
843048	832454
830754	830157
841468	822132
839930	822205
824970	838984
818343	839566
828917	840894
818822	843747
838151	822132
827001	837265
831122	824970
829995	818903
818822	841468
832247	821840
837555	818300
842833	841920
825208	828213
831472	828577
841652	824699
835375	828595
818316	837040
827001	842985
818903	828917
841984	826914
824970	843747
840894	816651
838364	827001
838672	835431
827830	842985
843048	832070
844264	841447
824970	837179
837265	835375
817272	842985
818672	816651
838807	830101
844283	824699
822055	832454
818633	827830
3768499	831910
829283	827921
832247	816546
837778	820211
837265	840006
837555	821840
827001	838984
841900	827564
827001	823831
841652	828917
841900	825714
816545	823859
822055	841652
824524	837179
820211	827564
818633	828917
837555	822055
825208	839930
827001	817272
831528	822266
832057	820041
843048	833979
818633	842103
841984	817272
822266	843810
824970	818300
834212	842985
837179	822205
837179	817272
821840	822055
818822	838151
818633	816768
818672	826914
844264	838984
832136	830157
818822	826914
828213	835375
823831	818300
818822	843810
822517	832070
817221	3768499
818316	832454
841892	834286
837179	838151
820176	835431
822055	840894
831377	821143
843048	843596
832454	826914
817221	818599
817272	843596
842103	837265
830754	843596
838672	818069
827307	818069
822055	828577
827921	842985
829995	842985
832247	830128
842103	826914
832247	837555
816768	822205
818903	843048
841652	827001
838455	817272
831122	841468
825208	830101
838364	835431
838984	828917
817272	828917
818822	839869
827307	836043
825208	818899
828917	843596
838364	818672
818300	822266
820176	843810
824937	841468
824770	844245
824970	830128
841652	835375
839869	816651
821840	818672
820176	841984
841984	818316
828213	828917
827727	843110
816546	834286
818903	816546
828213	843596
828595	824699
841892	822132
818822	824937
831151	831832
837555	841468
816546	837265
841467	843827
841652	824524
832070	818300
824937	827001
818316	837265
822055	816546
828917	824699
828213	840894
819107	839433
841892	839930
829730	837179
817272	820211
824970	832454
818633	840894
836043	838807
816546	838984
831472	834286
834212	830128
818899	822205
844283	839869
830128	837265
844283	843596
838672	840006
843048	816651
828213	827921
838672	818672
841447	830101
816546	830101
818672	835375
838672	842985
831528	842985
841843	844230
818672	837265
833979	837179
825714	831151
821143	816270
818316	828595
821840	841447
842103	830101
824524	816936
837974	831861
824937	820176
844010	835355
831528	816546
824524	823831
842103	818069
841892	824970
839869	832454
841984	830101
834286	842985
817272	818300
829995	838364
837179	840006
841843	827921
818822	843596
825208	841984
829283	841843
843048	841984
824937	821840
841900	833979
828577	830101
818672	823831
818633	840006
818903	830128
816546	818300
839930	840894
838455	831151
825208	817272
828577	830128
841984	835431
838984	826914
829730	816768
841447	822205
3768499	3770591
838807	832070
839930	837179
836393	839642
816768	816936
838672	832070
817272	834286
828595	842985
833979	828213
838021	840006
835431	822132
828608	823814
838984	818316
837974	3770591
837265	828595
832454	832070
822205	840006
844264	830128
818822	832070
822055	822132
822055	830128
831122	841534
825208	838079
841558	836043
841447	816651
823831	828595
832247	834286
837555	818316
831528	823831
820741	841900
841892	841447
832247	843747
832247	841468
828213	827001
824970	839869
816768	822132
824970	822055
831832	834286
816546	844283
837555	827001
844264	837265
818069	816768
841447	837265
818343	817620
840894	835375
832454	838079
841892	838984
832247	818069
821840	817272
843747	830128
841984	823831
835375	834286
820775	818300
827830	843596
844264	830101
837778	844010
838364	832454
816545	3768499
816546	840894
818316	840894
820176	844283
818903	844283
827830	832454
829730	830101
839930	828917
839392	818316
831528	818300
842103	839869
833979	822266
821840	842985
839930	830101
838364	832070
841892	843747
844343	825714
843903	841534
818903	827830
829995	822055
831122	832454
832247	823831
818300	843596
832070	838079
827830	838079
838364	843747
824970	816651
817499	839433
818899	834212
838672	828595
825208	828595
818316	838250
832247	839869
841468	820176
831910	818599
841652	843810
820176	832454
831861	817646
824970	825208
832247	844283
831472	828595
835431	837265
836393	821143
822055	841447
843048	831832
820741	830754
838672	840894
838851	823831
831861	839433
824524	838079
824524	841534
838455	827564
834212	816936
818903	837265
832247	841447
821840	816936
829995	818633
818633	828595
841984	827830
818822	837555
839930	827830
838672	824937
838807	841534
841892	818300
818633	838984
844283	816768
837555	838364
835431	822266
823831	841534
843747	844283
820775	822205
824699	838079
829995	824937
820827	832070
838672	818300
829730	840894
838364	843810
841892	835431
835431	828577
828489	821143
827830	817272
816768	840006
818822	842985
841984	828917
827830	816651
844264	843747
820775	835375
830754	842985
838984	818300
828213	816651
820211	831832
818633	838364
828577	837265
824970	820176
816651	843596
818300	838079
821143	817646
820775	816936
825208	818316
838021	843596
827001	843810
842103	831472
832247	843048
820176	831472
822266	838079
828917	835375
841652	823831
824970	818899
841892	830128
832247	831122
832247	820176
837778	831832
829995	838672
823831	832070
832247	818822
838672	842103
832136	838455
835431	827001
818633	822266
826914	816936
818069	841447
827001	838079
818633	843048
838021	827564
839392	823831
829995	842103
832136	844010
841447	826914
820775	835431
841892	832454
818672	824699
843048	828595
833471	3770591
822055	840006
818300	824699
825208	841468
822205	824699
830101	838079
831861	818599
831122	822205
841652	835431
830754	838021
841468	816768
830128	843596
833979	817272
841468	841984
818633	841984
824970	820827
837555	822132
816545	818599
837778	844343
831472	837179
821840	822132
821840	830101
839930	838984
821840	818899
838984	843810
838364	838151
827921	827564
835398	843903
831472	843596
827001	828917
832070	835375
833471	817499
835431	818316
818316	834212
841984	837179
841558	827307
839930	830128
818822	821840
836043	828884
832247	817272
3768499	839433
816546	816936
827830	835431
818731	819107
832247	844264
823831	838984
820775	830101
838984	840006
841900	844230
825714	838455
837555	831122
818899	818672
818633	832070
817174	841919
838672	838984
818300	834212
838851	838807
841447	823831
840894	842985
838364	827921
835431	817272
821657	831888
825714	831832
837555	828213
818633	843747
841900	838364
818822	822055
839869	816936
831528	839930
821840	844283
843747	816546
844264	838079
818316	830128
838807	823831
841892	839869
829995	818672
832070	834212
831122	843810
816936	824699
841892	822055
835431	823831
844283	840894
826914	822205
828577	834286
830128	828595
838364	820775
818731	817221
843048	843747
844264	834286
837555	824937
840894	843596
832136	831832
831528	822205
841843	822266
820741	831151
822266	816936
818069	843810
838364	829730
839930	843747
837974	816270
832247	828577
832454	834286
838984	816768
839930	834286
832247	818899
832454	818300
834212	830101
838364	822266
828917	840006
831472	839869
821840	818316
840894	822205
832247	838364
818899	816936
841984	830128
841468	828595
817272	822266
828917	834286
828489	816270
839930	816936
818899	831472
843048	827921
842103	816546
841892	816651
831528	816651
821051	829834
827830	838984
831377	835355
820741	838021
839433	838362
844264	822055
823859	818599
838151	824699
829730	828595
831528	840006
841892	825208
844264	843596
833471	817620
820775	818899
843747	843810
816546	831472
831122	834212
843903	822132
829283	838021
817272	824699
816546	832454
818069	818300
838364	838079
817272	828595
839930	818899
821840	827830
824937	837179
818822	828595
827307	841534
820176	828213
827830	822132
837778	831151
843048	840894
816270	835355
833979	843596
828213	830157
822055	831472
831528	830128
844264	822205
843048	829730
824524	838151
828213	839869
816651	816936
838151	843810
824524	822205
822205	830101
837179	828917
841467	827727
826914	843810
816545	837974
829730	828213
838151	840006
832136	827921
844283	818300
837179	843596
830754	828213
838364	839869
843048	827830
832136	841843
831472	818316
818822	818069
837555	838079
816651	842985
841892	820176
843596	838079
821840	834212
835431	841534
835431	838079
837179	840894
839433	832057
831528	820176
831122	828917
829995	837555
832247	838672
837778	825714
816936	843596
839930	818300
833979	827830
830101	828595
824524	837265
832247	843596
841468	818300
820775	816546
829995	824699
822266	824699
841558	828884
838364	817272
835375	838079
842103	822132
839869	835375
831122	842103
841447	832070
838984	822205
831377	831910
842103	828595
837555	829730
829995	822132
841652	832070
844264	841468
817221	839433
841652	830128
821840	835375
819107	3770591
837179	822266
841984	842985
833979	838021
839869	818300
831122	843596
842103	841447
818672	832454
837265	822266
824970	816546
838672	820176
817221	832057
827830	831832
826914	840006
829730	841447
831122	828213
818672	843596
818899	835375
822205	842985
832247	832070
818822	816936
833979	838455
818822	840006
817499	839642
843048	817272
841652	839869
818822	841447
831472	838151
839930	824524
827001	832454
829730	817272
818316	830101
843903	828884
844264	832454
830754	840006
820775	838151
830754	831151
841652	843596
818069	840894
827830	841447
832247	838079
816651	838079
830754	829283
838851	818069
824524	832454
829995	838151
838079	834286
838364	816936
833979	831832
835398	822517
832070	840894
828917	818300
837179	835375
818822	835375
838364	821840
842103	843747
824524	831472
816546	816768
821840	824524
831528	841468
828213	816546
829730	844283
831528	818822
837974	832057
841534	822132
827921	820211
835431	844283
836043	841534
818672	838079
818899	816651
824699	834286
818899	824699
841984	832070
821840	828917
828489	3768499
838364	841984
838672	818899
820176	840006
839433	818343
818672	844283
824937	844283
841984	816768
837555	839930
818633	838672
839869	826914
829995	831122
818903	841984
841652	818899
831472	843810
824970	841447
816546	827001
835398	832070
838672	837265
818316	843596
816768	828595
838362	837996
832070	826914
839642	3770591
835431	818672
828917	842985
818903	828595
816394	817467
841892	838079
818316	838079
818633	828577
820176	824699
838672	823831
841843	840006
842103	838151
837555	835375
839930	841652
838672	834212
843903	838807
818672	828595
820741	833979
840894	824699
840894	838079
822055	842985
829730	838151
838984	822266
838672	830128
841468	834212
817272	826914
829730	827830
837778	830754
818633	826914
829995	841984
833979	818672
841447	828595
837179	830101
839869	824699
827307	841468
831122	843747
837555	841447
823859	838362
823831	843810
816546	824699
829730	818300
821840	840006
841558	818069
844264	821840
837179	831832
838364	818899
828577	838984
837555	843810
841652	820775
831472	837265
837265	843596
832454	840894
838984	822132
829995	831472
828917	822266
833979	828577
831528	820827
820211	840006
843048	816936
831528	843048
824937	841652
824699	840006
843095	838362
828577	831832
838364	837179
829966	827727
818903	838984
816546	837179
821840	843747
824524	818672
824524	840006
3770591	820041
822205	830128
824937	822266
832070	822205
818822	822132
828577	817272
821840	831472
844264	837555
832454	828595
831122	837265
818903	843747
832247	839930
821840	838984
818903	829730
829995	832070
831151	827564
833979	838364
817221	821143
838672	822205
837265	843810
829995	827001
841652	816768
824524	816768
841468	840894
844264	828577
838672	824970
821840	835431
824970	831472
844283	816936
832247	822266
837555	818069
844264	831472
841468	837265
844283	828595
838851	835398
824970	822517
841468	843903
821840	823831
841652	840894
823831	816936
829730	838984
838364	825208
838021	831832
841892	838672
834212	835375
816545	821143
816768	818300
843048	828577
832247	838151
841892	816768
843747	838151
824937	840006
824937	840894
837555	816651
824970	841984
842103	824970
818069	838984
822517	830101
843747	837179
835375	842985
824937	842103
831910	832057
831472	832070
818633	835431
818731	3768499
828577	816936
838151	830128
829995	827830
818633	818672
822055	818899
844264	822132
837179	822132
841892	816546
818903	818069
825208	828577
823831	830128
818633	824970
841447	818672
831122	821840
824524	835375
827307	838851
839930	839869
820775	841447
827001	840006
819107	838362
841984	837265
827830	838151
824937	824699
827001	822205
833979	831151
837555	834212
843048	829283
831528	821840
831528	830101
820176	832070
829730	822132
836043	822517
838151	832454
816546	823831
831472	816651
831122	838364
841447	837179
839930	823831
843048	841900
827921	817272
841447	828917
843048	831122
844343	827564
830754	825714
843048	841843
831377	844010
816651	840006
818903	818672
827830	824524
829995	824970
833471	823859
832136	830754
840894	818300
839642	820041
830754	841900
830754	841843
836393	831861
841843	828577
830754	820211
817272	830101
839869	834286
839930	818672
838984	834286
838364	824699
829283	842985
841652	827830
824970	828213
831122	841652
830754	831832
837555	838672
828213	834212
816545	818343
831528	841892
828213	831472
842103	841652
841652	818300
829995	841468
827830	830101
818822	824524
838364	835375
818822	824699
831122	828595
822205	822266
831528	838807
818069	816651
841447	844283
838672	831472
840894	830101
831528	837265
825208	818069
838672	829730
843747	835375
828577	838079
824937	822132
816545	839642
831122	820775
827001	826914
840894	828595
818069	824699
844343	831832
832247	835375
816768	837265
823859	816270
816546	841447
844264	820176
829283	831151
822205	816651
838851	843903
844264	832070
836393	3770591
836043	843903
837555	822205
838151	840894
824524	838984
841900	831832
843747	824524
841447	840006
841447	838079
816546	816651
824937	835375
838151	838079
837555	832070
824970	840006
838364	818300
820775	838079
820176	822055
844264	818899
818899	838984
829730	837265
833471	839642
818599	820041
842103	821840
818633	832454
839930	843810
828213	838151
838672	816936
843810	834286
833471	837996
818633	830128
839930	832454
841447	816936
821840	822205
838672	841468
829730	818899
841900	840006
841843	843596
820176	838151
825208	822132
842103	842985
843095	817467
816651	828595
842103	827001
832136	841900
3768499	823859
841447	843810
839930	832070
3770591	832057
827830	837265
825208	824524
843048	839930
827307	822132
818731	821143
843747	823831
844264	841652
838807	828884
833471	839433
841984	816546
827830	822205
828917	828595
838079	842985
836393	818599
831472	818300
843747	837265
818899	818316
832136	844343
838455	840006
843048	838984
824970	817272
832247	841892
843747	828917
818316	842985
843048	838364
820775	824524
844264	828917
816651	843810
841984	828595
843747	841534
844283	842985
838151	822205
844283	834212
839930	822266
824937	831472
829730	818316
831472	830101
838079	841534
818822	816546
829283	828577
837179	816651
839930	829730
822055	816768
830128	842985
844264	831122
837778	830157
824937	838151
825208	816936
826914	822132
841652	816651
824970	841534
818069	828917
841984	843810
844283	822266
828595	834286
819107	818343
841984	832454
825208	832454
828213	832454
827307	838807
841892	841984
841984	844283
822205	835375
827830	828577
828577	832454
816768	832454
824937	828577
824937	841447
829730	843747
820775	828917
829283	841900
820176	822266
840894	816936
844343	838455
841843	842985
824937	832454
837778	820741
841843	831832
829995	821840
818899	830101
828577	832070
824524	843810
831122	838151
824970	834212
832247	841984
824524	828595
818672	830101
835431	838984
844264	827001
829283	825714
838364	842985
835431	838151
844264	816936
841984	834212
841468	838151
842103	818672
838672	838079
838672	824699
841468	832454
844264	835375
827830	818300
829995	830101
820176	818316
818316	822205
835431	830128
818903	822266
822055	835431
818822	841892
824524	828577
820741	844343
844264	824524
844283	817272
824524	840894
822055	835375
834212	837265
818822	841652
841447	822132
841468	834286
818633	841652
841468	841534
839930	824699
818316	832070
843048	837265
825208	838151
822055	834212
831528	835398
837555	820775
823831	837265
827001	816936
827001	838151
818069	832454
818903	831122
826914	824699
844264	839930
820176	821840
837179	818300
818633	843596
818069	838079
822055	844283
841892	828213
816394	838259
818899	838151
832136	820741
822055	822205
820775	843747
839930	831472
829995	834286
828213	837265
831122	818899
817499	838362
820775	818316
841892	837555
829995	822205
838250	822132
837555	837179
818300	835375
843048	830754
822055	816936
829995	818069
841652	816936
816651	824699
843048	831472
841652	828595
822055	837265
818899	818069
842103	830128
817499	820041
839433	3770591
822205	828595
829995	835375
823831	830101
825208	840894
832247	837179
841468	818899
835431	839869
824937	834212
838672	818316
835375	822132
824970	816768
823831	840894
828213	841652
841984	840894
829283	833979
832070	822266
829730	838079
831528	843810
831528	822517
821143	3770591
829730	843810
839392	838250
829730	842985
820176	831832
838364	827830
836393	816545
822055	838079
818822	834286
818672	831832
818822	829730
835431	828595
818069	822132
816545	820041
817499	819107
837555	838151
829730	834286
825208	820775
838455	830157
833979	820176
828917	830101
825208	824699
838364	828917
817221	817646
824937	816768
820775	830128
828917	826914
843048	838672
844283	818316
837555	843596
822055	843596
837265	830101
820176	828595
831122	816546
818899	828917
827001	818316
825208	840006
818899	818300
841984	824699
843747	816936
839869	837265
822055	818300
838672	844283
827564	831832
841900	841843
824970	835431
3768499	820041
820211	842985
829730	822055
837555	834286
843048	838455
841468	823831
831528	820775
839869	842985
834212	822266
837555	842103
841447	831472
820176	837179
816546	818069
830754	838455
818672	838151
838851	836043
832057	835355
837555	839869
821840	828595
827001	822266
827001	818300
816270	831910
838984	838151
836393	823859
843747	824699
843048	835431
820176	828917
838151	818316
827921	822266
838364	824937
841468	820775
841468	822517
818899	841447
830754	844343
828697	829834
844283	843810
843747	838984
817221	835355
829730	822205
841892	841534
816270	820041
820827	822132
827001	840894
842103	822266
820775	844283
838672	816768
818903	843810
830593	817174
841652	822205
820176	843596
830101	842985
843095	839642
832247	843810
828213	838079
828577	826914
837555	832454
838364	840894
827830	837179
838151	817272
838364	831472
818899	837265
816768	817272
832454	840006
825208	820176
831122	840894
841892	834212
841468	816546
824937	818899
818899	843596
843596	828595
816546	822132
841447	828577
818672	818316
818633	817272
843048	841892
818672	834286
816768	834212
827830	823831
831122	824937
825208	826914
844264	823831
831528	828577
835431	837179
828577	818300
825208	844283
816546	828595
824524	817272
837179	834212
817646	835355
823859	821143
841558	822517
820775	837265
824937	829730
838364	840006
818300	816651
818672	834212
841892	831122
837555	826914
818069	837265
834212	843596
844264	838672
835431	818899
818633	837265
826914	842985
838672	843747
827830	843810
826914	816651
826914	834286
843048	824524
836393	818343
832454	830128
843048	841652
824937	816936
816546	843810
831528	843596
821143	839433
839930	844283
824970	841468
831832	842985
835431	840894
820176	826914
844264	835431
824970	818316
831528	831122
843747	816768
824524	824699
818300	816936
835398	836043
839930	828577
844264	824699
827001	824699
832136	825714
843747	838079
818633	833979
829730	832454
832247	816768
827830	830128
824970	821840
818731	3770591
831122	828577
832136	827564
818633	816936
818731	823859
832454	835375
841652	842985
841652	834212
818903	837179
838364	839930
832247	828213
834212	834286
832070	816936
831122	839869
822055	824524
817272	822205
818899	830128
844343	820211
818316	834286
835398	841534
841652	822266
841468	835431
828595	838079
827307	822517
824937	818069
842103	844283
835320	831888
841447	840894
817272	843810
831528	824937
816546	818672
824524	830128
830754	817272
831528	818316
829995	816768
817620	838362
818899	822266
837555	843747
835431	826914
842103	835375
832070	830128
842103	816768
835431	832070
841984	841447
831122	839930
840894	840006
838364	841843
839930	822055
843747	828577
828213	832070
831377	817646
837555	816936
839930	816651
821143	831910
838151	834286
816545	816270
842103	841468
816768	843810
822055	834286
824970	828577
824937	827830
831528	817272
838364	828595
830128	816651
831528	834212
837555	842985
824524	842985
838364	838984
820176	822205
816768	830101
816936	842985
832070	841534
841447	822266
819107	823859
838364	820211
831122	825208
838672	817272
820827	841534
837555	818899
818633	837555
818633	824937
839930	828595
816545	839433
818633	824699
831528	831472
831122	824699
844264	839869
818633	818899
830128	835375
842103	832070
829995	834212
818822	825208
818903	828577
829995	843596
827001	843596
833471	819107
827830	831472
836393	817221
838672	828213
839642	823859
827830	822266
818672	838984
822205	818300
841468	832070
829995	843747
828213	822266
817620	837996
831528	837555
828489	816545
843903	818069
835431	818069
818822	837265
828577	822266
818903	821840
818633	841447
829283	822266
818903	822055
832454	816651
831122	841447
827830	818069
822055	820775
831528	816936
822205	843596
824970	840894
825208	830128
841900	838021
843747	822132
818903	842985
829730	818672
816270	817646
831122	823831
829995	841447
818822	838984
843048	838151
826914	838079
843048	839869
820741	830157
824970	832070
841468	824699
816546	828577
817221	820041
838455	820211
818343	838362
831861	816270
835375	840006
828213	827830
824699	842985
841984	822205
816546	822205
818903	840894
838364	834212
829730	831472
831122	838672
818069	832070
840006	831832
841652	837179
816270	832057
817221	816270
843747	818069
843810	831832
818731	831861
818822	838079
818633	841900
825208	839869
843747	842985
828213	827564
824970	830101
816545	819107
828213	838984
826914	835375
838364	831832
836393	837974
818633	841843
828213	831151
841468	835375
839869	843810
827830	818672
823831	838079
842103	837179
844264	842103
841447	834286
824937	824524
837179	837265
828577	828917
831528	841534
818903	834286
832247	831528
825714	830157
832136	833979
817272	837265
838455	831832
821840	826914
827001	839869
836393	828489
823831	822132
818899	822132
821840	816546
839930	827001
820775	822132
842103	835431
816768	835375
839869	838079
824970	822205
841892	841468
839642	818343
838984	843596
818822	841534
830101	843596
824970	824699
841892	818316
841984	838079
816546	828917
828213	842985
844343	830157
818633	818822
837974	820041
844283	830128
816546	817272
835375	843596
841892	820775
832247	822132
838672	841447
817499	823859
818316	816651
841892	842103
841984	818899
841652	838984
828577	827921
829730	818069
841468	821840
843048	818899
832136	829283
828489	817646
841892	821840
838151	816936
836043	818069
827830	827001
826914	841534
838672	843596
824524	826914
835375	824699
829730	816546
828595	822132
818672	831472
818069	837179
838851	841468
818903	823831
839930	834212
831472	820827
818672	822132
828213	843810
835398	820827
838984	842985
824970	837265
824699	822132
841984	839869
818899	838079
824970	829730
841468	827830
818899	840894
841892	817272
824937	838984
824937	830128
830101	824699
841467	843110
822055	828595
838151	843596
818672	817272
818633	822205
824524	844283
817272	832070
841468	816651
828213	818672
820741	831832
823859	818343
833979	843810
836043	823831
832247	824970
831528	832070
835431	828917
818633	828213
818822	818316
842103	816651
830754	822266
831122	830128
828489	839433
839930	818069
843048	822266
837265	816936
823831	839869
828213	831832
818731	817646
818731	832057
818300	822132
818731	839433
841843	831151
821840	837265
841558	822132
837555	840894
818899	826914
837974	839433
818822	842103
837555	844283
831472	822205
843747	818899
832070	834286
836393	820041
829995	816651
835398	828884
821840	839869
841652	818672
828213	826914
824970	828595
829730	832070
838151	837265
830754	833979
828213	818300
835431	834212
841843	817272
831122	822132
844264	828213
829995	831528
843048	838079
818633	831122
817272	816651
842103	822205
829995	823831
823831	826914
838807	820827
841468	829730
843048	824970
838021	822266
820775	823831
832247	835431
843747	835431
843095	817620
818069	839869
839930	821840
828489	820041
818822	837179
843747	818672
818672	837179
835398	841468
822266	828595
825208	828917
835431	831472
843048	820211
823831	835375
841900	831151
820176	835375
820176	834212
831528	818672
837179	838079
825208	816546
818300	842985
828917	837265
