Term_id	Sign_score	Gene_number	Time_point_length	leaf	Trend1	Trend2	Trend3
5813	0.9444	5	12	1	1	1	1
5796	0.9192	6	11	0	1	1	0
5860	0.9111	6	10	1	1	1	1
767	0.9	6	10	0	0	0	1
5788	0.9	7	10	0	1	1	0
5644	0.899	6	11	1	1	1	0
777	0.8848	5	11	1	0	0	1
5695	0.881	7	10	1	1	1	0
1269	0.8788	6	11	1	0	0	1
5487	0.8778	6	10	1	1	0	1
1096	0.8722	5	12	1	0	1	1
4395	0.8619	7	10	1	0	1	1
2278	0.8611	5	12	1	0	0	0
2575	0.8606	5	11	1	0	0	1
2970	0.8535	6	11	1	1	0	1
2564	0.85	6	10	0	0	0	0
2274	0.8434	6	11	0	0	0	1
2129	0.8389	5	12	1	0	1	1
1444	0.8381	7	10	1	0	1	1
4172	0.8333	6	13	1	1	1	1
1083	0.8333	7	10	0	0	1	1
3545	0.8333	5	12	1	0	1	1
2115	0.8292	8	10	0	0	1	1
2264	0.8286	7	10	0	0	0	0
3697	0.8278	6	10	1	1	0	0
5251	0.8268	7	11	1	1	1	1
2118	0.8232	6	11	0	0	0	0
4854	0.7958	8	10	1	0	1	1
2963	0.7926	9	10	0	1	1	1
4526	0.7875	8	10	1	1	0	0
3859	0.7619	7	10	1	0	1	1
5327	0.7378	15	10	0	0	0	1
5557	0.7222	6	10	1	1	1	1
4646	0.7167	6	10	1	0	1	1
912	0.7111	9	10	1	0	0	1
4146	0.697	5	11	1	0	0	1
4956	0.6667	5	11	1	1	1	1
1793	0.6487	13	10	0	0	1	1
185	0.6485	11	10	0	0	1	0
4140	0.6467	10	10	0	0	1	1
5334	0.6465	6	11	1	1	1	0
3533	0.6458	8	10	0	0	1	1
3535	0.6407	7	11	1	0	1	1
2569	0.6389	6	10	1	0	0	0
5049	0.6296	9	10	1	1	1	0
4005	0.6278	6	10	1	1	0	0
2415	0.619	7	10	1	0	1	1
4273	0.6167	8	10	1	1	0	0
3863	0.6048	7	10	1	0	1	1
5055	0.6	8	10	0	1	1	1
4946	0.6	9	10	0	1	0	0
5857	0.5889	6	10	1	1	1	1
3234	0.5872	13	10	1	0	1	1
3707	0.5818	5	11	1	0	1	1
5061	0.5801	7	11	0	1	1	1
1802	0.5801	7	11	1	0	0	0
4272	0.58	10	10	1	0	0	1
3691	0.5778	9	10	0	1	0	0
4396	0.5762	7	10	1	1	1	1
3089	0.5758	5	11	1	1	1	0
1089	0.5758	5	11	1	0	0	0
5155	0.5708	8	10	1	1	0	1
2845	0.57	10	10	1	1	0	0
4949	0.5671	7	11	0	1	1	0
3237	0.5619	7	10	1	1	1	1
5558	0.5556	6	10	1	1	1	0
5247	0.5481	9	10	1	1	1	1
2713	0.5444	6	10	1	1	1	0
561	0.5417	6	12	1	0	0	1
277	0.5333	10	10	1	0	0	0
4523	0.5333	6	10	0	1	0	0
2269	0.5292	8	10	1	0	0	0
5076	0.5278	5	12	1	1	1	1
4753	0.5222	6	10	1	1	0	0
4532	0.5152	5	11	1	0	1	1
4858	0.5152	5	11	1	1	0	1
4008	0.5152	11	10	1	0	0	1
452	0.5111	6	10	1	0	0	1
1959	0.5111	12	10	0	0	0	0
2840	0.5095	7	10	1	0	0	0
4962	0.5093	6	12	1	0	0	1
4401	0.4952	7	10	0	1	1	1
4655	0.4944	5	12	1	0	1	1
2717	0.4933	10	10	1	0	1	1
2128	0.4889	5	12	1	1	1	1
2413	0.4833	6	10	1	1	1	0
3384	0.4778	6	10	1	1	0	0
5631	0.4762	7	10	0	1	0	1
3527	0.4738	14	10	0	0	1	1
1080	0.4718	13	10	0	0	1	1
3690	0.4704	9	10	0	0	0	0
1966	0.4697	6	11	1	0	0	1
1450	0.4667	7	10	1	0	1	1
5412	0.4646	6	11	1	1	1	1
191	0.4632	7	11	1	0	0	0
910	0.4625	8	10	0	0	0	1
1261	0.4625	8	10	1	0	0	1
3739	0.4619	5	14	1	0	0	1
5786	0.4545	11	10	0	1	1	1
4394	0.4513	13	10	1	0	1	1
4408	0.4485	5	11	1	0	1	1
1260	0.4476	7	10	1	1	0	0
5799	0.4455	10	11	0	1	1	0
3887	0.4402	6	13	1	0	1	1
5484	0.44	10	10	0	0	0	1
3706	0.4394	6	11	0	0	1	1
2110	0.4381	7	10	0	1	1	0
4644	0.437	9	10	0	0	1	1
5640	0.4364	5	11	1	1	1	0
1113	0.4316	6	13	0	1	0	0
1797	0.4278	6	10	1	1	1	0
5496	0.4242	9	11	1	1	0	0
3534	0.4242	5	11	1	0	1	1
5784	0.419	7	10	1	1	1	0
1263	0.4167	8	10	1	1	0	1
924	0.4087	7	12	1	0	0	1
769	0.4074	9	10	1	0	1	1
5831	0.4061	11	10	0	1	0	0
4850	0.4051	13	10	0	0	1	1
1148	0.3958	5	16	1	0	1	1
3875	0.3929	7	12	0	1	1	0
5413	0.3788	8	11	0	1	1	0
4761	0.3788	8	11	1	1	1	0
5242	0.375	8	10	0	0	1	1
5363	0.373	6	14	1	1	0	0
2965	0.3727	11	10	0	1	0	1
2113	0.3722	12	10	0	0	1	1
3081	0.3641	13	10	0	0	0	1
4522	0.3636	11	10	1	0	0	0
5052	0.3545	11	10	1	0	1	1
5428	0.3532	7	12	1	1	1	0
4135	0.3481	9	10	0	1	1	1
4947	0.3481	9	10	1	0	0	0
542	0.3444	9	10	1	0	0	1
3860	0.3444	9	10	0	1	1	1
1622	0.3417	12	10	0	0	0	0
2123	0.3409	8	11	0	0	1	0
5409	0.3405	14	10	0	1	1	1
3873	0.3403	8	12	1	1	1	1
4149	0.3394	10	11	0	1	1	1
3531	0.337	9	10	1	1	1	1
4859	0.3333	8	11	0	1	0	1
4153	0.3299	8	12	1	1	1	1
2568	0.3292	8	10	1	0	0	0
5821	0.3291	6	13	1	1	1	0
2565	0.3273	11	10	1	0	0	1
3387	0.3233	10	10	0	1	0	0
4138	0.3182	11	10	0	1	1	0
2127	0.3175	7	12	0	0	1	1
1631	0.3168	11	11	1	0	0	1
2412	0.3148	9	10	0	0	1	1
3084	0.3148	9	10	1	0	0	0
3451	0.3148	7	18	1	0	0	0
2971	0.3144	8	11	1	0	1	1
2715	0.3125	8	10	1	0	0	1
5835	0.3117	7	11	1	1	1	1
5335	0.3113	11	11	0	1	1	0
2447	0.3111	7	15	0	0	1	1
2165	0.3098	5	17	1	0	1	1
5692	0.3033	10	10	1	1	1	1
3862	0.297	11	10	0	1	1	0
4869	0.2857	7	13	1	1	0	1
5560	0.2833	10	10	0	1	1	1
5258	0.2778	5	12	1	0	1	1
5854	0.2778	9	10	1	1	1	1
2969	0.2727	10	11	1	0	0	1
2524	0.272	5	25	1	0	0	1
4778	0.2579	6	14	1	1	0	0
4134	0.2571	7	10	1	0	1	1
3388	0.25	8	11	1	1	1	1
911	0.2429	7	10	1	0	0	0
1321	0.2407	6	15	1	0	0	1
2133	0.2381	7	13	1	0	0	1
5343	0.2381	7	12	0	1	0	0
1149	0.2375	5	16	1	0	0	1
2856	0.2361	8	12	1	0	0	1
293	0.2271	7	13	1	0	0	0
4275	0.2271	16	10	0	0	0	1
5354	0.2265	6	13	1	1	1	1
209	0.2183	6	14	1	0	0	0
4170	0.2137	6	13	1	1	1	0
5577	0.2111	5	12	1	1	1	1
4751	0.2093	18	10	0	0	0	1
3241	0.2074	9	10	0	0	1	0
3381	0.2067	10	10	0	0	0	1
2734	0.2051	5	13	1	0	0	1
3085	0.2042	8	10	0	0	0	0
2855	0.202	9	11	0	0	0	1
776	0.2	5	11	1	0	0	0
5626	0.2	7	10	1	1	0	0
5866	0.1936	18	11	1	1	1	0
5873	0.1917	8	10	1	1	0	1
2125	0.1694	10	12	0	1	1	0
1958	0.1692	13	10	1	0	0	0
200	0.1667	7	12	0	0	0	0
284	0.165	9	11	0	0	0	1
5407	0.1639	24	10	0	1	1	0
2733	0.162	6	12	0	1	1	0
5783	0.1619	7	10	1	1	1	1
4760	0.1562	13	11	0	1	1	0
5850	0.1545	16	12	1	1	0	0
5248	0.1533	10	10	1	1	1	0
4420	0.1528	6	12	1	0	1	1
3094	0.1515	6	11	0	0	0	1
5694	0.151	17	10	0	1	1	0
5698	0.149	12	11	1	1	1	0
5743	0.1479	16	10	0	0	0	1
3240	0.1474	19	10	0	1	1	1
2968	0.147	22	10	0	1	0	0
3242	0.1455	5	11	1	1	0	1
4974	0.1453	9	13	0	1	1	0
2410	0.1429	14	10	0	1	1	0
188	0.1417	8	10	0	0	0	0
1268	0.1396	16	10	0	0	0	1
279	0.1394	11	10	0	0	0	1
3293	0.1389	6	16	1	0	1	1
1794	0.1389	6	10	1	0	1	0
5648	0.1338	11	12	0	0	0	0
3696	0.1333	12	10	1	0	0	0
1795	0.1333	8	10	1	1	1	0
4766	0.1319	12	12	1	0	0	0
2111	0.1313	16	10	0	1	1	0
1095	0.1293	15	11	0	0	0	1
1466	0.1278	5	12	1	0	1	0
2574	0.1273	5	11	1	1	1	0
3151	0.1255	5	17	1	1	1	1
2267	0.1244	15	10	1	0	0	0
5632	0.1227	22	10	0	0	0	1
4289	0.1227	12	12	0	0	0	1
3413	0.1224	7	14	1	1	0	1
2714	0.1216	17	10	0	1	1	1
1454	0.1162	6	11	0	1	1	0
5068	0.1157	6	12	1	0	1	1
5822	0.1154	12	13	1	1	1	0
5747	0.1152	5	11	1	1	0	1
5643	0.1142	13	11	0	1	0	0
4525	0.1096	38	10	0	0	0	1
1445	0.1083	8	10	0	0	1	1
5159	0.1082	7	11	1	0	1	1
2001	0.1042	5	16	1	0	0	0
3218	0.1024	5	28	1	0	0	1
5833	0.1024	28	10	0	0	0	1
3083	0.1	6	10	0	1	0	1
5436	0.0989	7	13	0	0	1	1
656	0.0985	8	11	1	1	0	1
4700	0.098	10	17	0	1	1	1
2434	0.0974	10	13	1	0	0	1
3443	0.0963	11	17	0	0	1	0
5841	0.0956	26	11	0	1	0	1
1639	0.0952	7	12	0	0	0	1
4692	0.0947	11	16	0	1	1	1
3316	0.0944	10	18	0	1	1	1
5449	0.0926	6	15	1	0	1	1
2721	0.0909	11	11	1	1	0	1
932	0.0909	11	12	0	0	0	1
4925	0.09	5	20	1	1	1	1
3502	0.0897	9	26	0	0	0	0
3497	0.0893	10	25	0	1	1	1
2424	0.088	12	12	0	1	1	1
4945	0.0877	19	10	0	0	0	0
5059	0.0875	9	11	0	0	1	1
3036	0.0867	5	20	1	1	1	1
4961	0.086	21	12	0	0	0	1
3257	0.0859	11	12	0	1	1	1
3353	0.0855	9	26	0	1	1	1
4891	0.0852	6	15	0	1	1	0
1991	0.0852	6	15	0	0	0	1
3357	0.0833	8	27	0	1	1	1
3532	0.0833	10	10	1	0	1	1
5686	0.0833	9	16	1	1	0	0
2150	0.0815	9	15	0	0	0	0
2563	0.0815	9	10	0	1	0	0
5156	0.0813	25	10	0	0	0	1
792	0.0794	7	12	1	1	1	1
5404	0.0792	8	20	1	1	1	0
4981	0.0782	7	14	0	0	0	1
4977	0.0774	12	14	0	0	0	0
5081	0.0769	13	13	0	1	1	1
1645	0.0769	6	13	1	0	0	1
4782	0.0767	9	14	1	0	0	1
772	0.0756	15	10	0	1	0	1
2997	0.0754	6	14	0	1	1	1
5072	0.0754	14	12	0	1	1	1
4971	0.075	13	13	0	1	1	0
5058	0.0747	15	11	0	1	1	1
2140	0.0736	11	14	0	1	1	1
4959	0.0734	14	12	0	0	0	0
5371	0.0733	10	15	0	1	1	0
5853	0.0727	11	10	0	1	1	1
2138	0.0726	12	13	0	0	0	1
2843	0.0708	8	10	1	1	1	0
647	0.0704	27	10	1	0	1	1
4762	0.0694	10	12	0	0	0	1
4750	0.0672	60	10	0	0	0	0
4527	0.0667	14	10	1	1	0	0
1270	0.0667	5	11	1	1	0	1
1976	0.0667	5	13	1	0	1	1
1961	0.0661	11	11	0	0	0	1
2163	0.0651	8	16	1	1	1	1
4409	0.0646	30	11	0	1	0	1
1476	0.0641	6	13	1	0	0	1
5048	0.0639	5	24	1	1	0	0
4727	0.0635	9	21	1	1	1	1
4919	0.0632	5	19	1	1	1	0
5810	0.0631	22	12	0	1	1	1
5769	0.0629	11	13	1	1	0	1
4957	0.0627	29	11	0	1	0	0
3866	0.0626	15	11	0	1	0	1
688	0.0622	5	15	1	0	0	0
3919	0.0616	21	17	1	1	1	1
5552	0.0608	7	18	1	1	1	0
4184	0.0606	22	15	0	1	0	1
4952	0.0606	18	11	0	1	1	0
4872	0.0598	18	13	0	1	1	0
4425	0.0598	9	13	0	1	1	1
4397	0.0591	31	10	0	1	1	0
5013	0.0586	6	18	0	0	0	0
1447	0.0586	37	10	0	1	1	0
5670	0.0583	8	15	0	1	1	1
4920	0.057	8	19	0	1	1	0
3521	0.0568	8	33	1	1	1	1
4302	0.0565	8	14	0	0	0	1
1452	0.0564	36	11	0	0	1	1
4337	0.0556	6	18	1	0	0	1
5503	0.0556	11	12	0	1	0	1
355	0.0556	6	24	1	0	1	0
2981	0.0556	8	12	0	1	1	1
5501	0.0556	6	12	1	0	0	1
5567	0.0556	12	11	1	0	1	1
5517	0.0548	10	14	0	1	0	1
4006	0.0542	16	10	0	1	0	0
5720	0.0529	9	14	0	1	1	1
2860	0.0528	10	12	1	0	0	1
5362	0.0527	14	14	0	0	0	1
2185	0.0526	5	19	1	0	0	1
4175	0.0524	5	14	1	1	1	0
5855	0.0521	16	10	0	1	1	1
826	0.0519	10	18	1	0	1	1
4910	0.0514	9	18	0	1	1	0
5350	0.0513	15	13	0	1	0	0
921	0.051	19	11	0	0	0	1
4462	0.0504	7	17	0	1	1	1
4540	0.05	10	12	0	0	0	1
5826	0.05	20	10	0	1	0	0
4463	0.049	8	17	1	1	1	0
5345	0.0486	16	12	0	0	0	1
4295	0.0484	9	13	0	1	1	0
5154	0.0481	18	10	0	1	0	0
2974	0.048	12	11	0	0	0	1
2599	0.0476	9	14	1	0	0	1
3377	0.0476	7	35	1	1	1	1
4338	0.0476	7	18	1	0	0	1
216	0.0471	17	15	0	0	1	0
1265	0.0469	32	10	1	0	0	1
773	0.0467	10	10	0	0	0	0
2842	0.046	29	10	0	0	0	0
5010	0.0455	11	18	0	0	0	0
5836	0.0455	12	11	0	1	1	1
5184	0.0452	10	14	1	0	0	1
5530	0.0451	6	16	0	0	1	1
3235	0.0449	26	10	0	1	1	0
5596	0.0444	15	15	0	1	1	1
4890	0.0444	11	15	0	1	1	0
1518	0.0444	5	18	1	1	1	1
5114	0.0441	12	17	1	1	1	1
5859	0.0441	87	10	0	1	1	1
2967	0.0437	16	10	0	1	1	1
2420	0.0433	7	11	0	0	0	1
5659	0.0432	16	14	1	1	1	0
464	0.0428	24	12	0	0	1	1
939	0.0427	9	13	0	0	0	1
5709	0.0427	6	13	1	1	1	1
302	0.0424	23	14	0	0	1	0
4554	0.0423	9	14	1	0	0	1
4649	0.0421	54	11	0	1	1	1
4574	0.0417	8	16	0	0	0	1
4868	0.0417	26	12	0	1	1	0
5504	0.0417	16	12	0	0	0	1
5834	0.0417	8	11	1	1	1	1
1619	0.0405	56	10	0	0	1	1
2972	0.0404	12	11	0	1	0	1
5329	0.0403	24	10	0	0	0	1
349	0.0403	9	23	0	0	1	0
995	0.04	5	20	1	0	0	0
1079	0.04	50	10	0	0	1	1
1315	0.04	5	15	1	0	0	1
5497	0.0398	16	11	0	0	1	1
4679	0.0395	9	15	0	1	1	1
1517	0.0392	6	17	0	0	0	0
220	0.0391	16	16	0	0	1	0
5697	0.039	14	11	0	1	1	1
563	0.0389	5	12	1	1	0	1
5688	0.0387	7	16	1	1	1	0
471	0.0385	6	13	0	0	0	0
3187	0.0381	5	21	1	1	0	1
822	0.0378	14	17	0	0	0	1
5752	0.0376	17	12	0	1	0	0
671	0.037	9	13	0	0	0	0
5492	0.037	9	11	0	1	1	1
305	0.0364	22	15	0	0	1	0
5171	0.0363	13	12	0	0	0	1
5529	0.0357	14	16	0	1	1	0
468	0.0357	23	13	0	0	1	0
5710	0.0353	8	13	0	1	1	1
959	0.0352	16	16	0	0	0	1
5032	0.0349	10	21	0	1	1	1
2848	0.0348	20	11	0	0	0	0
3648	0.0348	5	23	1	1	1	0
263	0.0347	6	24	1	0	1	1
2977	0.0347	8	12	1	1	1	1
655	0.0346	7	11	0	0	0	1
803	0.0345	20	14	0	0	1	1
2175	0.0344	7	18	0	1	1	1
330	0.0341	17	19	0	0	1	0
3606	0.034	6	18	0	1	1	0
4645	0.0338	65	10	0	1	1	1
244	0.0333	14	20	0	0	1	0
5740	0.0333	8	15	1	1	1	0
5771	0.0333	10	13	0	1	0	1
4010	0.0333	31	10	1	0	0	1
5657	0.033	14	13	0	1	1	1
4414	0.0329	27	12	0	1	1	0
5620	0.0327	6	17	1	1	1	1
2427	0.0324	6	12	1	1	1	0
5254	0.0323	15	11	0	1	1	1
3692	0.0323	32	10	0	0	0	1
1956	0.0319	24	10	0	0	0	1
934	0.0312	23	13	0	0	1	1
3530	0.0306	86	10	0	1	1	1
345	0.0303	13	22	0	0	1	0
5862	0.0303	8	11	1	1	1	1
5863	0.0303	5	11	1	1	1	1
768	0.0302	32	10	0	0	1	0
1873	0.03	5	20	1	1	1	1
5645	0.0295	16	12	0	1	0	0
4333	0.0294	12	17	0	1	0	1
4459	0.0288	13	16	0	1	1	0
5782	0.0287	50	10	0	1	1	1
231	0.0284	15	18	0	0	1	0
2390	0.0282	8	31	0	1	0	1
3536	0.0281	28	11	0	1	0	0
4482	0.0281	5	19	1	1	1	0
1470	0.0279	23	13	0	0	0	1
930	0.0278	30	12	0	0	0	1
5468	0.0278	6	18	1	1	1	1
5046	0.0278	5	24	1	1	1	0
5754	0.0278	7	12	1	1	0	1
2421	0.0276	45	11	0	0	0	1
5742	0.0275	17	10	0	1	0	1
820	0.0274	19	16	0	0	1	1
4529	0.0273	30	11	0	1	0	0
5034	0.0269	9	22	0	1	1	0
484	0.0267	5	15	1	0	0	0
318	0.0265	20	17	0	0	1	0
3528	0.0264	29	10	0	1	1	0
5554	0.0259	5	18	1	0	1	1
5827	0.0259	18	10	0	1	0	1
5642	0.0255	19	11	0	1	1	1
4147	0.0253	60	11	0	1	0	1
957	0.0253	22	15	0	0	1	1
5852	0.0253	11	12	1	1	1	0
3886	0.0252	57	13	0	1	1	1
344	0.0248	16	21	0	0	1	0
481	0.0243	21	15	1	0	1	0
5562	0.0242	33	10	0	1	1	1
5792	0.0242	10	11	0	1	1	1
3896	0.0242	56	14	0	1	1	1
4159	0.024	59	12	0	1	1	1
5775	0.0238	7	14	1	1	0	0
3170	0.0238	7	18	1	0	0	1
4571	0.0237	15	15	0	1	0	1
5705	0.0236	20	12	0	1	1	1
259	0.0232	10	23	0	0	0	0
2690	0.023	9	29	0	1	0	1
4675	0.0224	17	14	0	1	1	0
3865	0.0223	68	11	0	0	0	1
5741	0.0222	24	10	1	1	0	0
4615	0.0222	5	21	1	1	0	1
5787	0.0222	24	10	0	1	1	1
2722	0.0219	18	11	0	0	0	1
3392	0.0218	64	11	0	0	1	1
4597	0.0216	6	18	0	0	0	1
672	0.0214	6	13	1	0	0	1
4293	0.0214	18	13	0	1	0	1
451	0.0213	119	10	0	0	0	0
5323	0.0212	6	21	1	1	1	0
5696	0.0211	23	11	0	1	1	1
4446	0.021	18	15	0	1	0	1
258	0.021	13	22	0	0	1	0
5868	0.021	13	11	1	1	1	0
3560	0.0209	27	13	0	1	0	0
223	0.0208	6	16	1	1	0	0
4321	0.0208	17	16	0	0	0	1
2459	0.0208	6	16	0	1	1	1
2859	0.0208	8	12	1	0	0	0
3150	0.0208	5	16	1	0	0	1
1465	0.0206	31	12	0	0	1	0
5556	0.0206	55	10	0	1	1	0
2839	0.0205	44	10	0	0	0	1
785	0.0204	30	12	0	0	1	1
3418	0.0201	26	14	0	0	0	1
2567	0.02	60	10	0	0	0	0
2869	0.0199	18	13	0	0	0	0
790	0.0198	7	12	1	1	1	1
3047	0.0198	11	23	1	1	0	1
5693	0.0198	27	10	0	1	1	1
5629	0.0197	66	10	0	0	0	0
4701	0.0196	7	17	1	1	1	0
2746	0.0196	17	14	0	1	1	1
3236	0.0194	24	10	1	1	1	1
3383	0.0193	45	10	0	0	0	1
1792	0.0193	45	10	0	1	1	0
3559	0.0192	16	13	0	1	1	1
3098	0.0191	16	12	0	0	0	1
5321	0.019	5	21	1	1	1	1
3417	0.019	15	14	0	0	0	1
3428	0.019	14	15	0	0	1	1
3570	0.019	15	14	0	1	1	0
4193	0.0189	11	16	0	1	1	0
5633	0.0188	23	10	0	0	0	0
4943	0.0187	112	10	0	0	0	1
3861	0.0187	80	10	0	1	1	1
459	0.0186	83	11	0	0	1	0
1628	0.0186	44	11	0	0	1	1
4398	0.0186	79	10	0	1	1	1
2386	0.0185	12	30	0	0	0	1
3438	0.0185	9	16	0	0	0	1
5486	0.0183	60	10	0	0	0	0
5246	0.0182	108	10	0	1	1	1
4270	0.0179	13	10	1	1	0	0
3087	0.0179	22	11	0	1	0	1
4555	0.0179	20	14	0	0	0	1
3580	0.0178	10	15	0	1	1	1
3154	0.0177	21	17	0	1	0	1
5490	0.0177	47	10	0	0	0	1
4279	0.0175	19	11	0	1	0	1
4281	0.0175	76	11	0	0	1	1
5303	0.0175	13	19	0	1	1	1
2028	0.0175	5	19	1	0	0	0
5491	0.0175	45	11	0	1	0	1
2577	0.0174	43	12	0	0	0	1
3878	0.0174	16	12	0	1	1	0
4274	0.0173	83	10	0	0	0	1
5348	0.0171	6	13	1	1	0	0
4152	0.017	16	11	0	1	1	1
3858	0.017	45	10	0	1	1	0
5744	0.017	102	10	0	0	0	1
3564	0.0169	24	14	0	1	1	0
5060	0.0168	9	11	1	1	0	1
3870	0.0168	18	11	0	1	1	1
5586	0.0168	52	13	0	1	1	1
197	0.0167	5	12	1	0	1	0
2716	0.0165	109	10	0	1	1	0
5566	0.0164	59	11	0	1	1	1
3422	0.0164	23	15	0	1	0	0
2370	0.0164	13	25	0	0	0	1
1451	0.0163	51	10	0	1	1	1
3889	0.0163	11	13	1	1	1	1
3699	0.0162	28	11	1	1	0	1
2931	0.016	10	25	0	0	1	1
3002	0.0159	7	15	1	0	1	1
5739	0.0159	7	15	1	1	1	1
5051	0.0158	80	10	0	1	1	1
458	0.0157	27	11	0	0	0	1
370	0.0156	95	11	0	0	0	1
4642	0.0156	62	10	0	1	1	0
2686	0.0156	13	28	0	0	0	1
296	0.0155	73	13	0	0	1	0
3396	0.0154	18	12	0	0	0	1
380	0.0154	74	12	0	0	1	0
288	0.0154	94	12	0	0	0	0
206	0.0153	87	13	0	0	0	0
5649	0.0153	58	12	0	1	0	1
1266	0.0153	24	10	0	0	0	0
5592	0.0152	50	14	0	1	1	1
189	0.0152	6	11	0	0	1	0
212	0.0152	66	14	0	0	1	0
2416	0.0152	110	10	0	1	1	1
2796	0.0152	12	22	1	1	1	1
1004	0.0152	6	22	1	0	1	0
5704	0.0149	54	12	0	1	1	1
4210	0.0148	5	18	1	1	1	0
2369	0.0148	15	24	0	0	0	0
2292	0.0147	39	14	0	0	0	1
2919	0.0147	13	21	0	0	1	0
5459	0.0146	10	16	0	0	1	1
5655	0.0145	53	13	0	1	1	1
278	0.0144	104	10	0	0	0	0
2087	0.0143	9	31	1	0	1	1
2949	0.0143	6	31	0	1	1	1
3160	0.0143	11	17	0	0	1	1
2266	0.0142	61	10	0	0	0	1
5527	0.0141	11	15	0	0	1	1
5593	0.0139	12	14	0	1	1	1
2775	0.0139	16	18	0	1	1	1
2899	0.0138	17	17	0	0	1	0
5500	0.0136	51	12	0	0	0	0
2363	0.0136	16	23	0	1	0	1
2075	0.0135	11	27	0	0	1	1
2666	0.0135	14	23	0	0	0	1
217	0.0133	10	15	0	1	0	0
3086	0.0133	130	10	0	0	0	1
5748	0.0132	55	11	0	1	1	1
192	0.013	93	11	0	0	0	0
5243	0.013	18	10	0	1	1	1
4139	0.0128	26	10	0	1	1	0
4027	0.0128	13	12	0	0	0	1
3391	0.0128	19	11	0	0	1	1
184	0.0125	8	10	0	0	1	0
5519	0.0124	48	14	0	1	0	0
3508	0.0123	5	27	1	1	0	0
2664	0.0123	16	22	0	0	0	0
5526	0.0123	47	15	0	1	1	1
1623	0.0123	68	10	0	0	1	0
463	0.0122	25	12	0	0	0	0
5699	0.0122	77	11	0	1	1	1
2566	0.0122	74	10	0	0	0	1
4142	0.012	36	10	0	1	1	1
2964	0.012	92	10	0	1	0	0
4855	0.0119	104	11	0	1	1	1
916	0.0119	61	11	0	0	1	1
2996	0.0119	8	14	0	1	1	1
948	0.0119	8	14	0	0	0	0
3088	0.0119	23	11	0	0	0	1
755	0.0119	5	45	1	0	1	1
1076	0.0118	62	10	0	0	1	1
4009	0.0118	31	10	0	0	0	1
4851	0.0117	111	10	0	1	1	1
4018	0.0117	26	11	0	0	1	1
1960	0.0116	89	10	0	0	0	1
2655	0.0115	18	21	0	1	0	1
5252	0.0112	89	11	0	1	1	1
3019	0.0112	7	17	1	1	0	1
1458	0.0112	46	11	0	0	1	0
186	0.0111	96	10	0	0	1	0
215	0.0111	20	15	0	0	0	0
377	0.0111	5	12	1	1	0	1
950	0.0111	8	15	0	0	0	1
5448	0.0111	12	15	0	1	0	1
5582	0.011	14	13	0	1	0	1
5446	0.011	13	14	0	1	1	1
5514	0.011	14	13	0	0	1	1
5516	0.011	13	14	0	1	0	1
3239	0.0109	64	10	0	1	1	1
553	0.0108	14	11	0	0	1	0
540	0.0108	5	37	1	0	0	0
644	0.0108	105	10	0	0	0	1
3258	0.0108	49	12	1	1	1	1
744	0.0107	8	39	0	0	1	0
4023	0.0107	13	12	0	0	0	1
735	0.0106	9	35	0	0	0	0
373	0.0106	21	12	0	1	1	0
3416	0.0106	9	14	0	0	0	0
2146	0.0105	36	15	0	0	0	1
648	0.0104	16	10	0	1	0	0
3439	0.0104	18	16	1	0	0	0
1684	0.0104	16	18	0	0	0	1
5874	0.0104	16	10	1	1	1	1
2572	0.0104	70	11	0	0	0	1
1845	0.0104	17	17	0	0	0	1
4276	0.0102	36	10	0	0	0	1
4046	0.0101	11	15	0	1	1	0
2112	0.0101	106	10	0	1	1	1
1997	0.01	23	16	0	0	0	1
2419	0.0099	64	11	0	0	0	1
5745	0.0098	37	11	0	1	0	1
5578	0.0098	17	12	0	1	1	1
5281	0.0098	50	15	0	1	1	1
5265	0.0097	58	13	0	1	1	1
455	0.0096	22	11	0	1	0	0
2288	0.0096	56	13	0	0	0	1
2275	0.0096	57	11	0	0	0	1
3537	0.0095	73	11	0	0	1	1
1621	0.0095	21	10	0	0	0	0
5870	0.0095	81	10	1	1	0	1
3693	0.0093	75	10	0	0	0	1
203	0.0093	11	13	0	0	1	0
3558	0.0093	11	13	0	1	0	1
5328	0.0093	93	10	0	0	0	0
2426	0.0093	63	12	0	1	1	1
2314	0.0091	32	16	0	0	0	0
4151	0.0091	20	11	1	1	0	1
449	0.009	26	10	0	0	0	0
913	0.0088	102	10	0	0	0	1
1964	0.0087	87	11	0	0	0	1
5858	0.0086	31	10	0	1	1	1
204	0.0085	6	13	1	1	0	1
567	0.0085	6	13	1	0	1	0
4664	0.0085	51	13	0	1	0	1
4178	0.0085	14	14	0	1	1	1
208	0.0085	14	14	0	1	0	0
2973	0.0084	90	11	0	0	1	0
2284	0.0084	33	12	1	0	0	0
2601	0.0084	34	14	0	0	0	0
364	0.0083	44	10	0	0	0	0
2952	0.0083	5	32	1	0	1	1
1528	0.0081	13	19	0	0	0	0
5453	0.0081	11	15	0	1	1	1
541	0.008	29	10	0	1	0	1
5579	0.0079	7	12	0	1	1	1
2262	0.0079	42	10	0	0	0	0
374	0.0079	7	12	0	1	0	1
1460	0.0079	14	12	0	1	1	1
2980	0.0078	57	12	0	1	1	1
3091	0.0077	63	11	0	1	1	1
4121	0.0077	5	26	1	0	1	1
292	0.0077	20	13	0	1	0	0
4148	0.0076	20	11	0	1	0	1
4166	0.0075	17	13	0	1	1	0
242	0.0075	7	19	1	0	0	1
5297	0.0075	47	17	0	1	1	1
5439	0.0073	14	13	0	1	0	1
5261	0.0073	88	12	0	1	1	1
5301	0.0072	46	18	0	1	1	1
5411	0.0071	98	10	0	1	1	1
5050	0.007	19	10	0	1	1	1
329	0.0069	8	18	1	0	0	0
3432	0.0069	6	16	1	0	0	0
5506	0.0069	16	12	0	0	0	1
5851	0.0069	12	12	1	1	1	1
1839	0.0069	21	16	0	1	1	1
4266	0.0069	5	29	1	1	1	1
1677	0.0069	20	17	0	0	1	1
384	0.0068	15	13	1	0	1	0
3397	0.0068	53	12	0	0	0	0
4670	0.0068	7	14	1	1	1	0
2143	0.0067	53	14	0	1	1	0
506	0.0067	11	18	0	0	0	0
1092	0.0067	9	11	0	0	1	0
4764	0.0067	62	12	0	0	0	1
2131	0.0067	54	12	0	1	1	1
4509	0.0067	6	25	1	1	1	1
2498	0.0067	5	20	1	1	1	1
1700	0.0067	5	20	1	0	1	1
3010	0.0066	44	16	0	1	1	1
3548	0.0066	55	12	0	1	1	1
3405	0.0065	51	13	0	0	1	1
3705	0.0065	56	11	0	1	1	1
3133	0.0065	48	15	0	1	1	1
1116	0.0064	32	13	1	0	0	0
3552	0.0064	44	13	0	0	0	1
3015	0.0064	37	17	0	0	0	1
253	0.0063	10	21	0	0	0	0
1664	0.0063	7	15	0	0	1	1
653	0.0063	72	11	0	0	0	0
221	0.0063	43	16	0	0	0	0
1979	0.0063	41	13	0	0	1	1
495	0.0063	10	16	1	0	0	0
3037	0.0063	32	20	0	1	1	1
3411	0.0062	42	14	0	0	0	1
232	0.0062	6	18	1	0	1	0
236	0.0062	6	18	1	0	0	0
290	0.0062	9	12	1	0	0	0
1288	0.0062	36	12	0	0	0	0
3605	0.0062	6	18	0	1	1	1
3710	0.0062	45	12	0	0	0	0
1993	0.0061	40	15	0	0	1	1
3140	0.0061	41	16	0	0	0	1
371	0.0061	20	11	0	0	0	0
307	0.0061	44	15	0	0	0	0
3586	0.006	38	16	0	1	1	1
5522	0.006	12	14	0	1	0	1
2276	0.0059	41	11	0	0	0	1
213	0.0059	49	15	0	0	0	0
3176	0.0058	36	19	0	1	1	1
1863	0.0058	6	19	1	0	1	1
3445	0.0058	37	17	0	0	1	1
4111	0.0058	10	23	0	1	0	1
5570	0.0058	21	11	0	1	0	1
469	0.0058	49	13	0	0	0	0
4253	0.0057	7	25	0	1	1	1
5338	0.0057	91	11	0	1	0	1
3576	0.0056	8	15	0	0	1	1
4500	0.0054	8	23	0	1	1	1
1088	0.0053	34	11	0	0	0	0
5498	0.0053	17	11	0	1	1	1
5828	0.0053	25	10	0	0	1	1
199	0.0053	21	12	0	1	0	0
942	0.0053	9	14	0	0	1	1
298	0.0052	50	14	0	0	0	0
282	0.0052	29	11	0	0	0	0
2244	0.0052	6	32	1	1	1	1
460	0.0052	16	12	0	0	1	0
5824	0.0051	5	13	1	1	1	0
190	0.0051	24	11	0	0	0	0
276	0.0051	33	10	0	0	0	0
382	0.005	51	13	0	0	0	0
