parent	child
0	4174
0	2127
0	2128
0	2129
0	4179
0	4180
0	4181
0	4187
0	2146
0	183
0	184
0	186
0	189
0	200
0	201
0	203
0	4312
0	4313
0	4314
0	4316
0	2276
0	2277
0	2278
0	2280
0	2290
0	302
0	305
0	306
0	307
0	311
0	313
0	4436
0	4437
0	4438
0	4439
0	4440
0	2418
0	2419
0	2421
0	2422
0	2423
0	2424
0	421
0	423
0	440
0	4549
0	4550
0	4551
0	4552
0	4553
0	4556
0	4557
0	4175
0	4176
0	2131
0	3498
0	2562
0	2563
0	2564
0	2565
0	3500
0	536
0	537
0	3503
0	550
0	551
0	558
0	4662
0	4664
0	4665
0	4667
0	4670
0	4676
0	602
0	647
0	651
0	2700
0	2701
0	2702
0	2703
0	2704
0	658
0	2710
0	4775
0	4776
0	4778
0	4779
0	4792
0	712
0	764
0	766
0	767
0	768
0	4880
0	4883
0	4885
0	4886
0	2848
0	2849
0	2850
0	2851
0	2852
0	2853
0	2860
0	838
0	842
0	890
0	4988
0	893
0	894
0	895
0	896
0	4995
0	901
0	5000
0	3011
0	3012
0	3014
0	3015
0	3016
0	3017
0	5088
0	5089
0	5090
0	5092
0	5093
0	1023
0	1024
0	1025
0	1026
0	1028
0	5186
0	5188
0	5189
0	5190
0	5191
0	5193
0	3169
0	3170
0	3171
0	3172
0	1166
0	1168
0	1169
0	1170
0	5272
0	5273
0	5275
0	5276
0	5277
0	5284
0	1246
0	4987
0	5670
0	5672
0	4990
0	5368
0	5369
0	5371
0	5372
0	5373
0	3332
0	3333
0	3335
0	3336
0	3338
0	3355
0	1310
0	1312
0	1315
0	1316
0	1317
0	1325
0	5447
0	5449
0	5450
0	5451
0	5453
0	5454
0	5461
0	5523
0	5524
0	5525
0	5526
0	5527
0	5529
0	3493
0	3495
0	1452
0	1453
0	1454
0	1455
0	3504
0	1462
0	5595
0	5601
0	5602
0	5603
0	5604
0	5608
0	5615
0	5619
0	5665
0	5666
0	5667
0	5668
0	5671
0	1576
0	1577
0	1579
0	1580
0	3643
0	3644
0	3645
0	3646
0	3647
0	5735
0	5736
0	5737
0	5738
0	5739
0	5740
0	5741
0	5749
0	1702
0	5799
0	5800
0	1705
0	1706
0	5803
0	5805
0	3781
0	3783
0	3784
0	3785
0	3787
0	5845
0	5846
0	5847
0	5848
0	5849
0	5852
0	5853
0	5855
0	5863
0	5878
0	5880
0	5882
0	5883
0	5884
0	5891
0	5896
0	5897
0	5900
0	5901
0	5902
0	1849
0	1850
0	1852
0	1854
0	3918
0	3919
0	3920
0	3923
0	3924
0	3930
0	3937
0	1986
0	1987
0	1988
0	1989
0	4048
0	4050
0	4052
0	1703
0	1704
0	5801
0	5802
183	194
186	217
194	209
201	262
201	216
203	205
209	225
216	249
216	223
217	228
223	300
223	236
225	238
249	252
252	275
275	279
279	301
307	326
311	317
311	319
313	382
317	327
423	425
423	427
423	494
423	439
425	434
439	448
440	455
536	539
539	556
550	560
647	663
651	673
651	669
658	676
673	693
712	717
717	723
764	774
766	779
767	776
767	811
774	790
779	796
790	810
810	815
815	822
893	903
894	953
894	924
895	897
896	914
897	920
897	907
901	929
903	925
924	935
925	927
927	936
929	940
935	984
936	943
943	975
975	983
983	1014
1023	1041
1023	1030
1025	1031
1028	1035
1030	1040
1031	1049
1035	1045
1040	1081
1041	1080
1045	1047
1047	1061
1049	1063
1061	1066
1063	1076
1066	1089
1081	1104
1089	1101
1101	1106
1104	1160
1106	1147
1147	1152
1160	1165
1168	1176
1169	1180
1170	1173
1173	1203
1180	1184
1184	1197
1197	1207
1207	1230
1230	1243
1243	1250
1250	1286
1286	1294
1294	1298
1310	1329
1312	1355
1312	1361
1315	1326
1316	1322
1317	1328
1322	1336
1336	1347
1347	1371
1361	1385
1371	1382
1382	1388
1452	1470
1454	1461
1454	1479
1462	1472
1462	1478
1470	1484
1478	1488
1478	1491
1479	1489
1488	1506
1489	1507
1577	1585
1577	1583
1579	1584
1583	1606
1584	1586
1585	1587
1587	1596
1587	1599
1596	1616
1599	1617
1606	1621
1616	1624
1621	1627
1627	1688
1627	1664
1664	1674
1674	1681
1702	1719
1706	1708
1708	1723
1708	1718
1718	1740
1719	1848
1723	1731
1731	1741
1740	1749
1849	1855
1850	1858
1850	1861
1852	1876
1854	1860
1860	1867
1867	1883
1876	1887
1883	1891
1887	1893
1891	1928
1928	1938
1938	1944
1944	1975
1975	1976
1976	1985
1987	2002
1989	1994
1994	1999
1999	2009
2009	2018
2018	2055
2018	2029
2127	2132
2129	2136
2132	2141
2136	2142
2136	2159
2141	2150
2142	2178
2146	2207
2150	2168
2159	2172
2178	2192
2276	2282
2277	2286
2280	2288
2286	2294
2288	2299
2294	2346
2294	2309
2299	2318
2309	2323
2318	2355
2318	2332
2323	2334
2332	2343
2346	2357
2355	2372
2357	2363
2421	2434
2422	2428
2423	2432
2428	2475
2428	2431
2431	2441
2432	2450
2434	2445
2441	2453
2445	2457
2450	2488
2450	2464
2464	2478
2475	2489
2488	2509
2489	2496
2496	2504
2562	2571
2563	2569
2564	2570
2564	2566
2565	2568
2566	2577
2569	2580
2570	2585
2577	2584
2580	2590
2584	2587
2587	2595
2595	2604
2604	2609
2609	2644
2644	2661
2661	2674
2700	2712
2704	2721
2710	2717
2712	2720
2720	2732
2721	2746
2732	2756
2746	2758
2756	2778
2758	2765
2778	2786
2786	2817
2817	2820
2848	2866
2849	2858
2850	2859
2852	2865
2860	2985
2866	2890
2890	2900
2900	2910
2910	2924
2924	2990
3015	3019
3016	3018
3017	3033
3018	3029
3019	3043
3029	3038
3038	3044
3043	3055
3044	3093
3055	3066
3066	3082
3169	3175
3169	3179
3172	3178
3175	3197
3333	3356
3335	3339
3336	3345
3338	3347
3345	3354
3354	3363
3355	3365
3363	3391
3391	3403
3403	3453
3453	3456
3493	3502
3495	3506
3498	3505
3502	3551
3503	3516
3551	3566
3643	3691
3644	3712
3644	3654
3647	3652
3652	3680
3654	3682
3691	3702
3712	3733
3783	3789
3784	3810
3784	3791
3810	3823
3920	3947
3920	3927
3923	3935
3924	3934
3934	4005
3934	3951
3935	3961
3937	3949
3947	3958
3949	3990
3949	3964
3961	4007
3964	3968
3990	3994
4005	4036
4007	4011
4036	4039
4048	4055
4052	4060
4055	4066
4055	4068
4066	4113
4068	4088
4068	4076
4076	4080
4080	4130
4130	4148
4130	4134
4174	4200
4179	4182
4182	4223
4200	4256
4223	4253
4253	4292
4292	4296
4312	4317
4313	4327
4314	4319
4316	4321
4319	4359
4327	4381
4359	4365
4381	4385
4436	4452
4438	4442
4439	4443
4440	4455
4443	4489
4452	4472
4472	4475
4475	4488
4488	4504
4489	4496
4489	4493
4493	4527
4549	4561
4553	4569
4557	4559
4559	4579
4579	4583
4579	4594
4583	4589
4662	4687
4665	4696
4667	4675
4670	4679
4675	4690
4687	4693
4776	4786
4786	4811
4811	4816
4811	4812
4811	4813
4812	4822
4813	4821
4822	4848
4880	4888
4883	4889
4886	4892
4889	4899
4987	4997
4988	4996
4996	5011
4997	5014
5000	5003
5014	5054
5054	5063
5090	5104
5092	5178
5093	5097
5189	5202
5191	5199
5199	5215
5202	5206
5215	5219
5219	5232
5232	5234
5272	5314
5272	5307
5273	5303
5275	5329
5276	5281
5276	5360
5276	5304
5281	5296
5296	5299
5299	5316
5303	5309
5303	5342
5307	5315
5314	5327
5316	5321
5368	5387
5369	5394
5371	5383
5372	5375
5373	5382
5387	5423
5423	5438
5438	5446
5450	5459
5451	5456
5451	5458
5454	5485
5456	5473
5459	5496
5496	5507
5507	5521
5527	5535
5529	5537
5529	5534
5534	5549
5549	5552
5595	5618
5601	5622
5602	5633
5603	5616
5604	5610
5615	5620
5618	5630
5619	5640
5640	5656
5666	5674
5667	5711
5667	5690
5668	5680
5670	5687
5671	5678
5672	5691
5672	5676
5674	5689
5674	5725
5680	5697
5689	5730
5691	5724
5697	5726
5711	5733
5735	5750
5736	5743
5737	5761
5738	5751
5739	5758
5741	5747
5747	5781
5758	5790
5799	5812
5801	5811
5802	5816
5802	5840
5803	5829
5805	5817
5812	5837
5816	5819
5817	5822
5822	5842
5848	5857
5852	5860
5853	5854
5854	5868
5854	5877
5855	5874
5857	5871
5863	5873
5878	5893
5878	5894
5880	5890
5883	5889
5884	5886
